
0.00117
0.001016
0.000976
0.001185
0.000893
0.000926
0.001122
0.000939
0.001014
0.000998
0.001065
0.000955
0.000952
0.00099
0.000932
0.001061
0.000821
0.000851
0.001183
0.00084
0.000868
0.000888
0.000912
0.001694
0.000913
0.000958
0.00084
0.000908
0.000963
0.000942
0.000975
0.000858
0.000892
0.001002
0.000995
0.001078
0.000954
0.000911
0.000729
0.000855
0.001155
0.00138
0.000882
0.000948
0.000844
0.000893
0.000826
0.000946
0.001067
0.000909
0.001116
0.000959
0.001068
0.000979
0.001071
0.001074
0.00111
0.001109
0.00096
0.001022
0.001338
0.001151
0.001136
0.001006
0.001106
0.001043
0.000898
0.001176
0.00134
0.001018
0.001073
0.001112
0.001245
0.001127
0.000997
0.001033
0.000855
0.001142
0.000891
0.000979
0.000947
0.000943
0.000934
0.001003
0.000932
0.000871
0.001218
0.001007
0.000893
0.001029
0.00083
0.001054
0.000846
0.001003
0.00079
0.001162
0.001083
0.000968
0.000916
0.001122
0.001031
0.00098
0.000818
0.000993
0.000968
0.000791
0.001133
0.000768
0.001027
0.001037
0.00092
0.000997
0.001002
0.000998
0.001093
0.001112
0.000976
0.000926
0.000901
0.000851
0.000899
0.001
0.00082
0.000946
0.000898
0.001147
0.001131
0.0009
0.000871
0.001114
0.001037
0.001046
0.000887
0.000918
0.000812
0.001081
0.000898
0.000828
0.000865
0.001081
0.000894
0.000906
0.001124
0.001247
0.001051
0.001099
0.000756
0.001089
0.000981
0.003074
0.001001
0.00099
0.000848
0.000917
0.001069
0.00099
0.001053
0.000993
0.000949
0.000872
0.001193
0.000921
0.001057
0.000819
0.001143
0.000855
0.000908
0.001001
0.001177
0.00088
0.00095
0.000826
0.001001
0.00099
0.001059
0.000892
0.001259
0.000838
0.000976
0.000894
0.001183
0.001064
0.001316
0.00097
0.001069
0.001011
0.000808
0.000921
0.000951
0.000977
0.000985
0.000954
0.000965
0.000816
0.00121
0.000963
0.001215
0.001108
0.001064
0.001275
0.000922
0.00082
0.000894
0.001052
0.001018
0.001172
0.001072
0.001438
0.00093
0.001018
0.000984
0.000957
0.000839
0.001151
0.00113
0.001031
0.001411
0.001119
0.00082
0.001023
0.000835
0.000884
0.000897
0.000824
0.001243
0.001033
0.001174
0.00097
0.000987
0.001021
0.000874
0.000875
0.001064
0.001181
0.000917
0.000744
0.000971
0.000945
0.000786
0.001198
0.001006
0.001008
0.001227
0.000896
0.000963
0.000896
0.00105
0.000927
0.000851
0.001087
0.000901
0.00099
0.000962
0.000859
0.001003
0.000861
0.000875
0.001078
0.001145
0.00102
0.000902
0.000993
0.001056
0.000814
0.001025
0.00101
0.00101
0.000942
0.001085
0.000777
0.000964
0.001124
0.000955
0.000818
0.001138
0.001035
0.000945
0.001034
0.000874
0.001153
0.000961
0.001288
0.00086
0.000844
0.000969
0.001177
0.000885
0.001042
0.000985
0.000982
0.000875
0.000938
0.000934
0.001146
0.00093
0.001008
0.00088
0.001059
0.000975
0.000824
0.000878
0.001024
0.000985
0.002485
0.000931
0.000918
0.001104
0.001011
0.001109
0.00106
0.000949
0.001192
0.001025
0.000962
0.000942
0.001122
0.001121
0.001188
0.000978
0.000883
0.0009
0.000991
0.000934
0.001199
0.001041
0.000951
0.001
0.000892
0.000866
0.000864
0.000982
0.001118
0.000907
0.001006
0.001113
0.000953
0.000983
0.001127
0.00091
0.000843
0.000889
0.000916
0.001027
0.001182
0.001209
0.000949
0.001015
0.001054
0.00093
0.00083
0.001179
0.001044
0.000979
0.000842
0.000881
0.000845
0.000992
0.001243
0.001131
0.001072
0.000955
0.000912
0.001054
0.000971
0.000942
0.000907
0.001198
0.000985
0.000957
0.001083
0.000892
0.000967
0.001006
0.001137
0.001154
0.000986
0.001075
0.00119
0.001139
0.000989
0.000985
0.001178
0.001056
0.000909
0.000781
0.001009
0.001006
0.000874
0.00109
0.000954
0.000872
0.000922
0.000913
0.001174
0.001067
0.001182
0.001163
0.000986
0.001035
0.001008
0.00095
0.001175
0.000864
0.000892
0.000954
0.00091
0.001223