
0.011855
0.013496
0.018133
0.015736
0.008622
0.006039
0.019618
0.011502
0.004786
0.012889
0.009829
0.005025
0.006117
0.015273
0.01141
0.007547
0.00367
0.007278
0.006017
0.004424
0.016448
0.006148
0.005681
0.00945
0.005059
0.005373
0.005364
0.009017
0.007152
0.005985
0.005368
0.005011
0.005091
0.005535
0.014198
0.013034
0.01778
0.003473
0.00503
0.006031
0.006166
0.008192
0.005619
0.005113
0.012523
0.006285
0.006254
0.011107
0.019528
0.010824
0.007028
0.006137
0.009092
0.006486
0.009858
0.010818
0.005448
0.013041
0.005331
0.011866
0.005163
0.005533
0.012026
0.004681
0.017334
0.006469
0.008592
0.007527
0.006308
0.006275
0.006617
0.00647
0.006601
0.006994
0.005817
0.006389
0.006573
0.006471
0.005776
0.004931
0.005065
0.004849
0.00639
0.010913
0.00956
0.005858
0.011746
0.009929
0.007711
0.009654
0.005294
0.010237
0.004888
0.005729
0.00719
0.006621
0.011962
0.006428
0.010915
0.006254
0.011454
0.005673
0.006064
0.006908
0.006623
0.005214
0.01131
0.006736
0.006816
0.014643
0.004895
0.010538
0.006826
0.006448
0.005401
0.006983
0.010336
0.005358
0.005015
0.004801
0.00697
0.005955
0.010355
0.00636
0.005037
0.008855
0.004652
0.007799
0.004913
0.0188
0.008752
0.011797
0.005541
0.007225
0.004519
0.005286
0.004407
0.006004
0.011178
0.00568
0.009716
0.006288
0.008894
0.012544
0.010551
0.006284
0.00597
0.006329
0.011685
0.006272
0.009079
0.004986
0.00563
0.00413
0.005832
0.015909
0.012042
0.015435
0.005292
0.010657
0.005786
0.005484
0.004678
0.004304
0.01093
0.006046
0.012044
0.00818
0.010042
0.00682
0.004476
0.009027
0.005518
0.006425
0.005624
0.005791
0.017359
0.005819
0.005511
0.008775
0.010067
0.006092
0.012456
0.008698
0.004372
0.006228
0.00532
0.01057
0.005664
0.010671
0.019497
0.006152
0.007015
0.0116
0.01384
0.011777
0.014357
0.005752
0.005766
0.011145
0.011491
0.010438
0.014584
0.005203
0.014364
0.006067
0.016901
0.007806
0.011577
0.016656
0.011024
0.012119
0.004201
0.01242
0.005967
0.005167
0.010971
0.005943
0.011096
0.005685
0.005043
0.005745
0.011165
0.00551
0.011608
0.011912
0.006007
0.017393
0.015412
0.006974
0.013612
0.005822
0.005792
0.012499
0.004174
0.0053
0.00441
0.004936
0.005783
0.018855
0.004185
0.010726
0.007903
0.005375
0.005268
0.013691
0.011998
0.005143
0.00516
0.008523
0.005203
0.011827
0.004832
0.00534
0.005231
0.00486
0.011131
0.00411
0.005008
0.006081
0.004663
0.004474
0.004811
0.005952
0.010251
0.005193
0.007192
0.004575
0.010824
0.004542
0.015388
0.005213
0.010299
0.004494
0.007623
0.004952
0.006252
0.009778
0.010558
0.016819
0.012034
0.019227
0.007027
0.004342
0.004516
0.005653
0.006232
0.004225
0.017056
0.012278
0.009416
0.005331
0.010886
0.004196
0.004741
0.005941
0.004953
0.004924
0.013744
0.003721
0.009472
0.013206
0.016169
0.006533
0.005054
0.008506
0.012106
0.005821
0.012362
0.008513
0.005803
0.014345
0.010648
0.009846
0.004835
0.003968
0.005321
0.011258
0.011543
0.004869
0.009548
0.009643
0.010799
0.015834
0.008764
0.009635
0.005682
0.005105
0.005508
0.006308
0.0133
0.006733
0.00848
0.003479
0.00673
0.015057
0.004216
0.011987
0.005542
0.004605
0.006042
0.009179
0.005508
0.017742
0.00607
0.005516
0.009632
0.009221
0.005477
0.006914
0.004071
0.005741
0.005758
0.007923
0.006189
0.002836
0.004724
0.016015
0.00511
0.007996
0.008639
0.005475
0.013743
0.005641
0.008351
0.007166
0.018881
0.002778
0.008356
0.023169
0.006669
0.005474
0.00586
0.004704
0.010136
0.004284
0.004813
0.012115
0.005734
0.006223
0.005301
0.007576
0.007209
0.010143
0.002263
0.008194
0.01411
0.012017
0.002601
0.007474
0.005704
0.006729
0.012719
0.007337
0.00779
0.00616
0.004324
0.002266
0.007775
0.005555
0.014532
0.007964
0.001774
0.005364
0.016759
0.006286
0.006883