
0.0282843
0.060498
0.060498
0.126498
0.0837667
0.116767
0.106148
0.139148
0.139148
0.0385196
0.0229701
0.00927302
0.00927302
0.0340322
0.144458
0.15045
0.166283
0.166283
0.193564
0.2224
0.171615
0.159638
0.159638
0.188292
0.188292
0.218178
0.165662
0.0672305
0.0770368
0.062238
0.188282
0.249363
0.24952
0.24991
0
0
8.52922e-05
5.21019e-07
0.000213228
0.000255874
0.000255874
0.000255874
8.53096e-05
8.53096e-05
0.000255865
0.000554364
0.000639646
0.00102321
0.00119352
0.00132093
0.00132093
0.000383717
0.000383717
0.000383717
0.000974266
0.0010157
0.00114019
0.00118084
0.00118084
0.00141678
0.00134006
0.00134006
0.0013025
0.0015141
0.0015141
0.00158642
0.00158642
0.00630303
0.0218278
0.0477823
0.0476988
2.77556e-17
4.26462e-05
0.0145421
0.0145421
0.0145421
0.0145421
0.113496
0.124191
0.145539
0.155807
0.155509
0.157553
0.157553
0.157553
0.0797098
0.0814083
0.0615088
0.061735
0.0553247
0.0666478
0.0778861
0.0778861
0.0795974
0.0795974
0.00555926
0.0086176
0.0167797
0.143694
0.120561
0.130573
0.129547
0.129547
0.139764
0.139764
0.0107497
0.0107497
0.0311989
0.0118418
0.0209347
0.054508
0.00991446
0.0106387
0.0106387
0.0192184
0.00887255
0.00887255
0.0292737
0.0426213
0.0176603
0.00694839
0.00771006
0.00764343
0.0279926
0.0165634
0.0148592
0.0422311
0.0186298
0.0394775
0.027845
0.0249489
0.00752376
0.0154592
0.00778849
0.00763695
0.017398
0.0660001
0.00588102
0.0055414
0.0361873
0.0404177
0.0650169
0.0324631
0.066
0.0377646
0.0130491
0.0334457
0.0169893
0.028696
0.028696
0.0367969
0.0244258
0.0326181
0.0326181
0.0285077
0.0285077
0.0125648
0.0125648
0.0320436
0.00732181
0.0339863
0.0471216
0.0176624
0.0255009
0.00762493
0.0190873
0.00957285
0.00667323
0.00667323
0.0407333
0.0236429
0.0111852
0.0191424
0.0191424
0.0221505
0.0660002
0.00346463
0.0358108
0.00721034
0.0267652
0.0145129
0.0052684
0.010782
0.0406012
0.0215769
0.0040952
0.0170943
0.00521784
0.00984846
0.0660005
0.0104251
0.00378582
0.00591885
0.00453055
0.00453055
0.00884589
0.00757851
0.0735933
0.0553689
0.042768
0.0247071
0.0247071
0.0247071