
3e-06
1e-06
1e-06
1e-06
1e-06
1e-06
1e-06
1e-06
2e-06
1e-06
1e-06
1e-06
1e-06
1e-06
1e-06
1e-06
2e-06
1e-06
1e-06
1e-06
1e-06
1e-06
1e-06
1e-06
1e-06
1e-06
1e-06
1e-06
1e-06
1e-06
1e-06
1e-06
3e-06
1e-06
1e-06
0
1e-06
1e-06
1e-06
0
1e-06
1e-06
1e-06
1e-06
1e-06
0
1e-06
1e-06
1e-06
1e-06
0
1e-06
1e-06
1e-06
1e-06
2e-06
1e-06
1e-06
1e-06
1e-06
2e-06
2e-06
2e-06
2e-06
9.6e-05
1e-06
1e-06
2e-06
1e-06
1e-06
1e-06
1e-06
1e-06
1e-06
1e-06
0.020285
0.017221
0.057814
0.018195
0.016104
0.018745
0.018614
0.017836
0.015394
0.01629
0.014949
0.051038
0.017985
0.015583
1e-06
2e-06
1e-06
2e-06
1e-06
1e-06
1e-06
2e-06
1e-06
2e-06
2e-06
2e-06
1e-06
1e-06
2e-06
2e-06
1e-06
2e-06
1e-06
1e-06
2e-06
2e-06
0.015231
0.013907
0.013773
0.053167
0.053574
0.013858
0.015229
0.01321
0.013248
0.012834
0.012698
0.012838
0.013055
0.015476
0.054613
0.053639
2e-06
3e-06
1e-06
2e-06
1e-06
1e-06
1e-06
1e-06
1e-06
2e-06
1e-06
1e-06
2e-06
1e-06
2e-06
1e-06
1e-06
4e-06
1e-06
2e-06
0.054701
2e-06
2e-06
1e-06
2e-06
1e-06
2e-06
1e-06
1e-06
2e-06
2e-06
1e-06
2e-06
2e-06
2e-06
2e-06
1e-06
1e-06
2e-06
1e-06
1e-06
1e-06
2e-06
1e-06
1e-06
2e-06
2e-06
2e-06
2e-06
1e-06
2e-06
1e-06
2e-06
2e-06
2e-06
1e-06
2e-06
2e-06
2e-06
1e-06
2e-06
1e-06
0.016171
0.016768
0.018579
0.020271
0.019942
0.058965
0.019633
0.021981
0.064927
0.025908
0.06219
0.023018
0.023314
0.024923
0.062391
0.0247
0.024519
0.060571
0.021491
0.020143
0.022124
0.020962
0.021354
0.021646
0.01982
0.060708
0.02111
0.018349
0.056025
0.018829
0.056677
0.020336
0.020126
0.019952
0.018975
0.05542
0.055765
0.018563
0.018684
0.019864
0.022458
0.022453
0.020797
0.058437
0.057468
0.019427
1e-06
1e-06
1e-06
0.017924
0.055573
0.020198
0.020517
0.058408
0.020688
0.020516
0.02081
0.020512
0.019537
0.019832
0.016756
0.016592
1e-06
0.016551
1e-06
1e-06
1e-06
0.014223
0.052977
0.015339
0.014653
0.021236
0.017377
0.052848
1e-06
1e-06
1e-06
2e-06
1e-06
1e-06
1e-06
1e-06
2e-06
1e-06
1e-06
1e-06
2e-06
2e-06
1e-06
1e-06
1e-06
1e-06
1e-06
2e-06
1e-06
2e-06
2e-06
1e-06
1e-06
2e-06
1e-06
1e-06
1e-06
1e-06
1e-06
1e-06
1e-06
1e-06
1e-06
2e-06
1e-06
1e-06
1e-06
0.017591
0.05464
0.017748
0.018091
0.05407
0.017993
0.01857
0.019826
0.018168
0.018476
0.020828
0.020754
0.019948
0.057694
0.018751
0.056673
0.020046
0.020171
0.019171
0.019568
0.019065
0.06085
0.019427
0.019399
0.01898
0.019098
0.018075
0.016002
0.015571
0.015649
0.016199
0.054322
0.053545
0.016898
0.018953
0.055837
0.017192
0.01529
0.014916
0.015928
0.01355
0.013715
0.053136
0.012265
0.012058
0.053027
0.014794
0.014391
0.051518
0.053763
0.014039
0.012305
0.012594
0.013684
0.013787
0.013443
0.015211
0.053047
0.014804
0.015806
0.015874
0.015464
0.016149
0.017703
0.053689
0.021085
0.020671
0.020689
0.023382
0.023026
0.022617
0.021008
0.019896
0.020193
0.019605
0.055928
0.020655
0.014249
0.015048
0.054626
0.053897
0.015912
0.016622
0.016757
0.01696
0.012404
0.015248
0.019894
0.016524
0.016869
0.018956
0.02091
0.018572
0.054207
0.055586
0.017462
0.055425
0.017356
0.017021
0.052783
0.015412
0.015441
0.015951
0.016444
0.016511