
0.017523
0.017245
0.021903
0.021732
0.010867
0.008004
0.025575
0.014972
0.007152
0.016323
0.014924
0.007382
0.008776
0.019637
0.016484
0.010039
0.005659
0.010306
0.008159
0.00646
0.020031
0.008441
0.00732
0.012336
0.006809
0.007626
0.007652
0.0117
0.009266
0.008455
0.007321
0.007293
0.007442
0.007365
0.017684
0.017496
0.023524
0.005242
0.006717
0.007568
0.008472
0.010553
0.007988
0.007364
0.016207
0.008812
0.008331
0.014318
0.025085
0.01389
0.009492
0.008509
0.011504
0.009146
0.014351
0.014273
0.007653
0.016323
0.007231
0.014941
0.007754
0.007576
0.015765
0.00678
0.022021
0.00914
0.011562
0.01063
0.008806
0.008433
0.008303
0.009143
0.009311
0.009758
0.00794
0.032622
0.030281
0.070483
0.029315
0.025626
0.031343
0.03013
0.031152
0.037289
0.030599
0.023101
0.068168
0.031655
0.026106
0.01402
0.007875
0.014587
0.007158
0.00804
0.010024
0.009289
0.017891
0.009425
0.016394
0.009037
0.015398
0.007744
0.008548
0.009568
0.009406
0.007591
0.018622
0.009728
0.009092
0.020719
0.007235
0.030619
0.02327
0.022688
0.060279
0.06338
0.027883
0.023192
0.021222
0.020488
0.02177
0.021118
0.026621
0.022011
0.022677
0.066396
0.06064
0.010034
0.007361
0.025742
0.013276
0.015904
0.007841
0.009617
0.006775
0.007896
0.00665
0.00864
0.01469
0.008125
0.01303
0.009145
0.011802
0.017152
0.017255
0.00875
0.008985
0.063593
0.015157
0.008489
0.012136
0.007302
0.008274
0.006396
0.008307
0.021799
0.015836
0.020839
0.007775
0.014077
0.011035
0.007365
0.006939
0.006459
0.014461
0.007789
0.017602
0.011039
0.014222
0.009917
0.006624
0.012023
0.007392
0.009144
0.007728
0.008531
0.023699
0.008443
0.007842
0.011846
0.014641
0.008198
0.017769
0.012765
0.006588
0.008904
0.007438
0.014497
0.008293
0.030442
0.043525
0.027207
0.029967
0.035307
0.077096
0.03524
0.040752
0.072685
0.034429
0.077188
0.038416
0.037231
0.043862
0.069816
0.043056
0.033296
0.083089
0.032283
0.035445
0.044213
0.036153
0.036981
0.028117
0.037664
0.069128
0.02884
0.033189
0.064523
0.03333
0.064823
0.027111
0.02813
0.03451
0.026582
0.071941
0.071321
0.027126
0.041935
0.039606
0.031942
0.041173
0.028298
0.066637
0.075223
0.025175
0.007671
0.007019
0.006843
0.025795
0.081613
0.025957
0.034742
0.069068
0.028529
0.027887
0.038289
0.03644
0.026375
0.027508
0.029137
0.024186
0.016824
0.023531
0.010073
0.010461
0.006938
0.02905
0.059172
0.022406
0.023468
0.032981
0.02442
0.059678
0.008555
0.013836
0.007552
0.010172
0.006683
0.015006
0.006406
0.020929
0.007576
0.013826
0.007779
0.01607
0.010375
0.011741
0.017238
0.019716
0.031805
0.019991
0.03489
0.014892
0.010267
0.011475
0.011021
0.013472
0.009303
0.029004
0.020112
0.015776
0.011837
0.022577
0.009716
0.010223
0.012056
0.009701
0.010386
0.025362
0.008769
0.015235
0.026553
0.047473
0.066197
0.027824
0.032199
0.074614
0.030276
0.042244
0.035976
0.030768
0.04444
0.038236
0.037068
0.029659
0.066501
0.028664
0.07497
0.04019
0.030107
0.035727
0.036542
0.037494
0.087892
0.033757
0.036756
0.030885
0.029254
0.029939
0.02894
0.044052
0.030527
0.030666
0.062159
0.066657
0.047161
0.027989
0.076307
0.028972
0.025247
0.027749
0.033848
0.024668
0.050193
0.066484
0.024912
0.027791
0.070243
0.025388
0.026565
0.060165
0.067025
0.025012
0.025516
0.023392
0.02031
0.023524
0.041976
0.026232
0.068833
0.032005
0.027441
0.041201
0.026195
0.030613
0.033333
0.084407
0.027346
0.035144
0.060765
0.03701
0.035617
0.033813
0.03082
0.041858
0.030051
0.029627
0.074579
0.031758
0.025496
0.025689
0.070089
0.069636
0.032507
0.021944
0.0333
0.039393
0.035046
0.020975
0.036157
0.029951
0.031439
0.038295
0.038249
0.034314
0.067246
0.064084
0.022239
0.070834
0.029459
0.039606
0.063888
0.019654
0.0233
0.038921
0.025294
0.026122