
1.51128e+09
0.01932
0.019215
0.024073
0.023834
0.012979
0.010102
0.027758
0.017233
0.009353
0.018484
0.016725
0.009113
0.010482
0.021363
0.018151
0.011612
0.007137
0.011696
0.009515
0.007829
0.02143
0.009868
0.008777
0.013853
0.008304
0.009107
0.009049
0.013188
0.010734
0.009899
0.008731
0.008739
0.008878
0.008806
0.019116
0.018916
0.025103
0.006762
0.008244
0.009121
0.010026
0.012215
0.009478
0.008803
0.017726
0.010398
0.009888
0.016003
0.026811
0.015591
0.013004
0.052092
0.048359
0.057629
0.042456
0.057867
0.042491
0.054204
0.04554
0.058041
0.041862
0.053941
0.045953
0.057232
0.042824
0.056975
0.042992
0.057728
0.04221
0.054099
0.04593
0.057656
0.042327
0.057231
0.176082
0.091203
0.055542
0.130181
0.03526
0.09009
0.057161
0.037079
0.049783
0.138637
0.083408
0.02742
0.088458
0.048167
0.038738
0.066564
0.033841
0.061203
0.038405
0.060377
0.039674
0.067539
0.032421
0.06672
0.033298
0.060616
0.039346
0.052362
0.175259
0.05751
0.020406
0.035272
0.057606
0.04234
0.096206
0.032515
0.021233
0.05005
0.096205
0.033387
0.063602
0.073956
0.088861
0.026596
0.034523
0.04296
0.057441
0.042474
0.052252
0.194699
0.069168
0.077152
0.111032
0.013253
0.018083
0.058526
0.041577
0.05809
0.041995
0.058018
0.041966
0.096525
0.009896
0.051371
0.042387
0.096131
0.025766
0.029596
0.049583
0.24268
0.108445
0.020688
0.011718
0.11208
0.027215
0.040769
0.096039
0.009845
0.05276
0.041332
0.0576
0.042484
0.05932
0.040576
0.057784
0.042253
0.057474
0.042538
0.056759
0.043202
0.095891
0.010242
0.046281
0.10335
0.063878
0.013421
0.025812
0.042217
0.094638
0.012764
0.050611
0.041998
0.059217
0.04085
0.058043
0.041957
0.058467
0.041507
0.058589
0.041368
0.098486
0.012428
0.083872
0.018075
0.045607
0.041535
0.052368
0.129081
0.044015
0.049259
0.090776
0.039242
0.056764
0.07703
0.097391
0.132077
0.054122
0.053761
0.048248
0.085472
0.058602
0.037193
0.097036
0.042628
0.161862
0.057791
0.040302
0.060389
0.039636
0.060055
0.073076
0.041766
0.037554
0.078546
0.036998
0.077634
0.040212
0.031835
0.039122
0.044336
0.075636
0.084845
0.088526
0.048394
0.206533
0.085682
0.05482
0.044752
0.072801
0.091097
0.040949
0.015734
0.050003
0.058994
0.040954
0.094978
0.039594
0.03901
0.082427
0.032389
0.034365
0.186494
0.050867
0.040005
0.058597
0.041375
0.058531
0.04166
0.057179
0.042569
0.05726
0.042812
0.058075
0.065169
0.026845
0.184517
0.048262
0.047218
0.063509
0.074784
0.017603
0.082338
0.014086
0.086255
0.018863
0.042809
0.042123
0.052537
0.181242
0.021327
0.040883
0.05893
0.04113
0.059379
0.040612
0.059612
0.040365
0.101085
0.019599
0.039563
0.039877
0.053123
0.221968
0.024258
0.039091
0.059517
0.040364
0.058547
0.041466
0.058529
0.041384
0.058507
0.042512
0.171053
0.038017
0.049934
0.04177
0.059457
0.060566
0.070274
0.078027
0.036293
0.081847
0.037072
0.189862
0.049596
0.040674
0.060936
0.042676
0.190803
0.043454
0.07962
0.032897
0.083653
0.183059
0.04454
0.0401
0.195574
0.045292
0.24623
0.18991
0.200353
0.044714
0.040224
0.058953
0.168191
0.056745
0.041374
0.059463
0.068776
0.257704
0.05428
0.23374
0.237126
0.178238
0.171766
0.175204
0.217074
0.073356
0.061633
0.077302
0.042744
0.175875
0.081804
0.041943
0.05788
0.065721
0.196072
0.03419
0.04366
0.057056
0.042957
0.057384
0.045091
0.056244
0.079864
0.035252
0.030539
0.054164
0.041367
0.224283
0.046341
0.098273
0.030917
0.048801
0.07608
0.04086
0.051164
0.236055
0.044435
0.05638
0.033671
0.05335
0.227042
0.167525
0.035749
0.090365
0.080785
0.080739
0.035531
0.025963
0.052762
0.162715
0.040229
0.202161
0.047761
0.044453
0.24207
0.210167
0.050181
0.041125
0.078899
0.075155
0.024885
0.120826
0.04099
0.148434
0.110171
0.021999
0.082045
0.049635
0.027642