
0.001369
0.001222
0.007247
0.007472
0.004097
0.007575
0.00361
0.006873
0.006733
0.007315
0.003541
0.007215
0.006836
0.051725
0.018516
0.052185
0.05819
0.018579
0.005053
0.048255
0.015584
0.010635
0.016099
0.010841
0.009985
0.017182
0.016378
0.01029
0.002024
0.044118
0.007257
0.007335
0.04583
0.007732
0.045339
0.007076
0.006964
0.045645
0.006908
0.00722
0.001882
0.043207
0.007358
0.047034
0.008074
0.007711
0.007713
0.045966
0.007325
0.045789
0.008005
0.002249
0.002381
0.008806
0.04537
0.008923
0.045649
0.008326
0.007241
0.00893
0.007413
0.007102
0.006511
0.045561
0.002078
0.046066
0.007482
0.044287
0.007644
0.008799
0.00776
0.008142
0.008264
0.047989
0.044234
0.008114
0.002049
0.009613
0.008922
0.009404
0.011115
0.046757
0.050179
0.011065
0.011684
0.010873
0.010763
0.009522
0.002161
0.009263
0.009799
0.009479
0.008788
0.009798
0.00867
0.008954
0.010668
0.009037
0.047435
0.002077
0.049044
0.009276
0.009588
0.009317
0.009175
0.008521
0.009112
0.009259
0.009146
0.002249
0.009601
0.008187
0.008088
0.007055
0.006858
0.007699
0.002001
0.009581
0.007468
0.045684
0.045647
0.04597
0.007743
0.002328
0.008792
0.00846
0.00894
0.009152
0.050409
0.009666
0.002667
0.009703
0.009128
0.008108
0.008145
0.008038
0.002282
0.007908
0.0078
0.008784
0.008611
0.045682
0.002285
0.002265
0.008983
0.009678
0.002791
0.009008
0.008658
0.00262
0.009597
0.002693
0.002692
0.002483
0.002465
0.00897
0.009317
0.008437
0.008211
0.00892
0.002292
0.002514
0.002412
0.002159
0.002174
0.002338
0.002189
0.04507
0.007631
0.007346
0.002454
0.007735
0.007423
0.001964
0.006196
0.006625
0.007017
0.007822
0.007638
0.008169
0.002163
0.009124
0.009753
0.009539
0.010814
0.002735
0.00949
0.00982
0.002701
0.002452
0.007107
0.047258
0.007463
0.007787
0.002255
0.001974
0.008197
0.002327
0.00225
0.008719
0.008411
0.008002
0.046902
0.008181
0.043584
0.047517
0.007861