
46
21
87
22
75
68
147
79
18
188
42
33
37
33
22
150
89
34
79
24
159
190
196
11
179
175
184
122
183
188
93
166
159
148
149
302
196
93
166
159
175
73
105
159
188
171
149
176
180
159
175
163
175
159
159
166
174
167
159
10
142
167
9
161
154
191
154
194
124
75
194
201
149
215
148
109
149
109
164
119
149
151
142
149
84
106
106
142
158
230
153
220
99
213
152
54
189
275
56
96
125
138
251
89
213
114
251
392
96
105
213
62
140
189
96
105
62
158
367
139
297
159
251
213
105
17
43
65
24
26
26
72
26
89
17
26
163
143
165
390
76
268
101
144
79
152
158
337
388
170
313
120
343
59
117
61
72
339
158
167
136
214
159
92
181
92
313
159
177
126
146
356
146
159
159
224
159
126
159
126
224
57
159
57
128
159
159
159
137
342
146
495
128
179
396
478
395
500
130
135
146
135
385
336
493
139
493
122
395
135
209
381
27
24
201
135
141
383
137
24
494
397
397
141
123
135
129
201
82
190
143
139
118
139
118
143
366
142
141
142
366
142
211
86
397
143
211
300
488
140
125
33
294
30
136
193
141
32
391
170
141
263
144
134
170
205
74
133
74
134
134
128
500
74
346
160
133
128
478
50
74
23
80
20
61
13
17
23
56
387
121
135
60
121
127
125
216
79
33
44
115
356
64
79
156
27
69
38
44
37
49
113
34
38
9
113
77
119
162
316
120
185
119
162
120
119
119
379
115
321
20
30
19
27
31
65
105
19
78
102
21
99
52
53
50
102
72
105
58
62
102
78
105
105
34
75
52
45
12
29
45
43
98
12
54
50
98
52
54
50
33
75
45
75
98
29
43
22
51
46
44
155
24
16
58
91
69
24
27
27
69
91
32
66
91
37
87
33
25
37
85
76
31
96
84
30
88
22
34
34
92
75
25
27
86
76
93
34
27
35
33
27
24
30
30
30
88
75
22
24
22
30
27
37
77
33
26
22
21
27
27
86
76
36
91
35
28
64
33
27
22
20
28
26
85
75
36
34
62
26
35
32
25
20
85
99
23
82
76
34
32
23
32
24
19
87
98
21
80
76
33
31
68
30
21
16
68
97
18
76
97
31
27
80
25
70
77
23
80
69
75
95
15
72
98
30
25
76
64
98
31
73
62
22
58
69
76
100
33
70
57
31
76
70
111
32
22
55
69
76
100
113
69
30
33
76
78
78
54
71
77
102
115
66
29
38
77
38
36
51
71
75
103
116
64
27
43
75
34
34
51
70
76
103
116
63
26
33
76
77
76
51
71
76
103
116
63
26
33
76
118
95
44
67
95
101
116
58
21
29
95
38
94
115
94
86
23
68
32
68
94
36
94
53
16
28
21
95
30
21
30
107
20
32
21
89
48
105
44
27
114
32
29
15
16
45
31
31
37
43
55
117
46
104
68
19
34
28
19
28
40
33
74
39
29
28
27
120
40
29
40
33
27
121
43
75
15
21
20
25
82
32
23
36
31
31
25
32
32
22
20
31
33
24
24
24
33
33
22
34
33
33
24
23
20
44
44
53
33
16
27
53
53
20
14
44
96
106
25
28
87
16
26
52
24
60
23
24
26
23
99
26
122
26
25
53
121
59
46
34
23
21
98
25
98
100
96
28
59
125
98
49
104
21
19
105
28
19
12
57
121
94
46
100
14
33
101
47
16
48
106
46
12
14
106
59
13
396
124
138
201
114
141
2
213
222
63
222
7
132
222
235
141
160