
162
158
194
82
175
160
147
347
158
188
159
190
196
75
179
175
184
122
183
188
174
167
159
75
142
167
82
161
154
191
220
99
213
152
141
189
275
84
96
125
103
96
213
184
363
241
295
260
361
103
123
117
224
8
117
270
313
333
390
123
160
142
92
159
126
313
82
168
101
146
140
125
208
130
383
77
419
500
77
125
141
125
201
135
141
383
137
123
494
397
140
125
75
294
478
136
193
141
482
391
195
126
64
505
464
167
119
120
64
373
113
121
75
372
403
138
113
130
75
229
107
115
105
68
312
149
105
363
190
327
386
99
98
100
156
131
98
357
151
400
380
99
155
94
102
141
91
119
90
267
376
104
229
98
279
247
92
128
91
266
276
102
325
348
275
242
88
128
88
263
277
102
324
86
281
249
86
129
354
91
277
103
326
85
277
249
85
130
355
103
277
101
325
334
99
245
82
131
353
103
278
101
326
335
98
243
80
131
353
101
276
99
324
294
97
242
76
141
351
98
98
109
122
118
95
239
72
143
351
97
99
158
122
119
144
250
70
215
353
119
100
159
122
121
147
442
69
70
356
121
378
157
122
122
147
441
66
69
99
122
119
158
122
121
149
443
64
67
101
121
119
157
121
122
148
444
63
66
81
122
122
157
122
122
149
443
63
66
81
122
133
154
118
133
150
276
58
61
77
133
119
154
119
135
86
135
53
57
76
275
109
180
50
136
91
124
44
65
275
284
295
110
229
215
387
172
39
78
112
119
96
110
227
138
388
508
36
80
114
497
96
112
67
116
389
510
34
82
116
499
92
125
78
127
126
495
27
93
127
92
95
130
24
131
119
24
26
278
211
95
94
130
401
131
129
500
23
276
210
94
96
404
406
196
132
137
21
272
214
96
363
405
407
197
132
137
14
278
216
107
396
124
138
201
114
141
2
213
222
63