
0.057013
0.004948
0.004398
0.011147
0.015834
0.003453
0.009522
0.006939
0.004526
0.007922
0.008505
0.009457
0.003365
0.010654
0.003201
0.00446
0.003609
0.004594
0.008351
0.004388
0.004201
0.004952
0.00584
0.002556
0.005628
0.004276
0.003198
0.014388
0.004672
0.004196
0.006966
0.00367
0.003899
0.003987
0.007309
0.005634
0.004471
0.003926
0.003674
0.003719
0.004063
0.007136
0.00438
0.006802
0.003842
0.009325
0.005437
0.002312
0.003834
0.004559
0.004432
0.006219
0.004191
0.003691
0.010409
0.00477
0.004846
0.00911
0.003825
0.01297
0.008892
0.005219
0.004608
0.007319
0.004741
0.003789
0.003972
0.008701
0.003862
0.010642
0.003905
0.009649
0.003412
0.003911
0.004765
0.004786
0.00327
0.009774
0.00465
0.004779
0.00691
0.005605
0.004422
0.004642
0.004914
0.004698
0.004768
0.005173
0.004341
0.042195
0.002399
0.001715
0.002949
0.001653
0.002664
0.002636
0.005155
0.002812
0.001692
0.004763
0.002225
0.005117
0.002845
0.004725
0.002216
0.004334
0.001926
0.003523
0.001778
0.003675
0.003881
0.00348
0.003018
0.00483
0.002417
0.005109
0.003568
0.002878
0.001876
0.038829
0.001184
0.003084
0.004496
0.004444
0.00448
0.004811
0.008025
0.006088
0.003072
0.004479
0.003978
0.005059
0.002961
0.003606
0.004222
0.005664
0.004863
0.004719
0.004825
0.004816
0.003962
0.00478
0.004563
0.005038
0.004096
0.004185
0.004659
0.036845
0.001161
0.001157
0.005238
0.005036
0.003924
0.004287
0.00488
0.00525
0.005323
0.007849
0.004232
0.003528
0.003834
0.004677
0.005289
0.004867
0.003839
0.005213
0.004282
0.003954
0.00405
0.003514
0.003499
0.005533
0.004394
0.008473
0.004854
0.050538
0.002136
0.002021
0.003688
0.006944
0.003123
0.006236
0.003573
0.005925
0.009633
0.00331
0.003478
0.006209
0.003287
0.004137
0.00563
0.003315
0.003679
0.003157
0.004594
0.009239
0.004084
0.007933
0.004798
0.007008
0.006207
0.003801
0.055136
0.001874
0.002083
0.003315
0.00177
0.001943
0.001877
0.002387
0.001809
0.00317
0.001613
0.008554
0.002223
0.049433
0.004601
0.004628
0.00462
0.009571
0.002831
0.007235
0.00358
0.004217
0.002848
0.004225
0.004678
0.008557
0.009829
0.005284
0.007544
0.003854
0.008761
0.004186
0.002238
0.004103
0.003284
0.003141
0.008786
0.00462
0.004817
0.004934
0.006486
0.036211
0.004378
0.003501
0.005261
0.00315
0.007273
0.004033
0.004797
0.004067
0.004356
0.00976
0.004495
0.004443
0.004037
0.007098
0.004016
0.003751
0.004479
0.003896
0.005853
0.002899
0.003986
0.003015
0.004705
0.003985
0.00446
0.004046
0.004192
0.008678
0.004338
0.012018
0.004678
0.054138
0.005478
0.009627
0.011238
0.009661
0.011695
0.004131
0.00417
0.004468
0.00421
0.00945
0.008611
0.01224
0.00371
0.011924
0.004368
0.009776
0.004104
0.00561
0.009531
0.053657
0.001696
0.001424
0.001483
0.009815
0.003951
0.004305
0.004571
0.004205
0.005736
0.002979
0.005688
0.004162
0.004284
0.003645
0.004543
0.003881
0.00426
0.009195
0.004116
0.003768
0.004324
0.009202
0.004172
0.005805
0.003236
0.009718
0.004258
0.006575
0.008026
0.013017
0.059555
0.001784
0.001495
0.001532
0.005397
0.004111
0.007201
0.004414
0.004278
0.004471
0.005441
0.002896
0.004049
0.002988
0.003568
0.004565
0.003777
0.011838
0.002815
0.008689
0.006008
0.00399
0.003824
0.011386
0.052356
0.003337
0.002709
0.001701
0.00318
0.001551
0.003249
0.001604
0.001353
0.001311
0.00238
0.00978
0.003751
0.003836
0.002766
0.0038
0.003817
0.003379
0.006308
0.003511
0.003983
0.00169
0.003749
0.001782
0.003568
0.009194
0.002719
0.003505
0.004481
0.043934
0.002185
0.00264
0.002674
0.002768
0.002956
0.00226
0.003534
0.002728
0.002687
0.001113
0.003265
0.003726
0.003118
0.003367
0.004551
0.00826
0.003689
0.005462
0.00325
0.004746
0.003814
0.003383
0.00321
0.00961
0.003631
0.008363
0.045533
0.001662
0.001857
0.001595
0.002507
0.002596
0.003386
0.003306
0.001706
0.003536
0.003988
0.003278
0.001393
0.00572
0.004168
0.003468
0.002343
0.004678
0.002069
0.007871
0.003302
0.0087
0.004615
0.010117
0.00331
0.00367
0.003484
0.009887
0.002708
0.003583
0.012321
0.002357
0.004066
0.00541
0.003854
0.003136
0.003336
0.00316
0.003245
0.003987
0.002269
0.004722
0.003624
0.046991
0.00222
0.001828
0.00131
0.001883
0.002366
0.002317
0.003083
0.001187
0.002418
0.002459
0.002878
0.002876
0.009445
0.004659
0.002052
0.002484
0.010109
0.002517
0.007705
0.002232
0.003891
0.002974
0.004775
0.003901
0.002179
0.003205
0.00274
0.003054
0.003388
0.002247
0.004389
0.00302
0.003628
0.001788
0.003412
0.002342
0.038647
0.002433
0.002573
0.002088
0.001693
0.003208
0.002763
0.002722
0.001969
0.001832
0.007335
0.00395
0.001898
0.002732
0.002602
0.002794
0.007614
0.001842
0.007889
0.002884
0.003477
0.002872
0.006878
0.006643
0.001917
0.003737
0.003598
0.001958
0.00367
0.001892
0.006827
0.002023
0.009836
0.003119
0.004259
0.002904
0.007382
0.00258
0.001991
0.002819
0.050134
0.003162
0.002361
0.003825
0.001875
0.001646
0.001655
0.002899
0.00293
0.001811
0.001903
0.006731
0.003816
0.004304
0.003022
0.002658
0.009086
0.002867
0.001656
0.008629
0.002035
0.008027
0.002224
0.051868
0.002294
0.001997
0.00176
0.001509
0.001691
0.00167
0.002714
0.002952
0.001739
0.001746
0.003487
0.001785
0.002552
0.002041
0.003615
0.002039
0.008993
0.002212
0.009473
0.003792
0.049296
0.00229
0.001882
0.001762
0.001754
0.001821
0.001895
0.002643
0.002692
0.002014
0.003551
0.002043
0.007815
0.002174
0.007799
0.003309
0.04936
0.002342
0.001984
0.00183
0.00169
0.001813
0.001779
0.002577
0.002807
0.002126
0.002012
0.008535
0.002776
0.004016
0.009
0.001967
0.002003
0.053244
0.002195
0.002031
0.001791
0.003685
0.00183
0.002537
0.002933
0.00213
0.001932
0.006969
0.001913
0.052121
0.0022
0.001912
0.001724
0.003845
0.001746
0.002502
0.002809
0.002309
0.001988
0.007819
0.003515
0.050546
0.002191
0.004409
0.001628
0.003521
0.001756
0.002468
0.003974
0.002089
0.001929
0.004188
0.002866
0.003756
0.002031
0.004122
0.002813
0.004897
0.003001
0.038128
0.002085
0.002886
0.00274
0.002833
0.001605
0.002333
0.003962
0.002064
0.001904
0.004417
0.006301
0.00303
0.0035
0.00504
0.004126
0.006841
0.002029
0.00224
0.002273
0.004938
0.002582
0.043723
0.002041
0.002555
0.002867
0.002913
0.004365
0.002688
0.002282
0.003262
0.002031
0.002854
0.002063
0.010495
0.002456
0.005009
0.002835
0.00194
0.043603
0.002298
0.002596
0.002762
0.002883
0.004172
0.004213
0.002315
0.001948
0.001941
0.002983
0.009737
0.00314
0.044069
0.003266
0.0024
0.002747
0.002805
0.004149
0.004338
0.002354
0.001855
0.00277
0.00284
0.004107
0.002704
0.039908
0.002318
0.002354
0.003331
0.003107
0.004026
0.004305
0.002341
0.001932
0.002799
0.002819
0.003381
0.002412
0.037856
0.002321
0.002326
0.002716
0.002939
0.00509
0.004301
0.002206
0.001954
0.001983
0.002869
0.004572
0.00289
0.038409
0.003329
0.002455
0.002823
0.00293
0.004075
0.00429
0.002172
0.001934
0.001952
0.002828
0.007445
0.004425
0.035759
0.004309
0.002234
0.002577
0.003869
0.00453
0.004279
0.002129
0.001857
0.00192
0.003937
0.004054
0.002252
0.004656
0.009987
0.004011
0.005155
0.004292
0.003871
0.004018
0.003797
0.007759
0.001993
0.034792
0.003107
0.002082
0.002858
0.003868
0.002047
0.004125
0.002035
0.001693
0.001835
0.001712
0.007345
0.00342
0.004065
0.001971
0.005512
0.001793
0.002602
0.001929
0.004195
0.004268
0.036192
0.00185
0.00271
0.001641
0.003621
0.003025
0.004224
0.001886
0.002813
0.004605
0.002664
0.004179
0.001881
0.006426
0.001805
0.004746
0.001309
0.001829
0.001903
0.003337
0.00194
0.003228
0.009874
0.002254
0.002098
0.00354
0.002928
0.006006
0.003429
0.006902
0.004541
0.004054
0.003031
0.004571
0.006474
0.00399
0.004152
0.001783
0.006677
0.00215
0.045741
0.002034
0.002097
0.001878
0.002809
0.001982
0.0035
0.00169
0.001865
0.001826
0.001763
0.005515
0.004387
0.002035
0.013995
0.001908
0.001811
0.001638
0.001781
0.006673
0.002272
0.012324
0.007205
0.002021
0.004367
0.005082
0.003092
0.003967
0.003532
0.004305
0.001716
0.053284
0.002086
0.001691
0.001922
0.00373
0.002053
0.001854
0.001681
0.001887
0.001814
0.001762
0.003176
0.001952
0.003855
0.004038
0.001996
0.002623
0.002926
0.001759
0.00333
0.001948
0.009759
0.00204
0.048834
0.002031
0.001899
0.001848
0.00212
0.002031
0.001863
0.001672
0.002008
0.001954
0.001772
0.004085
0.001883
0.03676
0.001956
0.002988
0.002997
0.003083
0.002672
0.002147
0.001902
0.003054
0.003005
0.001749
0.004676
0.001507
0.003836
0.002973
0.005799
0.004273
0.005412
0.004423
0.008362
0.002034
0.001369
0.001429
0.006174
0.004148
0.011697
0.001799
0.031445
0.002188
0.00327
0.003138
0.001791
0.001377
0.001797
0.003855
0.001877
0.009976
0.004679
0.001373
0.001492
0.04878
0.002052
0.003138
0.004336
0.003192
0.002962
0.002832
0.001412
0.001628
0.003916
0.002198
0.005707
0.004266
0.004309
0.004295
0.005102
0.004021
0.048983
0.002443
0.003181
0.004444
0.00399
0.003109
0.004081
0.001396
0.001707
0.004166
0.001893
0.010731
0.001688
0.053622
0.001426
0.003441
0.004498
0.004059
0.002949
0.004032
0.001485
0.002696
0.004146
0.002954
0.001205
0.004293
0.001301
0.003005
0.006066
0.004318
0.004383
0.003149
0.002947
0.001737
0.0012
0.001079
0.006087
0.004209
0.004168
0.003322
0.012105
0.001851
0.042547
0.001062
0.005944
0.000847
0.00107
0.003975
0.005928
0.008103
0.004905
0.004997