
0.01841
0.001249
0.003595
0.001069
0.001011
0.001578
0.000901
0.000903
0.001903
0.001225
0.001114
0.001464
0.001381
0.001595
0.001209
0.001277
0.002692
0.001244
0.001228
0.000968
0.001926
0.001045
0.000873
0.001352
0.00083
0.000882
0.003115
0.000899
0.000894
0.001276
0.000891
0.000985
0.002848
0.000878
0.000892
0.000978
0.001562
0.001184
0.001093
0.003564
0.001113
0.000958
0.000897
0.001107
0.000884
0.000878
0.000959
0.000878
0.000901
0.000901
0.001012
0.000993
0.00091
0.00088
0.003013
0.001133
0.000907
0.000881
0.001007
0.000951
0.001183
0.00118
1.4e-05
0.002936
0.001393
0.00154
2e-05
0.002219
0.001619
0.001421
0.00279
0.003352
3.9e-05
0.00341
0.002547
0.001442
0.001315
0.001345
0.001289
0.001255
0.002548
0.002508
3e-05
0.002385
0.002202
0.002072
0.003231
4.4e-05
0.00152
0.00151
0.002839
3.3e-05
3.3e-05
0.002655
0.001541
0.001008
0.000972
1.5e-05
0.001374
0.000994
0.001547
0.002913
0.003034
4e-05
0.002958
0.003227
0.001744
0.001761
2.5e-05
0.00284
0.004872
0.001184
0.002814
0.002906
4.2e-05
0.00835
0.001373
0.004301
2e-05
0.001539
1.7e-05
0.001814
0.003382
0.00335
0.003351
3.8e-05
0.002525
0.019392
0.00045
0.000596
0.00128
0.000388
0.000755
0.001282
0.000555
0.001297
0.007211
0.001767
0.003552
0.003354
0.000764
0.001274
0.002437
0.002429
0.001023
0.0006
0.001185
0.001153
0.003309
0.001324
0.001171
0.001169
0.003356
0.001993
0.001546
0.003253
0.001834
0.024406
0.000203
0.000708
0.001334
0.000414
0.000785
0.001304
0.000433
0.001329
0.005487
0.007258
0.001489
0.001247
0.002163
0.001235
0.001353
0.000462
0.00089
0.002244
0.001044
0.001344
0.001414
0.001457
0.000948
0.000504
0.002175
0.000234
0.001744
0.001789
0.003197
0.001989
0.001748
0.001816
0.001592
0.000308
0.000915
0.000478
0.017909
0.000439
0.001375
0.001365
0.000777
0.000435
0.000647
0.001052
0.001364
0.002793
0.004799
0.001703
0.00155
0.001355
0.001107
0.002451
0.001448
0.001463
0.00105
0.001341
0.002115
0.002107
0.004572
0.001044
0.00373
1.6e-05
0.001209
0.001315
0.000714
0.015747
0.00014
0.00015
1.6e-05
0.00118
0.0008
0.003506
0.000144
0.000849
1.7e-05
0.001349
0.001566
0.002735
2.5e-05
0.002138
0.001187
0.00077
1.8e-05
0.001399
0.00358
0.001268
3.2e-05
0.002593
0.003342
2.3e-05
0.001711
0.001967
0.001396
2.3e-05
2.4e-05
0.001142
0.001449
0.000826
3.2e-05
0.00282
0.004212
0.001523
2.3e-05
0.002147
0.001177
0.001787
4.2e-05
0.003635
0.002142
0.015848
0.001256
0.001235
0.000434
0.00119
0.000368
0.000467
0.000743
0.000465
0.000501
0.00072
0.000744
0.000556
1.7e-05
0.001213
0.000523
0.000464
0.002743
0.000582
4e-05
0.00335
0.00549
0.001655
2.3e-05
0.00154
0.000763
0.000536
0.014877
9.8e-05
0.000273
1.6e-05
1.3e-05
0.000959
0.002303
0.001191
0.001396
0.001407
0.002007
0.002146
1.6e-05
0.001182
0.002265
0.000637
0.000752
4.5e-05
0.003759
0.00658
2.7e-05
0.00184
0.01203
3.1e-05
4.1e-05
0.002785
0.003766
0.000515
3.2e-05
3.1e-05
0.002781
0.002611
3e-05
0.002622
0.002837
0.004985
0.00154
0.003774
2.6e-05
2.4e-05
0.005168
0.000763
2.9e-05
0.002616
0.000911
0.00125
0.016345
0.000514
0.000414
0.000293
0.000411
0.000642
0.000443
0.000437
0.000997
0.001442
0.001355
0.001156
0.000739
2.9e-05
2.6e-05
0.001112
0.001434
0.000727
0.001724
1.9e-05
1.7e-05
0.005227
0.001052
2.7e-05
1.8e-05
0.001323
0.000775
0.002457
1.5e-05
1.4e-05
0.001208
0.00089
2.1e-05
1.8e-05
0.003584
0.000902
0.014418
0.000556
0.00045
0.000264
0.000497
0.000504
0.000517
0.000547
0.001258
0.001185
0.000946
2.2e-05
2e-05
0.001
1.7e-05
1.5e-05
0.00228
0.000544
0.003976
0.001077
0.019725
0.000474
0.000432
0.000232
0.000385
0.000489
0.000448
0.000444
0.000483
0.001248
0.000477
2.9e-05
2.7e-05
0.002129
0.00052
1.6e-05
1.4e-05
0.004242
0.003826
0.000967
0.004479
2.5e-05
2.1e-05
0.018967
0.000487
0.00125
0.000208
0.000468
0.000479
0.001266
0.000486
0.001241
0.000471
0.003846
0.001065
3.8e-05
3.6e-05
0.000823
0.000499
1.5e-05
1.7e-05
0.001195
0.000229
0.001964
0.000489
0.00076
0.000962
1.7e-05
1.5e-05
0.002265
0.000799
0.00051
0.001002
0.01628
0.000477
0.001247
0.000195
0.001279
0.001209
0.000491
0.000968
0.000467
0.001345
0.00132
0.000765
0.000987
1.6e-05
1.5e-05
0.002668
0.0014
0.001189
0.001257
3.8e-05
1.4e-05
0.00625
0.001701
2.1e-05
1.7e-05
0.001223
0.000475
0.001913
0.001176
0.001253
0.001218
1.6e-05
1.4e-05
0.000741
0.000983
0.01643
0.000436
0.000156
0.001356
0.001312
0.001362
0.000951
0.001344
0.001543
0.001381
0.001013
0.000655
1.6e-05
1.5e-05
0.002488
0.001381
0.002403
0.001484
1.9e-05
1.5e-05
0.001033
0.000619
0.000992
0.001338
1.9e-05
1.6e-05
0.002493
0.001376
0.001007
0.001359
1.8e-05
1.5e-05
0.002282
0.001477
0.000741
0.000953
1.9e-05
1.7e-05
0.00097
0.000471
0.014129
0.000165
0.001543
1.6e-05
1.4e-05
0.002784
1.5e-05
1.5e-05
0.001336
2.1e-05
2e-05
0.001672
3.3e-05
3.2e-05
0.006327
2.7e-05
2.5e-05
0.002653
2e-05
1.7e-05
0.011454
3.2e-05
3e-05
0.003692
0.000865
0.003583
2.7e-05
2.6e-05
0.001511
0.002384
5.6e-05
5.6e-05
0.0037
4.4e-05
3.2e-05
0.001523
1.7e-05
1.6e-05
0.001479
0.002709
0.002021
0.012827
0.001423
0.00048
0.000883
0.00044
0.001338
0.000892
0.000482
0.000453
0.000561
1.6e-05
1.4e-05
0.001245
0.000554
0.000669
0.000868
0.001602
0.000874
6e-05
6e-05
0.001571
0.000747
0.00146
7.1e-05
5.8e-05
0.006816
0.010385
1.6e-05
1.4e-05
0.001129
0.002899
3.1e-05
3.1e-05
0.003075
5.1e-05
3.1e-05
0.003532
0.005386
3.2e-05
3e-05
0.001133
0.00128
0.001072
2.9e-05
3.1e-05
0.008546
0.001913
3.3e-05
2.6e-05
0.002246
0.00118
1.8e-05
1.6e-05
0.001079
0.001584
0.000574
2.6e-05
2.5e-05
0.003461
0.002074
0.000779
2.2e-05
2.1e-05
0.001944
0.001017
0.018426
0.000711
0.00138
0.000687
0.00089
0.000666
0.00143
0.000193
0.001326
0.00147
0.001484
0.001056
0.000647
1.5e-05
1.4e-05
0.003626
0.001876
4e-05
4e-05
0.00203
0.00244
0.014108
0.001514
0.00133
0.001497
0.000763
0.001409
0.001376
0.000396
0.001273
0.001483
0.001423
0.00084
1.5e-05
1.5e-05
0.000524
0.000866
1.7e-05
1.7e-05
0.005453
4.5e-05
3.2e-05
0.003385
0.006946
2.8e-05
2.4e-05
0.002401
1.7e-05
5.1e-05
0.001259
0.001436
0.000652
4.6e-05
4.5e-05
0.000683
0.015736
0.000789
0.000453
0.000655
0.000552
0.000607
0.00147
0.000664
0.000652
0.001503
0.001477
0.000507
0.000506
1.7e-05
1.4e-05
0.0018
0.001178
0.004343
0.003489
0.000862
0.002737
2.8e-05
2.9e-05
0.00208
0.001191
0.002645
0.002887
2.9e-05
2.3e-05
0.004766
0.002559
3.4e-05
2.7e-05
0.001318
0.002358
0.002199
2e-05
1.8e-05
0.001677
0.025755
0.000903
0.000469
0.000701
0.000522
0.001235
0.000715
0.000737
0.000673
0.001557
0.000635
0.002308
0.000742
1.7e-05
1.5e-05
0.001476
0.000627
0.017679
0.000731
0.000475
0.000716
0.00052
0.000653
0.000683
0.000724
0.000754
0.001577
0.000605
0.00047
0.000534
1.6e-05
1.5e-05
0.000451
0.000484
0.017113
0.000724
0.000427
0.000733
0.00051
0.000689
0.000719
0.000765
0.000647
0.00154
0.000611
0.001178
0.000696
1.8e-05
1.6e-05
0.001055
0.000693
0.016352
0.000701
0.000677
0.000477
0.000598
0.000619
0.000673
0.00063
0.001603
0.000649
0.00115
0.000653
1.5e-05
1.5e-05
0.002508
0.000823
0.002171
0.001626
0.001549
0.000622
1.7e-05
1.6e-05
0.002859
0.001503
0.003035
0.000774
2.4e-05
2.3e-05
0.001409
0.001186
0.000618
0.000679
1.5e-05
1.4e-05
0.001153
0.001585
0.000617
0.000595
0.002307
0.001168
0.000891
0.000656
0.015499
0.000497
0.000545
0.000458
0.000712
0.00066
0.000706
0.000596
0.001545
0.000648
0.002387
0.000741
1.6e-05
1.4e-05
0.002587
0.001861
4.2e-05
3.2e-05
0.000939
0.000655
0.000863
0.000507
0.016333
0.000561
0.000677
0.000702
0.000422
0.000515
0.000674
0.00071
0.000557
0.001543
0.000669
0.001741
0.000833
1.6e-05
1.4e-05
0.002215
0.000642
2.1e-05
1.4e-05
0.001159
0.00067
1.6e-05
1.4e-05
0.000863
0.000548
0.001035
0.001531
0.017795
0.000594
0.000546
0.000833
0.000386
0.000538
0.001513
0.000746
0.000573
0.001641
0.000702
2e-05
1.4e-05
0.000386
0.000408
0.001599
0.000836
1.8e-05
1.7e-05
0.002501
0.001539
0.01549
0.000623
0.0005
0.000846
0.00038
0.00052
0.001507
0.000774
0.000556
0.000694
0.002265
0.000559
1.7e-05
1.5e-05
0.001268
0.000783
0.002222
0.0006
1.6e-05
1.7e-05
0.004709
0.001575
0.014172
0.000676
0.000537
0.000824
0.000389
0.000584
0.00061
0.000899
0.000465
0.000544
0.000734
1.7e-05
1.6e-05
0.002472
0.000933
0.000361
0.000374
0.01884
0.000676
0.000522
0.000872
0.000432
0.00057
0.000583
0.000741
0.001312
0.000542
0.000715
1.6e-05
1.6e-05
0.001156
0.000555
0.003526
0.003028
0.017354
0.001537
0.000477
0.000868
0.000363
0.001366
0.0014
0.000694
0.000478
0.000482
0.000684
1.7e-05
1.6e-05
0.002048
0.000516
1.7e-05
1.4e-05
0.000862
0.000325
0.00048
0.00035
0.005026
0.001296
0.002121
0.001451
3.2e-05
2.4e-05
0.00666
0.005101
3.4e-05
3.4e-05
0.019435
0.000598
0.000529
0.000845
0.000331
0.001384
0.001839
0.000752
0.000487
0.000524
0.000791
0.001841
0.002679
2.3e-05
2.2e-05
0.012762
0.001458
0.000826
0.000358
0.00142
0.001543
0.000752
0.001266
0.001435
0.000775
0.003058
0.000853
1.8e-05
1.6e-05
0.000451
0.000495
2.2e-05
2e-05
0.001724
0.003377
3.9e-05
3e-05
0.000282
0.000827
0.000323
0.001371
0.013078
0.000489
0.000869
0.000861
0.00031
0.001513
0.001738
0.001349
0.00061
0.001433
0.000802
0.002191
0.002209
1.7e-05
1.5e-05
0.002468
0.004015
3.3e-05
2.5e-05
0.001169
0.001665
0.00089
0.000491
0.016725
0.000563
0.00147
0.000859
0.000315
0.00173
0.001612
0.001461
0.000621
0.001446
0.001513
1.7e-05
1.7e-05
0.000264
0.000281
0.000281
0.000299
0.018517
0.001415
0.001475
0.000828
0.000262
0.001685
0.00166
0.001434
0.001513
0.001835
0.001424
1.5e-05
1.6e-05
0.001206
0.001347
0.001452
0.000828
0.001186
0.001458
1.7e-05
1.6e-05
0.002353
0.001408
2.7e-05
2.6e-05
0.012854
0.001442
0.001485
0.000823
0.000261
0.001697
0.000829
0.001357
0.001499
0.001498
0.001481
0.004809
0.003905
4.2e-05
3.9e-05
0.002032
0.003472
0.001496
0.001704
1.7e-05
1.5e-05
0.000283
0.000363
0.018964
0.001435
0.001558
0.000868
0.000223
0.001765
0.000851
0.001682
0.001488
0.001499
0.00149
1.6e-05
1.5e-05
0.006347
0.003592
2.9e-05
2.6e-05
0.001395
0.001488
0.001762
0.001003
0.017166
0.002191
0.001522
0.000886
0.000237
0.001634
0.000866
0.00171
0.001562
0.00148
0.001508
1.6e-05
1.6e-05
0.003117
0.005518
3.9e-05
2.8e-05
0.0023
0.002741
0.022128
0.002024
0.001607
0.000878
0.000218
0.001755
0.000898
0.001754
0.001526
0.001502
0.00147
1.7e-05
1.5e-05
0.01213
0.008552
0.017901
0.002061
0.002073
0.000892
0.000209
0.001862
0.000898
0.001764
0.001555
0.00153
0.001586
1.8e-05
1.5e-05
0.001353
0.000899
0.017661
0.000152
1.6e-05
1.5e-05
0.001233
0.001087
1.7e-05
1.7e-05
0.001339
0.003694
0.000112
0.000166
1.9e-05
1.7e-05
0.001037
0.001274
0.001327
1.9e-05
1.7e-05
0.001741
0.001189
1.9e-05
1.8e-05
0.003383
0.002207
1.8e-05
1.8e-05