
0.001081
0.000765
0.00045
0.000542
0.000579
0.000843
0.000634
0.00054
0.000682
0.000614
0.000669
0.000624
0.000619
0.000553
0.000589
0.000548
0.000553
0.000546
0.00055
0.000554
0.000613
0.000621
0.000548
0.000539
0.000625
0.000551
0.00054
0.000635
0.000548
0.000533
0.000543
0.000546
0.000552
0.000548
0.000541
0.00054
0.000596
0.000565
0.000544
0.000549
0.000568
0.00054
0.000559
0.000616
0.000537
0.000535
0.000638
0.000562
0.000551
0.000551
0.000547
0.000543
0.00057
0.000546
0.000596
0.00054
0.000531
0.000545
0.000539
0.000555
0.000603
0.000588
0.000566
0.000543
0.000552
0.000533
0.000543
0.00053
0.000537
0.000761
0.000537
0.00057
0.000533
0.000533
0.000546
0.000578
0.000544
0.000571
0.00058
0.000551
0.000545
0.000536
0.000599
0.000544
0.000546
0.000549
0.000568
0.000636
0.000536
0.000557
0.000542
0.00054
0.000538
0.00056
0.000539
0.000711
0.000573
0.000552
0.000582
0.000538
0.000544
0.000781
0.000532
0.000541
0.000593
0.00061
0.000543
0.000549
0.000534
0.000651
0.000551
0.00055
0.000633
0.000622
0.000537
0.000536
0.000596
0.000542
0.00054
0.000559
0.000536
0.000544
0.000551
0.000576
0.000597
0.000545
0.000542
0.000543
0.000559
0.000549
0.000783
0.000563
0.000587
0.000544
0.000632
0.000554
0.000541
0.000764
0.000534
0.000628
0.000541
0.000532
0.000531
0.000591
0.000546
0.000747
0.00054
0.00054
0.000557
0.000541
0.000551
0.00056
0.000554
0.000543
0.000545
0.000532
0.00054
0.000602
0.000543
0.000597
0.000538
0.000544
0.000622
0.00054
0.000538
0.000535
0.00054
0.000542
0.000631
0.000532
0.000799
0.000539
0.000536
0.000554
0.000617
0.000602
0.000634
0.00054
0.000542
0.000544
0.00054
0.000533
0.000544
0.000552
0.000589
0.000534
0.000543
0.00056
0.000539
0.000543
0.000554
0.00054
0.000612
0.000549
0.000539
0.00055
0.000588
0.000576
0.000537
0.000731
0.000537
0.00054
0.000616
0.000544
0.000638
0.000544
0.000604
0.000641
0.00065
0.000562
0.000548
0.000549
0.000543
0.000544
0.000541
0.00054
0.000543
0.000537
0.000562
0.000773
0.000542
0.000581
0.000541
0.000545
0.000539
0.000555
0.000534
0.000557
0.000555
0.000551
0.00064
0.000576
0.00054
0.000549
0.000546
0.000557
0.000612
0.000545
0.000556
0.000543
0.000545
0.000554
0.000619
0.000541
0.000541
0.000551
0.000561
0.000632
0.000604
0.000529
0.00054
0.000624
0.00055
0.000548
0.00062
0.000544
0.000617
0.00055
0.000545
0.0006
0.000625
0.000543
0.000582
0.000628
0.000558
0.000651
0.00053
0.000549
0.00059
0.000569
0.000752
0.000551
0.000549
0.00055
0.000647
0.000574
0.000548
0.000541
0.000538
0.000544
0.000558
0.000541
0.000553
0.000601
0.000789
0.00074
0.00076
0.001022
0.00069
0.000705
0.000681
0.000716
0.0007
0.000724
0.001007
0.00072
0.000706
0.000732
0.000713
0.000699
0.000963
0.000703
0.000775
0.00069
0.000705
0.000791
0.000695
0.000706
0.0007
0.000698
0.000823
0.000701
0.0008
0.000728
0.000706
0.000838
0.000832
0.000703
0.000763
0.000704
0.000755
0.000678
0.000959
0.000724
0.000785
0.000728
0.000708
0.00077
0.000953
0.000743
0.000783
0.000701
0.000902
0.000771
0.000691
0.000996
0.00071
0.000714
0.000701
0.00068
0.000707
0.000724
0.000779
0.000699
0.00074
0.000841
0.000723
0.000692
0.000691
0.000724
0.000838
0.000972
0.000687
0.000762
0.000708
0.00073
0.000701
0.000736
0.000738
0.000752
0.0007
0.000705
0.000732
0.000723
0.000951
0.000759
0.000779
0.000742
0.00071
0.000685
0.000754
0.000688
0.000712
0.000749
0.000691
0.000742
0.000721
0.000779
0.000992
0.000709
0.000731
0.000693
0.000918
0.000705
0.000777
0.000738
0.000717
0.000706
0.000694
0.000713
0.000695
0.000783
0.000674
0.000704
0.000697
0.000695
0.000807
0.000759
0.000945
0.00072
0.000719
0.000757
0.000699
0.000691
0.00072
0.000728
0.000683
0.000699
0.000701
0.000903
0.0007
0.000994
0.000812
0.000713
0.000708
0.000754
0.000705
0.000778
0.000689
0.000685
0.000767
0.000734
0.000694
0.000701
0.000703
0.00077
0.00071
0.000697
0.000843
0.000728
0.000706
0.000698
0.0007
0.000781
0.000691
0.000918
0.000674
0.000699
0.000693
0.000765
0.000693
0.000711
0.000776
0.000923
0.000798
0.000726
0.000708
0.000695
0.000703
0.000716
0.000703
0.000785
0.00076
0.000728
0.000703
0.0008
0.000767
0.000701
0.000701
0.000688
0.000774
0.000753
0.000704
0.000718
0.000789
0.000697
0.000772
0.000678
0.00092
0.000692
0.000744
0.000965
0.000962
0.000705
0.000728
0.000694
0.000804
0.000684
0.000738
0.00069
0.00078
0.000694
0.000752
0.000717
0.000738
0.000714
0.000739
0.000687
0.000688
0.000701
0.000727
0.000797
0.000707
0.000724
0.000842
0.000724
0.000703
0.000751
0.000728
0.00073
0.000744
0.000732
0.000703
0.000735
0.000711
0.000715
0.000688
0.000776
0.00068
0.000679
0.000726
0.000778
0.00074
0.000775
0.000714
0.000717
0.000742
0.000687
0.000683
0.000697
0.000688
0.000676
0.000714
0.000697
0.000697
0.000732
0.000695
0.000694
0.00094
0.000691
0.000687
0.000712
0.000679
0.000706
0.000716
0.000711
0.000703
0.00071
0.000691
0.0007
0.000713
0.000759
0.000741
0.000695
0.000688
0.0007
0.000871
0.000791
0.000679
0.000768
0.000707
0.000702
0.000698
0.000719
0.000712
0.000732
0.000694
0.000705
0.000727
0.000726
0.000705
0.000774
0.000705
0.000703
0.00074
0.000917
0.000799
0.000859
0.000704
0.000714
0.000715
0.000717
0.000773
0.000692
0.000746
0.001024
0.000696
0.000691
0.000685
0.000718
0.000726
0.000774
0.000978
0.000725
0.000895
0.000732
0.00073
0.000696
0.000695
0.000687
0.000945
0.000688
0.00069
0.00073
0.000705
0.000714
0.000722
0.000708
0.000694
0.000725
0.00069
0.000701
0.00071
0.000693
0.000681
0.000714
0.000762
0.000706
0.000883
0.000732
0.000756
0.000689
0.000686
0.000726
0.000733
0.000714
0.000784
0.00077
0.000772
0.00076
0.000847
0.000765
0.000787
0.000993
0.000805
0.000938
0.000796
0.000757
0.000851
0.000895
0.000725
0.000811
0.000761
0.000768
0.000769
0.000821
0.000695
0.000686
0.000779
0.000812
0.000831
0.000872
0.00081
0.000849
0.000842
0.00084
0.000847
0.000836
0.000873
0.000988
0.000865
0.000867
0.001209
0.000854
0.000991
0.00087
0.000927
0.001187
0.000872
0.000953
0.001019
0.000931
0.000902
0.001041
0.00125
0.001201
0.000923
0.000904
0.000882
0.00087
0.000976
0.0009
0.001259
0.000876
0.001012
0.000889
0.000895
0.000903
0.000945
0.000929
0.000879
0.000905
0.001035
0.002004
0.001638
0.002592
0.0012
0.001623
0.001903
0.001559
0.00211
0.001047
0.001189
0.00263
0.001593
0.002696
0.00259
0.002081
0.002757
0.000946
0.003397
0.002346
0.000904
0.002477
0.000852
0.000861
0.001187
0.001977
0.001684
0.001891
0.001402
0.003607
0.003594
0.004118
0.001269
0.00097
0.001109
0.001177
0.001183
0.00082
0.000827
0.001458
0.003565
0.00317
0.000889
0.000971
0.000977
0.001707
0.00081
0.001002
0.002098
0.000829
0.000849
0.000916
0.000952
0.001445
0.000941
0.001607
0.003237
0.001215
0.001125
0.001794
0.001163
0.002593
0.003689
0.000844
0.000794
0.000937
0.002214
0.00322
0.000826
0.000963
0.00091
0.000822
0.000773
0.001521
0.00225
0.003063
0.001636
0.001579
0.001612
0.001291
0.001278
0.001273
0.001481
0.000801
0.001311
0.000791
0.001586
0.000762
0.000876
0.001226
0.001022
0.000776
0.000787
0.001944
0.000779
0.001413
0.000759
0.000799
0.001446
0.003067
0.00174
0.001692
0.002803
0.000777
0.000763
0.000769
0.001942
0.000755
0.000751
0.000807
0.000755
0.000757
0.000851
0.00153
0.00076
0.000761
0.00076
0.000757
0.000791
0.000899
0.000807
0.000914
0.000806
0.000768
0.000777
0.001238
0.003126
0.002081
0.002989
0.000944
0.000939
0.003023
0.000978
0.001375
0.003159
0.003037
0.00092
0.002221
0.000749
0.000744
0.001378
0.002957
0.002921
0.002978
0.000763
0.001528
0.001587
0.002988
0.001998
0.001658
0.003048
0.001511
0.00339
0.0009
0.000927
0.001109
0.001255
0.001135
0.002713
0.0008
0.000748
0.002056
0.000758
0.000762
0.000833
0.00105
0.001622
0.002983
0.001314
0.002394
0.000808
0.001044
0.00246
0.000757
0.000932
0.001447
0.001448
0.0011
0.001709
0.000918
0.001154
0.00077
0.000747
0.000853
0.000965
0.000766
0.000828
0.000808
0.0009
0.000769
0.000789
0.000773
0.000769
0.001158
0.000765
0.000779
0.00075
0.001244
0.001754
0.002057
0.000766
0.00075
0.001025
0.001195
0.002048
0.000782
0.000803
0.001059
0.000844
0.000867
0.000857
0.000761
0.001141
0.001136
0.00081
0.000905
0.001006
0.000783
0.000764
0.001535
0.000818
0.00076
0.000796
0.003255
0.001226
0.00286
0.001689
0.000766
0.001133
0.001173
0.000746
0.000772
0.001302
0.000855
0.001922
0.001177
0.000747
0.001216
0.001552
0.001146
0.000752
0.000756
0.001621
0.000763
0.000762
0.001426
0.001753
0.00079
0.001102
0.002102
0.001868
0.000987
0.000752
0.000753
0.000852
0.001315
0.000791
0.000902
0.000968
0.002979
0.001329
0.000903
0.00078
0.003361
0.000767
0.000767
0.000745
0.000845
0.000774
0.000918
0.000911
0.00083
0.000998
0.000874
0.000945
0.002944
0.003497
0.004312
0.00337
0.002929
0.003265
0.003795
0.00326
0.003494
0.003273
0.003355
0.003297
0.003439
0.003267
0.003276
0.003403
0.003312
0.003288
0.003316
0.003342
0.003247
0.003477
0.00346
0.003478
0.003488
0.003263
0.004878
0.00327
0.003263
0.003314
0.003382
0.004426
0.003262
0.003444
0.003279
0.003297
0.003355
0.003472
0.003257
0.003337
0.003325
0.003333
0.0033
0.002955
0.003287
0.00335
0.003302
0.003331
0.003383
0.003358
0.004657
0.003527
0.003384
0.003396
0.003313
0.003726
0.003481
0.003489
0.003274
0.002949
0.003385
0.003695
0.003293
0.00352
0.003396
0.003332
0.003322
0.003774
0.003361
0.002988
0.003115
0.003049
0.003307
0.003336
0.003273
0.003444
0.003442
0.003334
0.003436
0.003453
0.0047
0.003297
0.003412
0.004846
0.00209
0.000754
0.000772
0.000802
0.000813
0.000779
0.000761
0.000855
0.00077
0.000758
0.000752
0.000768
0.000776
0.000782
0.000804
0.000809
0.000759
0.000777
0.000768
0.000816
0.000756
0.000765
0.000811
0.000779
0.000776
0.00086
0.000852
0.00077
0.00076
0.000775
0.000842
0.000856
0.000764
0.000779
0.000759
0.00075
0.000763
0.000757
0.000827
0.000773
0.000763
0.000761
0.00083
0.000884
0.000791
0.000756
0.000764
0.000751
0.000772
0.000802
0.000774
0.000788
0.000742
0.001098
0.000756
0.000764
0.000857
0.000816
0.000762
0.000754
0.000747
0.000791
0.000792
0.000763
0.000793
0.000799
0.000765
0.00077
0.000767
0.000764
0.000809
0.000804
0.001011
0.000749
0.000743
0.000777
0.000836
0.000823
0.000824
0.0008
0.000769
0.000769
0.000767
0.000759
0.00081
0.000758
0.000768
0.000766
0.000817
0.000788
0.000831
0.000834
0.000774
0.000784
0.000791
0.000792
0.000756
0.000836
0.000758
0.000764
0.000768
0.000774
0.000761
0.000767
0.000771
0.000774
0.000824
0.000771
0.00076
0.00076
0.000775
0.000824
0.000762
0.000774
0.000809
0.000772
0.000795
0.000756
0.00077
0.000762
0.000761
0.000764
0.000763
0.000762
0.000772
0.000765
0.000761
0.000776
0.000756
0.000781
0.00078
0.000761
0.000807
0.000779
0.000755
0.000751
0.000808
0.000838
0.000804
0.000768
0.000771
0.000775
0.000789
0.000779
0.000757
0.000761
0.000767
0.000793
0.000774
0.000755
0.000782
0.000756
0.000757
0.00076
0.00081
0.000786
0.000744
0.00077
0.000764
0.000772
0.000763
0.000755
0.000766
0.00076
0.000824