
2.6949e-05
5.7631e-05
2.8733e-05
2.3792e-05
3.0063e-05
3.0703e-05
2.7228e-05
3.4554e-05
2.5015e-05
2.1684e-05
2.6279e-05
3.1851e-05
1.6259e-05
3.6442e-05
1.9468e-05
1.8545e-05
2.377e-05
2.5008e-05
2.8614e-05
1.5842e-05
2.5207e-05
3.3739e-05
3.4902e-05
2.4031e-05
1.4725e-05
3.2945e-05
1.5726e-05
3.089e-05
1.932e-05
1.6444e-05
4.2648e-05
4.5932e-05
3.3199e-05
2.6305e-05
2.5386e-05
2.9723e-05
6.2774e-05
1.4267e-05
1.5612e-05
3.049e-05
3.049e-05
3.057e-05
4.0594e-05
2.4175e-05
2.4809e-05
1.5803e-05
2.4015e-05
2.6301e-05
1.3785e-05
3.9727e-05
2.1673e-05
2.4635e-05
8.2452e-05
3.5161e-05
8.3251e-05
4.1156e-05
3.3757e-05
4.3141e-05
5.7155e-05
4.9854e-05
6.9655e-05
4.1169e-05
5.9913e-05
4.9718e-05
4.2206e-05
4.3715e-05
8.5456e-05
0.000116345
7.6523e-05
3.4783e-05
0.000105929
6.1472e-05
3.2227e-05
6.2461e-05
4.3564e-05
4.3659e-05
3.2449e-05
3.8807e-05
5.0759e-05
6.1553e-05
3.3824e-05
3.3133e-05
3.7461e-05
2.3847e-05
2.4152e-05
4.4561e-05
2.9283e-05
0.000120126
1.9107e-05
2.0139e-05
3.6645e-05
2.307e-05
3.2483e-05
6.7545e-05
1.9231e-05
3.5658e-05
4.9861e-05
3.1824e-05
3.8009e-05
3.3854e-05
1.929e-05
1.6565e-05
3.7839e-05
2.1712e-05
9.8335e-05
6.8335e-05
2.2869e-05
2.7169e-05
1.5817e-05
2.9739e-05
3.2416e-05
2.9829e-05
2.8323e-05
9.8909e-05
2.2723e-05
3.3122e-05
3.12e-05
0.000127557
2.152e-05
1.665e-05
3.1214e-05
2.5328e-05
4.3678e-05
2.5126e-05
2.1797e-05
2.9423e-05
7.6068e-05
8.3243e-05
4.419e-05
4.7255e-05
8.1084e-05
3.8741e-05
7.6752e-05
4.0362e-05
4.498e-05
3.0259e-05
2.3277e-05
4.432e-05
6.4704e-05
4.804e-05
2.7043e-05
2.7635e-05
2.199e-05
6.9439e-05
2.5946e-05
4.1704e-05
6.2615e-05
2.2573e-05
3.5701e-05
3.2518e-05
3.1007e-05
0.000132427
3.5844e-05
1.9542e-05
1.7004e-05
2.6692e-05
1.6829e-05
4.0099e-05
1.6886e-05
3.6893e-05
2.281e-05
6.2819e-05
3.2608e-05
5.108e-05
1.4453e-05
1.9504e-05
2.7851e-05
2.1897e-05
1.7617e-05
2.7231e-05
2.9516e-05
1.7415e-05
3.2138e-05
1.6767e-05
2.4616e-05
2.7859e-05
3.4255e-05
3.0321e-05
4.3511e-05
0.000112818
2.4441e-05
0.000130859
4.3379e-05
5.5444e-05
2.9834e-05
4.4212e-05
8.861e-05
3.8816e-05
3.1086e-05
8.8968e-05
3.4371e-05
1.6884e-05
4.0121e-05
4.1608e-05
3.6132e-05
7.8431e-05
2.3826e-05
4.4768e-05
8.9837e-05
0.00013126
5.6261e-05
2.7323e-05
4.1107e-05
8.6974e-05
6.1559e-05
2.3274e-05
3.5175e-05
5.7992e-05
3.0733e-05
6.3786e-05
2.9147e-05
4.9639e-05
4.4108e-05
3.0127e-05
1.6146e-05
3.5968e-05
0.000144387
0.000119411
3.5059e-05
4.3856e-05
1.6329e-05
2.1618e-05
1.6508e-05
3.5548e-05
9.7543e-05
4.0805e-05
5.0154e-05
9.1323e-05
3.7804e-05
4.2249e-05
2.2541e-05
3.0662e-05
3.0714e-05
1.6531e-05
1.6652e-05
2.1914e-05
3.0367e-05
3.3489e-05
3.2067e-05
3.6834e-05
1.6809e-05
4.0086e-05
4.4288e-05
4.4179e-05
4.0292e-05
2.5265e-05
8.9263e-05
3.1774e-05
2.9468e-05
3.6878e-05
2.398e-05
2.1685e-05
2.9593e-05
2.1328e-05
1.6615e-05
2.381e-05
2.1761e-05
1.9668e-05
5.4169e-05
3.0569e-05
5.6399e-05
2.2055e-05
1.401e-05
2.567e-05
7.2074e-05
2.7392e-05
3.7974e-05
0.000118727
7.0892e-05
3.9128e-05
2.4837e-05
2.5508e-05
4.7512e-05
3.6641e-05
2.0788e-05
5.0505e-05
2.3167e-05
2.9681e-05
1.5092e-05
1.4946e-05
4.5848e-05
2.6964e-05
3.8544e-05
5.5256e-05
4.6757e-05
2.3523e-05
4.073e-05
6.1505e-05
7.8131e-05
5.9371e-05
0.000119445
2.295e-05
2.351e-05
2.9557e-05
3.0324e-05
5.2637e-05
4.9975e-05
4.7908e-05
2.7661e-05
3.3715e-05
3.5946e-05
3.6572e-05