
2.43015
2.48911
2.49477
2.46423
2.43015
2.42346
2.49075
2.44428
2.50259
2.43015
2.51716
2.50191
2.42347
2.31513
2.31269
2.19087
2.12452
1.83113
1.78262
1.72191
1.69806
1.46984
1.43281
1.37934
1.36412
1.33626
1.32307
1.30479
1.28179
1.27608
1.25239
1.24614
1.22006
1.21321
1.17593
1.22058
1.21457
1.20884
1.18193
1.17167
1.1331
1.13057
1.0279
1.00717
0.987775
0.969279
0.940652
0.934849
0.931306
0.928224
0.905057
0.894397
0.883937
0.868084
0.865516
0.852164
0.8504
0.853157
0.857254
0.860955
0.867865
0.888732
0.889891
0.913114
0.913114
0.937694
0.94856
0.969558
0.981925
1.00391
1.03148
1.03148
1.04595
1.08192
1.10264
1.10733
1.12027
1.13797
1.14907
1.16894
1.17342
1.18997
1.20088
1.20739
1.22067
1.23732
1.25121
1.27286
1.28657
1.28974
1.29604
1.30532
1.3111
1.31927
1.32973
1.34257
1.34822
1.36659
1.37659
1.37991
1.38969
1.3529
1.36527
1.37789
1.43246
1.44283
1.44983
1.47386
1.48068
1.49789
1.51536
1.52956
1.53673
1.55547
1.57521
1.59201
1.60487
1.61828
1.64157
1.65124
1.67636
1.6868
1.70829
1.74834
1.77879
1.77879
1.77879
1.83699
1.87151
1.8927
1.92941
1.95193
1.9831
2.00662
2.05539
2.09734
2.10593
2.14061
2.15825
2.2305
2.27715
2.29581
2.30436
2.37246
2.43162
2.49162
2.53216
2.56286
2.58352
2.61486
2.63554
2.667