
0.060498
0.0953665
0.0841433
0.106269
0.0889066
0.111386
0.0676462
0.0832201
0.00565173
0.00816217
0.0130925
0.0123812
0.026932
0.121747
0.121747
0.121747
0.125136
0.133793
0.133793
0.066
0.0417583
0.0307665
0.0125035
0.02951
0.0278993
0.0170556
0.0151266
0.0129648
0.00878952
0.0159485
0.0106007
0.0183143
0.0183143
0.00664383
0.0274203
0.012518
0.012518
0.0214092
0.0297591
0.0176569
0.00555086
0.0261843
0.0101266
0.0230016
0.00204398
0.0317372
0.0057179
0.0276607
0.0157085
0.00635293
0.00635293
0.0137577
0.0997254
0.116374
0.0428394
0.031115
0.042733
0.10109
0.10109
0.0985133
0.106426
0.111159
0.127432
0.0336361
0.0338439
0.0418827
0.0418827
0.0417666
0.0134405
0.0415776
0.015813
0.015813
0.0194412
0.0171741
0.0227344
0.0252283
0.0252283
0.00717235
0.00717235
0.0131433
0.0242875
0.0405675
0.0357689
0.00684868
0.0309181
0.00883273
0.0277077
0.0277077
0.0352697
0.0534304
0.00320072
0.0102829
0.0102829
0.0150786
0.0107494
0.00240752
0.00240752
0.00212188
0.00212188
0.035078
0.0470678
0.0348221
0.0608344
0.00380517
0.0165448
0.0239727
0.0140138
0.0140138
0.00877267
0.00481115
0.00212061
0.00212061
0.00215006
0.0116568
0.0303293
0.0731219
0.00376501
0.0355869
0.00193263
0.00852738
0.00216248
0.00539283
0.0122338
0.0119531
0.0144036
0.00278139
0.00911712
0.00603124
0.0161274
0.00548675
0.0110305
0.0174425
0.0180563
0.00800376