
3e-06
1e-06
2e-06
1e-06
2e-06
2e-06
1e-06
1e-06
2e-06
1e-06
1e-06
1e-06
0
1e-06
1e-06
1e-06
2e-06
1e-06
1e-06
1e-06
0
1e-06
1e-06
0
1e-06
1e-06
1e-06
1e-06
1e-06
1e-06
1e-06
1e-06
3e-06
1e-06
1e-06
1e-06
1e-06
1e-06
1e-06
1e-06
1e-06
1e-06
1e-06
1e-06
1e-06
1e-06
1e-06
1e-06
1e-06
0
0
1e-06
2e-06
2e-06
4e-06
2e-06
2e-06
2e-06
2e-06
4e-06
2e-06
2e-06
3e-06
2e-06
3e-06
2e-06
4e-06
4e-06
4e-06
2e-06
4e-06
1e-06
2e-06
4e-06
3e-06
0.03189
0.028812
0.028411
0.099481
0.080347
2e-06
1e-06
2e-06
1e-06
3e-06
3e-06
1e-06
4e-06
0.024478
1e-06
3e-06
1e-06
2e-06
2e-06
1e-06
2e-06
2e-06
1e-06
2e-06
2e-06
0.031127
1e-06
2e-06
2e-06
7e-06
3e-06
2e-06
1e-06
1e-06
3e-06
1e-06
2e-06
2e-06
5e-06
1e-06
2e-06
1e-06
7e-06
0.021123
0.017105
0.015449
0.017475
0.026111
0.020856
1e-06
1e-06
3e-06
7e-06
9.9e-05
2e-06
2e-06
3e-06
2e-06
2e-06
3e-06
2e-06
2e-06
1e-06
2e-06
4e-06
0.015348
0.014459
0.013527
0.021502
0.019263
0.020522
0.033294
0.013783
0.014686
0.05671
0.041728
0.07388
0.06101
0.022853
0.018206
0.018274
0.01621
0.016738
0.016029
0.015964
0.016971
0.056665
0.018088
0.016148
0.014497
0.016791
0.016872
0.016549
0.018695
0.018467
0.018425
0.016062
0.01698
0.015823
0.018015
0.01457
0.014312
0.02546
0.074249
9e-06
2e-06
7e-06
3e-06
1e-06
3e-06
3e-06
7e-06
3e-06
1e-06
3e-06
1e-06
2e-06
2e-06
3e-06
0.018962
0.065799
3e-06
0.058189
0.072581
0.059082
5e-06
2e-06
3e-06
5e-06
1e-06
2e-06
2e-06
3e-06
2e-06
4e-06
1e-06
3e-06
4e-06
0.015944
0.015423
0.017052
0.075382
0.072678
2e-06
2e-06
1e-06
0.047291
1e-06
1e-06
3e-06
3e-06
3e-06
0.059454
0.023457
1e-06
2e-06
1e-06
1e-06
0.017651
0.017729
0.017744
0.017806
0.016971
0.016924
0.017139
0.017508
0.055593
0.017946
0.016707
0.016389
0.015689
0.075361
0.021527
0.01494
0.017344
0.038415
0.016822
0.016487
0.017173
0.013819
0.013784
0.015744
0.013059
0.053186
0.018456
0.052953
0.014408
0.01493
0.013401
0.051973
0.01281
0.012945
0.056784
0.028846
0.070851
0.012146
0.033552
0.058445
0.019266
0.013525
0.055519
0.017474
0.012905
0.011994
0.01227
0.013739
0.013706
0.072145
0.063251
0.022617
0.055491
0.054872
0.031234
0.059871
0.067089
0.065071
0.0204
0.020976
0.020788
0.0212
0.017405
0.022962
0.021705
0.021839
0.020418
0.021082
0.020769