
2.2351e-05
4.4875e-05
2.9423e-05
3.5403e-05
3.0937e-05
4.6412e-05
2.1292e-05
3.5379e-05
4.6774e-05
3.5641e-05
2.4014e-05
2.9232e-05
2.285e-05
3.1885e-05
2.1589e-05
2.2945e-05
1.9431e-05
3.2479e-05
4.9787e-05
4.9528e-05
2.6935e-05
6.498e-05
3.3858e-05
2.3042e-05
1.9758e-05
4.5212e-05
2.4641e-05
2.2214e-05
3.312e-05
2.7668e-05
3.3192e-05
2.5334e-05
2.2685e-05
4.6048e-05
2.451e-05
2.1014e-05
4.7527e-05
1.998e-05
1.8361e-05
2.2903e-05
2.971e-05
2.4839e-05
2.6246e-05
3.3269e-05
2.4168e-05
3.1602e-05
2.8854e-05
4.1136e-05
2.5864e-05
1.8718e-05
3.2437e-05
2.4367e-05
8.4376e-05
4.0091e-05
4.6657e-05
4.961e-05
0.000141148
3.8109e-05
3.6112e-05
5.4522e-05
5.3152e-05
7.8672e-05
7.8022e-05
4.2504e-05
0.000165842
6.1241e-05
2.8259e-05
2.3658e-05
6.3312e-05
2.4617e-05
4.9976e-05
5.0441e-05
0.000104535
5.8187e-05
0.000117315
9.1002e-05
4.1349e-05
1.7674e-05
2.9716e-05
2.5015e-05
1.6433e-05
3.6554e-05
2.1367e-05
1.7068e-05
2.4981e-05
1.7819e-05
2.3141e-05
3.2296e-05
2.0336e-05
4.5433e-05
2.6833e-05
5.327e-05
2.0525e-05
2.1699e-05
2.4975e-05
3.8562e-05
1.7095e-05
7.3928e-05
2.5348e-05
1.7879e-05
1.4653e-05
2.829e-05
4.6533e-05
1.6754e-05
8.6417e-05
0.000102865
2.183e-05
2.4328e-05
3.1436e-05
0.00011544
2.6304e-05
5.5705e-05
3.9758e-05
4.4818e-05
2.1715e-05
1.7107e-05
3.0307e-05
2.4998e-05
2.157e-05
4.0832e-05
3.1983e-05
8.5734e-05
4.1223e-05
5.2144e-05
6.5614e-05
6.4341e-05
5.6133e-05
3.7154e-05
5.1055e-05
5.5178e-05
2.7974e-05
6.4163e-05
9.4882e-05
5.9948e-05
3.2414e-05
2.5685e-05
4.5516e-05
7.2408e-05
3.4419e-05
6.7832e-05
5.0768e-05
2.5858e-05
2.78e-05
2.2622e-05
1.6231e-05
2.5133e-05
2.1958e-05
1.7215e-05
4.8205e-05
2.8394e-05
3.6123e-05
2.7122e-05
9.297e-05
5.6776e-05
4.8003e-05
3.9935e-05
4.5716e-05
0.000141832
4.8275e-05
6.2972e-05
4.9822e-05
2.0604e-05
4.6272e-05
3.4329e-05
3.3256e-05
2.9967e-05
4.5028e-05
2.2761e-05
3.6134e-05
3.3581e-05
1.5307e-05
2.299e-05
2.7499e-05
2.7015e-05
3.3578e-05
4.9952e-05
5.1191e-05
3.7076e-05
1.6652e-05
7.8819e-05
2.919e-05
6.3051e-05
3.3967e-05
2.2735e-05
9.8281e-05
2.5072e-05
3.4568e-05
2.2531e-05
0.000137869
2.8433e-05
1.4529e-05
2.1674e-05
2.452e-05
3.5201e-05
2.7128e-05
2.9069e-05
4.9812e-05
3.9832e-05
2.1636e-05
4.077e-05
4.5319e-05
2.4868e-05
4.0004e-05
3.4908e-05
2.7744e-05
4.5409e-05
1.5158e-05
3.2326e-05
3.0809e-05
3.3887e-05
1.7724e-05
2.6346e-05
3.9415e-05
4.5998e-05
2.7076e-05
4.0646e-05
3.1715e-05
9.0767e-05
3.4044e-05
2.2117e-05
3.7942e-05
3.3146e-05
4.9378e-05
6.3835e-05
0.000144464
3.5054e-05
2.3922e-05
2.5046e-05
3.5836e-05
2.7883e-05
2.6611e-05
2.3592e-05
3.7316e-05
4.8592e-05
3.68e-05
2.9063e-05
5.1889e-05
2.7637e-05
3.5707e-05
2.2298e-05
2.3855e-05
2.4758e-05
4.2015e-05
3.4477e-05
3.099e-05
2.2103e-05
3.0301e-05
2.2118e-05
2.2649e-05
3.1714e-05
2.2831e-05
2.8995e-05
3.015e-05
2.0208e-05
3.7365e-05
2.9737e-05
2.7866e-05
7.65e-05
3.1167e-05
5.0716e-05
2.9847e-05
2.4706e-05
4.9922e-05
2.5416e-05
3.594e-05
1.8883e-05
5.8384e-05
4.7772e-05
2.1549e-05
0.000120622
4.8259e-05
5.2689e-05
5.4021e-05
3.9984e-05
3.8835e-05
5.4876e-05
2.8393e-05
4.4434e-05
0.000133758
8.4903e-05
2.6936e-05
2.2904e-05
3.3004e-05
3.0816e-05
6.2917e-05
4.7336e-05
0.000115382
0.000226087