
0.018482
0.001237
0.001438
0.001119
0.001122
0.001124
0.002274
0.001247
0.001883
0.001102
0.001154
0.000869
0.003606
0.00251
0.003534
0.001083
0.000803
0.002299
0.001824
0.001957
0.002249
0.001082
0.001452
0.000804
0.001245
0.001057
0.003549
0.001176
0.001034
0.003497
0.002252
0.001074
0.001068
0.003586
0.001949
0.002391
0.000918
0.001567
0.001204
0.000797
0.001996
0.001874
0.000923
0.001191
0.00121
0.001197
0.001414
0.001309
0.002795
0.00107
0.001926
0.000937
0.001278
0.000901
0.001927
0.000942
0.002246
0.000885
0.000899
0.000901
0.000976
0.001168
0.001136
0.004345
0.008488
0.001164
0.001452
0.001105
0.002158
0.001423
0.002936
0.002816
0.005714
0.001431
0.001956
0.001825
0.006255
0.003328
0.002648
0.002094
0.002093
0.001769
0.001673
0.001587
0.004052
0.004133
0.00516
0.001374
0.001209
0.001245
0.000944
0.001163
0.004905
0.003705
0.001306
0.0015
0.001061
0.001147
0.002738
5.1e-05
0.00402
0.003359
5.2e-05
0.002074
0.001832
0.016451
0.00022
0.000644
0.000452
0.00067
0.001358
0.001284
0.000842
0.000615
0.001301
0.000693
0.004862
0.00194
0.002128
0.001576
0.001024
0.001448
0.0005
0.001201
0.001173
0.000705
0.002288
0.001324
0.001199
0.001107
0.000553
0.00085
0.000867
0.001197
0.00193
0.000849
0.001544
0.001527
0.000674
0.001204
0.001604
0.001275
0.018137
0.000209
0.000244
0.001185
0.000282
0.001173
0.001206
0.002857
0.004876
0.00099
0.001227
0.001263
0.001759
0.003334
0.000994
0.002988
0.004658
0.000971
0.001088
0.001416
0.001219
0.00187
0.00344
0.001912
0.001163
0.001318
0.003381
0.002759
0.001933
0.001106
0.000938
0.002406
0.001896
0.022846
0.000589
0.000198
0.000496
0.000776
0.001361
0.00107
0.000283
0.000219
0.000264
0.000618
0.00218
0.001229
0.000442
0.000772
0.001207
0.000882
0.001078
0.003429
0.001342
0.001358
2.5e-05
0.00568
2.7e-05
2e-05
0.002176
0.00106
1.7e-05
1.6e-05
0.002349
0.015078
0.000412
0.000429
0.000602
0.001343
0.000745
0.000356
0.000214
0.00078
0.000615
0.006525
0.006559
0.002091
2.1e-05
2e-05
0.001007
0.000428
2.6e-05
1.4e-05
0.003143
0.004104
2.9e-05
2.4e-05
0.001412
0.000601
2.3e-05
2.1e-05
0.017007
0.001086
0.002208
1.7e-05
1.4e-05
0.002131
1.8e-05
1.6e-05
0.001676
0.002117
1.9e-05
1.9e-05
0.002976
0.001174
6.4e-05
5.8e-05
0.001632
0.003191
2.5e-05
2.4e-05
0.001996
0.003583
0.002943
2.8e-05
2.6e-05
0.00289
0.002196
0.00215
2.8e-05
2.7e-05
0.004549
0.002286
5.9e-05
5.3e-05
0.002553
0.002082
0.002135
0.004625
0.001552
0.004551
0.002418
0.004349
0.00256
0.021015
0.000588
0.001354
0.000917
0.001269
0.001236
0.000407
0.000681
0.001083
0.000354
0.001327
0.000358
0.002578
0.000522
0.001863
0.003216
0.002287
0.000881
0.001852
0.002584
0.005578
0.001262
0.007935
0.00149
0.002041
0.000254
0.001573
0.000758
0.000976
0.019792
0.001441
0.001304
0.000518
0.001282
0.001297
0.000695
0.001241
0.001332
0.000653
0.001286
0.002876
0.001359
0.00129
0.000626
0.002684
0.002646
0.000704
0.000406
0.002503
0.002045
0.001141
0.000476
0.000987
0.000482
0.010883
0.002154
0.001849
0.00289
0.000387
0.000429
0.001303
0.001026
0.000668
0.000423
0.004428
0.0005
0.003666
0.002193
0.024376
0.001485
0.001257
0.001317
0.00133
0.00128
0.000656
0.0006
0.001258
0.001326
0.000712
0.006349
0.010389
0.003619
0.004237
0.00112
0.000373
0.00254
0.005421
0.001204
0.000786
0.003687
0.002856
0.022763
0.000559
0.001282
0.000404
0.001345
0.001517
0.000644
0.000592
0.001288
0.001325
0.00088
0.002152
0.001356
0.002371
0.001481
0.003545
0.001538
0.002498
0.000409
0.00302
0.002005
0.000604
0.001861
0.000631
0.001333
0.000591
0.000627
0.000901
0.001346
0.002047
0.000433
0.002052
0.000413
0.000815
0.001311
0.002027
0.003405
0.000373
0.001515
0.017471
0.000572
0.001303
0.000354
0.000382
0.000594
0.00057
0.001309
0.001577
0.001268
0.003598
0.002482
0.0027
0.002793
0.001265
0.000572
0.000605
0.00192
0.001029
0.001123
0.003569
0.001504
0.003656
0.000558
0.000377
0.000577
0.000575
0.001065
0.00056
0.002834
0.000394
0.006208
0.002442
0.00348
0.021961
0.000498
0.001558
0.000588
0.000586
0.001285
0.000543
0.000588
0.000594
0.001625
0.001345
0.000802
0.00043
0.003525
0.00044
0.000939
0.001285
0.015651
0.006706
0.00352
0.001586
0.000536
0.000555
0.00232
0.000351
0.020136
0.000483
0.00138
0.000537
0.000427
0.000349
0.000527
0.00058
0.000559
0.0016
0.00139
0.002244
0.001615
0.001115
0.000398
0.002008
0.000199
0.002557
0.00047
0.000595
0.001151
0.000682
0.000368
0.00299
0.000193
0.001107
0.001382
0.003524
0.001625
0.003741
0.000468
0.00129
0.001382
0.003687
0.001575
0.020776
0.000394
0.000144
0.000553
0.001323
0.000495
0.001307
0.000481
0.001267
0.001456
0.002763
0.001672
0.001349
0.001209
0.000556
0.002551
0.000488
0.001372
0.000487
0.000484
0.001223
0.000401
0.001088
0.000396
0.000596
0.000472
0.001094
0.00039
0.002637
0.001928
0.001817
0.01722
0.000382
0.001644
0.001324
0.001536
0.000416
0.000413
0.001649
0.00046
0.001202
0.001242
0.002411
0.000684
0.000463
0.000458
0.000707
0.000419
0.001335
0.001966
0.000959
0.001827
0.003654
0.001568
0.000895
0.000411
0.000382
0.000438
0.000677
0.001226
0.001947
0.004586
0.000475
0.000817
0.000464
0.001551
0.000516
0.017865
0.000356
0.000344
0.001356
0.001578
0.000381
0.000396
0.001377
0.001227
0.001305
0.001505
0.003439
0.00098
0.003982
0.002216
0.000683
0.00328
0.001571
0.00256
0.00044
0.003057
0.000331
0.002917
0.000362
0.001742
0.001305
0.002226
0.001617
0.001699
0.000398
0.00266
0.001315
0.003488
0.000727
0.000403
0.000451
0.020808
0.000299
0.00031
0.000475
0.001666
0.000419
0.000377
0.000285
0.000481
0.00041
0.001383
0.002542
0.000456
0.002756
0.000445
0.0028
0.000301
0.002738
0.000323
0.000743
0.000496
0.001861
0.000433
0.000791
0.000523
0.000656
0.000676
0.006401
0.000562
0.019255
0.000298
0.000279
0.000515
0.000421
0.00128
0.000353
0.000256
0.000513
0.001211
0.000297
0.003725
0.000467
0.002544
0.000455
0.002712
0.000418
0.00256
0.000473
0.00283
0.000269
0.002968
0.001682
0.018787
0.000235
0.00023
0.001354
0.001256
0.0003
0.000239
0.001399
0.000362
0.000928
0.001546
0.000502
0.000546
0.000745
0.000419
0.001815
0.002488
0.001753
0.001932
0.00265
0.00024
0.002177
0.00044
0.002678
0.000231
0.001033
0.005014
0.00037
0.000388
0.00026
0.002528
0.000298
0.001714
0.003674
0.00054
0.000248
0.000449
0.002317
0.000417
0.014897
0.001276
0.000394
0.001439
0.001289
0.00132
0.000243
0.000425
0.000377
0.001244
0.00036
0.000975
0.000383
0.002345
0.001763
0.000408
0.001416
0.002311
0.00041
0.003775
0.000405
0.000273
0.000295
0.004926
0.000529
0.007419
0.003234
0.000316
0.000315
0.004103
0.003098
0.003938
0.003419
0.003654
0.016587
0.001523
0.000347
0.001277
0.001428
0.001287
0.000232
0.00036
0.001271
0.001329
0.001287
0.002383
0.001284
0.005121
0.004975
0.001864
0.001945
0.00187
0.001898
0.000749
0.002512
0.000389
0.00202
0.000281
0.000213
0.00329
0.002647
0.019152
0.000146
0.005144
0.005783
0.005495
0.002211
0.002176
0.000958
0.001303
0.001645
0.000547
0.000633
0.002163
0.005676
0.014761
0.000146
0.003856
0.000451
0.00042