
0.000862
0.00056
0.000575
0.000474
0.000579
0.000649
0.000556
0.00056
0.000671
0.000549
0.000616
0.000608
0.000581
0.000617
0.000529
0.000588
0.000695
0.000661
0.000548
0.000558
0.000564
0.000543
0.000549
0.00054
0.000627
0.000546
0.000545
0.000541
0.000612
0.000584
0.000552
0.000814
0.000624
0.000536
0.000539
0.000546
0.000536
0.000541
0.00061
0.000548
0.00056
0.000552
0.000532
0.000549
0.000622
0.000536
0.000581
0.000591
0.00054
0.000538
0.000547
0.000549
0.00055
0.000539
0.000541
0.000546
0.000599
0.000641
0.000607
0.000617
0.000627
0.000569
0.00057
0.000533
0.000585
0.000541
0.000614
0.000635
0.000549
0.000547
0.00054
0.000617
0.000549
0.00054
0.000554
0.000581
0.000543
0.000535
0.000542
0.000748
0.000605
0.000593
0.000554
0.000531
0.000593
0.000587
0.000621
0.00061
0.000624
0.000563
0.000544
0.000541
0.00054
0.000557
0.000566
0.000551
0.000649
0.000539
0.000568
0.000538
0.000548
0.000531
0.000535
0.000537
0.000547
0.000544
0.000574
0.000546
0.000568
0.000591
0.000587
0.000574
0.00054
0.000534
0.000539
0.000541
0.000579
0.000626
0.000543
0.000541
0.000637
0.000539
0.000539
0.000558
0.000549
0.000545
0.000712
0.000554
0.000552
0.000605
0.000542
0.000554
0.000557
0.000553
0.000542
0.000556
0.000551
0.000539
0.000549
0.000755
0.000554
0.000658
0.000541
0.00055
0.000557
0.000534
0.000541
0.000578
0.000781
0.00054
0.000541
0.000617
0.00054
0.000544
0.000552
0.000745
0.000542
0.000529
0.000541
0.000548
0.000634
0.000537
0.000637
0.000619
0.000573
0.00054
0.000539
0.000543
0.000533
0.000543
0.000604
0.000541
0.000544
0.000539
0.000536
0.000544
0.000532
0.000539
0.000583
0.000558
0.000585
0.000553
0.000541
0.000543
0.000536
0.00055
0.000543
0.000543
0.000542
0.000576
0.000758
0.000541
0.000541
0.00056
0.000543
0.000541
0.000755
0.000544
0.000539
0.000612
0.000587
0.000752
0.000549
0.000545
0.000553
0.000634
0.000554
0.000527
0.00055
0.000536
0.000553
0.000569
0.000597
0.000607
0.000627
0.000534
0.000751
0.000593
0.000532
0.00054
0.000533
0.000567
0.000771
0.000529
0.000525
0.000546
0.000757
0.000763
0.000523
0.000534
0.000745
0.00054
0.000787
0.000538
0.000645
0.000596
0.000583
0.000644
0.000543
0.000566
0.000597
0.000545
0.000532
0.000533
0.000601
0.00054
0.00062
0.000578
0.000531
0.000546
0.000544
0.000564
0.00054
0.000539
0.00053
0.000542
0.000562
0.000567
0.000546
0.000597
0.000543
0.00054
0.0006
0.000545
0.000616
0.000547
0.000649
0.000586
0.000543
0.00061
0.000628
0.000544
0.000686
0.000544
0.000544
0.000531
0.000536
0.000573
0.000553
0.000541
0.000538
0.000649
0.000545
0.000531
0.000527
0.000534
0.000534
0.000601
0.000547
0.00055
0.000542
0.000535
0.000552
0.000611
0.000541
0.000546
0.000557
0.000549
0.000632
0.000551
0.00056
0.000595
0.000528
0.000542
0.000563
0.000761
0.000576
0.000616
0.000533
0.000539
0.000535
0.000541
0.000608
0.000539
0.000619
0.00054
0.000542
0.000569
0.00054
0.000575
0.000529
0.000535
0.000537
0.000759
0.000642
0.000538
0.000556
0.000553
0.000551
0.000546
0.000533
0.000533
0.000543
0.000544
0.000552
0.000595
0.000552
0.00056
0.000539
0.000538
0.000548
0.000659
0.000537
0.000592
0.000545
0.000756
0.000537
0.000631
0.000556
0.000529
0.000538
0.000529
0.000536
0.000529
0.000615
0.0006
0.000652
0.00054
0.000541
0.000542
0.000544
0.000547
0.000535
0.000544
0.000572
0.000546
0.000547
0.00055
0.000674
0.000545
0.000539
0.00054
0.00053
0.000577
0.000543
0.000527
0.000547
0.000573
0.000547
0.000554
0.000545
0.000597
0.000541
0.000613
0.000598
0.000539
0.000547
0.000805
0.00054
0.000556
0.000609
0.000557
0.000542
0.000539
0.00053
0.000548
0.000541
0.000694
0.00053
0.000558
0.000541
0.000546
0.000531
0.000554
0.000591
0.000542
0.000542
0.000601
0.00054
0.000535
0.000608
0.000529
0.000533
0.000552
0.000538
0.000606
0.000587
0.000762
0.000535
0.000572
0.000545
0.000606
0.000538
0.000534
0.000545
0.000548
0.000551
0.000554
0.000657
0.000741
0.000768
0.000563
0.000564
0.000632
0.000536
0.000583
0.000596
0.000533
0.000548
0.00067
0.000538
0.000538
0.000533
0.000541
0.000654
0.000549
0.000549
0.00053
0.000537
0.000577
0.000592
0.000582
0.000556
0.000561
0.000565
0.000544
0.000544
0.000815
0.000527
0.000544
0.00054
0.000585
0.000549
0.000603
0.000538
0.000541
0.000537
0.000547
0.000601
0.000601
0.000542
0.000544
0.000632
0.00055
0.000551
0.000627
0.000554
0.000792
0.000558
0.000567
0.000544
0.000545
0.000632
0.000574
0.000543
0.000553
0.000606
0.000538
0.000564
0.000536
0.000559
0.000759
0.000543
0.000542
0.000544
0.00056
0.00055
0.000748
0.000774
0.000568
0.0006
0.000566
0.000571
0.000564
0.000558
0.000534
0.000549
0.000622
0.000555
0.000537
0.00055
0.00055
0.000782
0.000631
0.000564
0.000539
0.000542
0.000557
0.000544
0.000583
0.000767
0.000543
0.000593
0.000547
0.000545
0.000541
0.000538
0.000543
0.000549
0.000561
0.000616
0.000548
0.000537
0.000547
0.00054
0.000545
0.000701
0.000931
0.000683
0.000887
0.000665
0.000658
0.000659
0.000839
0.000738
0.00068
0.000687
0.000806
0.000696
0.000785
0.000697
0.000684
0.000684
0.000737
0.000689
0.000718
0.000732
0.000682
0.000658
0.000824
0.000676
0.000677
0.000645
0.000744
0.000665
0.000646
0.00066
0.000641
0.000553
0.00054
0.00054
0.000546
0.000582
0.000638
0.000548
0.000568
0.000552
0.000548
0.000539
0.000593
0.000592
0.000548
0.000549
0.000579
0.000538
0.000541
0.000538
0.000536
0.000781
0.000598
0.000544
0.00055
0.000539
0.000536
0.000551
0.000541
0.000601
0.000541
0.000615
0.000788
0.000543
0.000542
0.000549
0.000582
0.000536
0.000541
0.000713
0.000544
0.000579
0.000559
0.000545
0.000546
0.000676
0.000551
0.000536
0.000539
0.000541
0.000551
0.000559
0.000646
0.000613
0.000547
0.000528
0.000581
0.000541
0.000605
0.000628
0.000536
0.000641
0.000542
0.000543
0.000538
0.000544
0.000578
0.000551
0.000542
0.000548
0.00054
0.000775
0.000582
0.0008
0.000738
0.000634
0.000542
0.000616
0.000539
0.000545
0.000541
0.000544
0.000542
0.000551
0.000623
0.000602
0.000563
0.000824
0.000571
0.000563
0.000564
0.000531
0.000755
0.000543
0.000561
0.000569
0.000562
0.000569
0.000539
0.000543
0.000546
0.000635
0.000542
0.000545
0.000541
0.000548
0.000562
0.000539
0.000546
0.000556
0.000584
0.000614
0.000548
0.00055
0.000536
0.000553
0.000534
0.000538
0.000546
0.000539
0.00055
0.00054
0.000637
0.000605
0.000594
0.000557
0.000628
0.000545
0.000602
0.000527
0.000788
0.000554
0.000537
0.000549
0.000548
0.000548
0.000762
0.000539
0.000543
0.000537
0.000601
0.000617
0.000563
0.000564
0.000558
0.000567
0.000611
0.000535
0.000893
0.000602
0.000539
0.000568
0.000544
0.000764
0.00058
0.000533
0.000551
0.000534
0.000542
0.000543
0.000589
0.000531
0.000541
0.000636
0.000582
0.000546
0.000535
0.000554
0.00056
0.000555
0.000637
0.000559
0.000615
0.00061
0.000557
0.000562
0.000634
0.000549
0.000559
0.000546
0.000548
0.000568
0.000644
0.000683
0.000661
0.000546
0.000803
0.00057
0.000562
0.00055
0.000536
0.000535
0.000574
0.000537
0.000647
0.000538
0.000539
0.000558
0.000532
0.000543
0.000646
0.000531
0.000542
0.000752
0.000551
0.000638
0.000759
0.000592
0.000537
0.000546
0.00055
0.000546
0.000534
0.000683
0.000656
0.000683
0.000611
0.000541
0.000609
0.000527
0.000577
0.000536
0.00066
0.000817
0.000533
0.000585
0.000558
0.000538
0.000607
0.000541
0.000571
0.000544
0.000539
0.000565
0.000538
0.000768
0.000532
0.000542
0.000548
0.000712
0.000549
0.000582
0.000539
0.000573
0.000583
0.00055
0.000541
0.000533
0.000541
0.000552
0.000561
0.000572
0.00057
0.000565
0.000538
0.000609
0.000582
0.000551
0.000561
0.000543
0.000542
0.000794
0.000614
0.000544
0.000545
0.000625
0.000533
0.000538
0.000636
0.000566
0.000539
0.000549
0.000561
0.000636
0.000547
0.000557
0.000575
0.000586
0.000597
0.000549
0.000561
0.00054
0.000565
0.000559
0.000578
0.000548
0.000539
0.000615
0.000547
0.000777
0.000554
0.000532
0.000554
0.000649
0.000543
0.00054
0.000596
0.000615
0.000573
0.000548
0.000572
0.000608
0.000543
0.000549
0.000659
0.000536
0.000565
0.000535
0.000777
0.000556
0.000651
0.000564
0.000545
0.000551
0.000537
0.000547
0.000541
0.000581
0.000744
0.000561
0.000624
0.000538
0.00065
0.000542
0.000545
0.000535
0.000579
0.000527
0.000599
0.000535
0.000551
0.00054
0.000542
0.000626
0.000562
0.000569
0.000596
0.000742
0.000546
0.000623
0.000598
0.000597
0.000552
0.00054
0.000631
0.000552
0.000542
0.000557
0.000545
0.000625
0.00054
0.000568
0.000579
0.00054
0.000599
0.000604
0.000539
0.00055
0.000546
0.000534
0.000534
0.000631
0.000542
0.000573
0.00067
0.000549
0.000566
0.000564
0.000571
0.000549
0.000575
0.000563
0.000764
0.000551
0.000549
0.000575
0.000554
0.000694
0.000622
0.000572
0.000536
0.000617
0.000567
0.000602
0.000576
0.000806
0.000567
0.000542
0.000687
0.000573
0.000652
0.000545
0.000567
0.000558
0.000551
0.000529
0.00054
0.000538
0.000542
0.000562
0.000537
0.000576
0.000541
0.000594
0.000617
0.000669
0.000629
0.00064
0.000655
0.000634
0.000694
0.000631
0.000698
0.000665
0.000701
0.000656
0.000667
0.000663
0.000693
0.000672
0.000687
0.000708
0.000674
0.000647
0.000694
0.000682
0.000698
0.000695
0.000757
0.000715
0.00069
0.000735
0.000706
0.000718
0.000925
0.000715
0.000719
0.000808
0.000729
0.000695
0.00069
0.000702
0.000813
0.001063
0.000781
0.00072
0.000772
0.000757
0.000717
0.000721
0.002478
0.000843
0.001182
0.001995
0.000929
0.001328
0.001911
0.001384
0.001445
0.002886
0.00083
0.002734
0.002396
0.001036
0.002162
0.002437
0.002555
0.001084
0.000934
0.003193
0.003019
0.000763
0.000813
0.00082
0.000833
0.001299
0.001462
0.000771
0.000786
0.000813
0.002135
0.000982
0.001137
0.001089
0.001542
0.000954
0.000954
0.001147
0.000965
0.003427
0.00091
0.001709
0.001841
0.000749
0.003261
0.001189
0.002827
0.003065
0.000743
0.000743
0.000722
0.000957
0.001486
0.001918
0.000738
0.001093
0.002147
0.001029
0.00077
0.000762
0.000741
0.000726
0.000759
0.00296
0.001233
0.001295
0.001296
0.001331
0.001736
0.001041
0.002176
0.000802
0.002001
0.000685
0.000565
0.000834
0.001294
0.001294
0.00138
0.002156
0.001514
0.000558
0.000625
0.000605
0.000576
0.000563
0.000551
0.000701
0.000839
0.001083
0.001489
0.002105
0.000547
0.000601
0.000713
0.000898
0.000584
0.001763
0.001645
0.000641
0.001211
0.002176
0.000628
0.001074
0.000599
0.000553
0.000614
0.000552
0.001054
0.000881
0.000867
0.000672
0.000559
0.000547
0.000886
0.000596
0.000789
0.000547
0.00059
0.00073
0.00098
0.000541
0.001538
0.001035
0.000646
0.00055
0.000556
0.001243
0.000559
0.000549
0.00055
0.000539
0.002133
0.001215
0.000666
0.000567
0.000568
0.000852
0.00082
0.000881
0.000897
0.000557
0.000555
0.00055
0.000541
0.000536
0.00054
0.001401
0.000638
0.001732
0.002212
0.000871
0.000553
0.000539
0.000959
0.000621
0.001104
0.000611
0.000604
0.001526
0.000569
0.000936
0.000951
0.002186
0.000586
0.0007
0.000581
0.000558
0.001724
0.002277
0.000545
0.000561
0.000565
0.000584
0.000561
0.000572
0.000581
0.000578
0.000561
0.001087
0.000569
0.000601
0.000564
0.001019
0.002054
0.000759
0.001139
0.000597
0.000555
0.000544
0.000551
0.000571
0.000548
0.000549
0.000575
0.00118
0.000559
0.00127
0.001994
0.00058
0.000887
0.000544
0.000622
0.000541
0.000539
0.000582
0.000611
0.001332
0.000963
0.000662
0.000802
0.001055
0.001515
0.001387
0.000607
0.001533
0.002159
0.000925
0.001504
0.00081
0.000613
0.001127
0.000759
0.000813
0.001906
0.002299
0.000943
0.001283
0.0006
0.000886
0.002544
0.000822
0.00191
0.003345
0.000936
0.001341
0.002232
0.00342
0.000549
0.001087
0.002814
0.002449
0.000807
0.002434
0.002666
0.002179
0.002163
0.002328
0.002425
0.002419
0.003431
0.002435
0.002438
0.002413
0.002399
0.002393
0.002394
0.002404
0.002655
0.002589
0.002409
0.002223
0.002555
0.002388
0.002461
0.002453
0.002393
0.002384
0.002428
0.002398
0.002477
0.002439
0.002413
0.002445
0.002427
0.002395
0.002419
0.002413
0.002541
0.002628
0.002523
0.002409
0.002945
0.003547
0.002415
0.002371
0.002418
0.001214
0.002378
0.002408
0.002574
0.002451
0.00245
0.00243
0.00236
0.002433
0.002381
0.002401
0.002444
0.002446
0.003706
0.002432
0.003648
0.002482
0.002475
0.003694
0.002431
0.002443
0.003679
0.00248
0.003259
0.002429
0.002456
0.002612
0.002823
0.002436
0.002804
0.002459
0.002365
0.003741
0.002459
0.002603
0.003782
0.001474
0.002347
0.003332
0.00217
0.003672
0.002763
0.002603
0.002485
0.002661
0.002434
0.002429
0.002428
0.001744
0.000566
0.000553
0.000569
0.000563
0.000565
0.000837
0.000829
0.000823
0.000604
0.000592
0.000562
0.000557
0.000553
0.000564
0.000557
0.000558
0.000562
0.000572
0.000554
0.000555
0.000564
0.000554
0.00055
0.000558
0.000563
0.000557
0.000546
0.000542
0.000551
0.000551
0.000557
0.000542
0.000565
0.000563
0.000559
0.000549
0.000542
0.000548
0.000548
0.00055
0.000568
0.000558
0.000567
0.00056
0.000553
0.000558
0.000554
0.000545
0.000551
0.000555
0.000546
0.000593
0.000547
0.000548
0.000565
0.000553
0.000557
0.00058
0.000553
0.000561
0.000553
0.00055
0.000537
0.000551
0.00055
0.000547
0.000537
0.000543
0.00055
0.000546
0.000551
0.000552
0.00054
0.000554
0.000548
0.000547
0.000558
0.000551
0.000554
0.000541
0.000561
0.000541
0.000547
0.000548
0.000545
0.000552
0.000564
0.000551
0.000551
0.000563
0.000546
0.000565
0.000551
0.000547
0.00055
0.00055
0.000551
0.000547
0.000558
0.000544
0.000555
0.000538
0.000564
0.00055
0.000557
0.000552
0.000548
0.000552
0.000803
0.000547
0.000547
0.000541
0.000546
0.000549
0.000581
0.000553
0.00055
0.000554
0.000549
0.000569
0.000567
0.000567
0.000562
0.000561
0.000566
0.000562
0.000558
0.000551
0.000548
0.000549
0.000548
0.000562
0.000552
0.000549
0.000559
0.000558
0.000551
0.000552
0.000562
0.000555
0.000545
0.000551
0.000555
0.000544
0.000544
0.000566
0.000567
0.000553
0.000566
0.000572
0.000557
0.000545
0.000553
0.000547
0.000557
0.00055
0.000567
0.000545
0.000552
0.000555
0.000553
0.000549
0.00057
0.000561
0.000551
0.000551
0.000542
0.000562
0.000556
0.000549
0.000542
0.00054
0.000545
0.000563
0.000551
0.000555
0.00054
0.000543
0.000557
0.000562
0.000547
0.000548
0.000557
0.00055
0.000554
0.000563
0.000556
0.000546
0.000808
0.000551
0.000557
0.000554
0.000539
0.000591
0.000552
0.000569
0.000548
0.000567
0.000542
0.000575
0.000546
0.000544
0.000536
0.000551
0.000563
0.000568
0.000569
0.000559
0.000577
0.000542
0.000571
0.000569
0.000558
0.00056
0.000558
0.000567
0.000553
0.000554
0.000552
0.000562
0.000545
0.000552
0.000545
0.000548
0.000549
0.000559
0.000549
0.000562
0.000556
0.000556
0.000542
0.000553
0.000536
0.000548
0.000537
0.000563
0.000561
0.000551
0.000572
0.000555
0.000629
0.000545
0.000556
0.000575
0.000578
0.000553
0.00056
0.000563
0.000572
0.002022
0.002205
0.0006
0.002203
0.002239
0.002204
0.002223
0.002288
0.002326
0.002187
0.002157
0.002228
0.002171
0.002383
0.00217
0.002445
0.002363
0.002188
0.003279
0.002188
0.002186
0.002213
0.002193
0.002172
0.002269
0.00256
0.002088
0.002094
0.002097
0.002104
0.002168
0.002155
0.002141
0.002248
0.002198
0.002448
0.002159
0.002235
0.002457
0.002436
0.002466
0.00248
0.002475
0.002385
0.003574
0.002439
0.002396
0.000704
0.000557
0.003181
0.002421
0.002249
0.003285
0.003093
0.00242
0.002237
0.002212
0.002169
0.002415
0.00239
0.002633
0.002391
0.002572
0.002622
0.002433
0.002429
0.003233
0.002821
0.002408
0.002389
0.00238
0.002449
0.002533
0.002429
0.002418
0.00215
0.001564
0.001956
0.002525
0.002492
0.002473
0.003696
0.002474
0.003034
0.002353
0.002353
0.003609
0.003468
0.002395
0.002521
0.00239
0.002513
0.002493
0.00258
0.002359
0.002371
0.002673
0.002366
0.002408
0.002461
0.002552
0.003671
0.003073
0.002144
0.003696
0.003113
0.002348
0.002433
0.002403
0.002393
0.002411
0.00242
0.002352
0.002412
0.002443
0.00244
0.002426
0.003056
0.002374
0.002385
0.002454
0.002443
0.002428
0.002436
0.002452
0.002397
0.002412
0.002274
0.002371
0.002584
0.00236
0.002366
0.00238
0.002452
0.002419
0.002417
0.002429
0.002558
0.002391
0.002388
0.002384
0.002467
0.002462
0.002521
0.002676
0.002435
0.002475
0.002376
0.00238
0.002479
0.00242
0.002574
0.00219
0.00242
0.002452
0.002669
0.002372
0.002379
0.002605
0.002477
0.002413
0.002406
0.002648
0.002396
0.002427
0.002424
0.002359
0.002351
0.002422
0.002452
0.002426
0.002436
0.002363
0.0024
0.002507
0.002491
0.002241
0.002266
0.002496
0.002411
0.002392
0.002478
0.00257
0.002458
0.002402
0.002458
0.002402
0.002517
0.002565
0.002436
0.002437
0.002384
0.002432
0.00243
0.002453
0.002397
0.002412
0.002454
0.003396
0.002381
0.002488
0.002421
0.001164
0.002414
0.002534
0.002505
0.002465
0.002474
0.002465
0.002385
0.003155
0.00365
0.0025
0.002505
0.002606
0.002565
0.002627
0.002427
0.002398
0.002479
0.00253
0.002448
0.002482
0.002359
0.00243
0.002443
0.003142
0.000933
0.002396
0.002388
0.00243
0.002578
0.002461
0.002484
0.002469
0.002491
0.002392
0.002478
0.002439
0.002496
0.003183
0.0024
0.003425
0.002545
0.002364
0.00238
0.003666
0.0024
0.002546
0.002402
0.002358
0.003154
0.002452
0.002173
0.002371
0.003579
0.002371
0.002392
0.002412
0.003689
0.002418
0.002395
0.002399
0.003143
0.003679
0.002343
0.002348
0.00242
0.002399
0.002436
0.003075
0.002406
0.002428
0.002373
0.002427
0.002445
0.002369
0.002405
0.002169
0.003673
0.003078
0.002394
0.002388
0.003125
0.003634
0.002349
0.002356
0.002433
0.002491
0.003734
0.002975
0.002537
0.002376
0.002373
0.002557
0.002397
0.002541
0.002514
0.002443
0.00248
0.002397
0.003663
0.002899
0.002552
0.002561
0.002124
0.002439
0.002473
0.002574
0.002401
0.002428
0.002426
0.002413
0.002439
0.002412
0.002403
0.002467
0.002482
0.002453
0.002453
0.002601
0.002502
0.00254
0.002536
0.002477
0.00241
0.002428
0.001176
0.002434
0.002426
0.00239
0.002433
0.002362
0.002409
0.002518
0.002396
0.002527
0.003697
0.002891
0.002375
0.002415
0.002462
0.002394
0.002389
0.002401
0.002442
0.002472
0.002441
0.002419
0.002386
0.002467
0.00095
0.002416
0.002503
0.002604
0.00244
0.002607
0.002464
0.002439
0.002419
0.002439
0.002483
0.002404
0.002347
0.002559
0.00238
0.002571
0.002385
0.003443
0.002468
0.002452
0.00244
0.002436
0.002542
0.002436
0.00252
0.002389
0.002441
0.002473
0.001147
0.002437
0.002456
0.002352
0.002404
0.002459
0.002483
0.002489
0.002417
0.002458
0.002604
0.002457
0.002451
0.002403
0.002369
0.00243
0.00251
0.002439
0.002466
0.002469
0.00239
0.003044
0.002433
0.002404
0.002481
0.002157
0.001271
0.002422
0.002394
0.002367
0.002491
0.002398
0.002553
0.002508
0.002546
0.002581
0.002466
0.002575
0.002668
0.002478
0.002377
0.002433
0.003642
0.002501
0.002446
0.002433
0.002412
0.003673
0.002447
0.002486
0.002424
0.002537
0.002768
0.002442
0.002599
0.002566
0.00252
0.003058
0.002607
0.002505
0.002447
0.002536
0.002438
0.002409
0.002412
0.002412
0.002441
0.003423
0.002493
0.002555
0.002456
0.002606
0.002519
0.002478
0.002386
0.002378
0.002408
0.001609
0.002419
0.002499
0.002609
0.002445
0.002468
0.003682
0.002476
0.002434
0.002435
0.00247
0.002474
0.003081
0.002458
0.002452
0.00245
0.002422
0.002441
0.002413
0.002384
0.002401
0.002422
0.002443
0.002382
0.002421
0.002451
0.002447
0.002248
0.002135
0.002437
0.002394
0.002441
0.002459
0.002402
0.002512
0.002493
0.002428
0.002388
0.003637
0.002435
0.002439
0.002422
0.002547
0.002419
0.002448
0.002448
0.002446
0.002406
0.002411
0.002391
0.002415
0.002697
0.001813
0.002452
0.002405
0.002462
0.002443
0.002629
0.002503
0.002437
0.002436
0.002444
0.002482
0.002431
0.002448
0.002557
0.002435
0.002455
0.002394
0.002389
0.002445
0.002436
0.002442
0.002418
0.002449
0.002356
0.002405
0.002397
0.000934
0.00241
0.002424
0.002438
0.00244
0.002398
0.002396
0.002399
0.002493
0.002428
0.002444
0.002412
0.002438
0.002443
0.002456
0.00245
0.003481
0.002429
0.002438
0.002395
0.002383
0.002441
0.002423
0.00239
0.002406
0.002474
0.003488
0.002295
0.002126
0.002433
0.002399
0.002376
0.002495
0.002512
0.002386
0.002384
0.002454
0.002386
0.002471
0.002409
0.00255
0.002451
0.002492
0.002439
0.002841
0.002393
0.002444
0.002519
0.002438
0.002445
0.002469
0.002476
0.002412
0.003234
0.001696
0.002423
0.002444
0.002486
0.002474
0.00237
0.002407
0.002582
0.002454
0.002499
0.002401
0.002432
0.002458
0.00244
0.002741
0.0024
0.002524
0.002432
0.002445
0.002453
0.002515
0.002437
0.002437
0.00213
0.002395
0.002455
0.002409
0.002411
0.002391
0.002477
0.002452
0.002503
0.002459
0.002363
0.002424
0.002438
0.003525
0.002423
0.00245
0.00245
0.002371
0.002381
0.002437
0.002424
0.002363
0.002414
0.002456
0.002455
0.00239
0.002459
0.002416
0.002426
0.002427
0.002444
0.00243
0.002622
0.002456
0.002415
0.002414
0.002397
0.002411
0.002428
0.002423
0.002411
0.002481
0.002535
0.002487
0.002403
0.002444
0.002608
0.002478
0.002383
0.002424
0.002533
0.002217
0.002553
0.002416
0.002392
0.002405
0.002463
0.00244
0.002414
0.002413
0.002431
0.002447
0.002414
0.002428
0.002514
0.002523
0.002485
0.002448
0.002423
0.002412
0.003567
0.002381
0.003241
0.002398
0.002391
0.002398
0.002358
0.001062
0.002406
0.002357
0.002358
0.002571
0.003348
0.002478
0.002512
0.00235
0.00238
0.002417
0.00243
0.002437
0.002383
0.002406
0.002531
0.002413
0.002405
0.002399
0.002415
0.002447
0.002259
0.002367
0.002405
0.002395
0.002275
0.002427
0.002371
0.002463
0.002389
0.002452
0.002431
0.002384
0.00246
0.002483
0.002478
0.002443
0.002389
0.002587
0.002469
0.002431
0.002629
0.002409
0.002425
0.003594
0.003574
0.002393
0.002353
0.002458
0.002423
0.002137
0.00248
0.002396
0.002395
0.002423
0.00243
0.002419
0.002428
0.002446
0.002421
0.002433
0.002543
0.002423
0.002417
0.002421
0.00241
0.002426
0.00238
0.002444
0.002393
0.002471
0.002612
0.002469
0.00235
0.0024
0.002383
0.002409
0.002677
0.002179
0.002412
0.002521
0.002489
0.00251
0.003229
0.002466
0.003084
0.002467
0.002449
0.002632
0.002548
0.002461
0.002522
0.002481
0.002433
0.002389
0.002377
0.002435
0.002511
0.002781
0.002595
0.002514
0.002547
0.002135
0.00262
0.002449
0.002372
0.002439
0.002394
0.002544
0.002476
0.002396
0.002382
0.002413
0.002396
0.002569
0.002394
0.002393
0.002455
0.002422
0.002413
0.002437
0.00239
0.002469
0.00258
0.002428
0.002404
0.002455
0.00219
0.002388
0.002408
0.002507
0.002455
0.002492
0.002413
0.002404
0.002563
0.002404
0.003691
0.002398
0.002407
0.002438
0.002458
0.00254
0.002464
0.002537
0.002511
0.002451
0.002538
0.002472
0.002465
0.002511
0.002511
0.002196
0.002094
0.002559
0.002477
0.00253
0.002455
0.002497
0.002468
0.002388
0.00242
0.002443
0.002472
0.002507
0.002449
0.002453
0.002543
0.002402
0.002422
0.002466
0.002399
0.00254
0.002208
0.002427
0.002545
0.002417
0.002437
0.002755
0.001648
0.002555
0.002427
0.002394
0.002384
0.002366
0.002373
0.002675
0.00237
0.002504
0.002466
0.002443
0.002454
0.002477
0.002694
0.0024
0.002562
0.002331
0.002531
0.002434
0.002521
0.002447
0.0025
0.002507
0.002432
0.002477
0.000931
0.00254
0.00243
0.002425
0.002525
0.002394
0.002506
0.002425
0.002473
0.002411
0.002563
0.002552
0.002353
0.002491
0.002712
0.002527
0.002424
0.002425
0.00242
0.002405
0.002405
0.002419
0.002457
0.002439
0.002387
0.00257
0.002608
0.00257
0.002487
0.002392
0.002452
0.00254
0.002529
0.002501
0.002513
0.002488
0.002514
0.002482
0.002586
0.002599
0.002383
0.002439
0.002415
0.002387
0.002396
0.002402
0.002458
0.001671
0.002481
0.003621
0.002849
0.002407
0.002362
0.002347
0.003367
0.00247
0.00244
0.002478
0.002487
0.002539
0.003072
0.002465
0.002411
0.002451
0.002399
0.00242
0.002411
0.002411
0.003696
0.002361
0.002363
0.00123
0.002409
0.002484
0.00242
0.002407
0.002408
0.002454
0.002491
0.002541
0.002519
0.002577
0.002485
0.002475
0.002428
0.002468
0.002401
0.002393
0.002394
0.002426
0.002474
0.002482
0.002534
0.002438
0.00251
0.002368
0.002428
0.00243
0.002372
0.002371
0.002498
0.002438
0.002452
0.002435
0.002416
0.002507
0.002529
0.002489
0.002554
0.002391
0.002444
0.002528
0.002443
0.002421
0.002446
0.002396
0.002672
0.002492
0.002251
0.002666
0.002433
0.002472
0.002921
0.002524
0.00365
0.000545
0.000637
0.000998
0.001822
0.001637
0.002278
0.002214
0.002418
0.002446
0.002468
0.002173
0.002138
0.002183
0.002267
0.002543
0.00219
0.002397
0.001139
0.000795
0.001298
0.001147
0.001525
0.002281
0.002444
0.002418
0.002403
0.002544
0.00252
0.002416
0.002466
0.002391
0.00246
0.002422
0.002392
0.002396
0.002381
0.002171
0.003031
0.002268
0.002359
0.002234
0.00215
0.000552
0.000552
0.000533
0.000839
0.000767
0.000739
0.002143
0.002135
0.002148
0.002119
0.002112
0.002229
0.002141
0.002245
0.002296
0.002165
0.002365
0.002154
0.002459
0.002159
0.002159
0.002163
0.002189
0.002183
0.002211
0.002105
0.001962
0.003219
0.002346
0.00236
0.002423
0.002447
0.002442
0.002473
0.002456
0.002407
0.002557
0.002555
0.002502
0.002471
0.002407
0.000547
0.002258
0.002116
0.000787
0.000548
0.001237
0.000579
0.00069
0.002167
0.002502
0.002433
0.002141
0.002158
0.002216
0.002127
0.002155
0.002135
0.002142
0.002129
0.002176
0.002145
0.002136
0.00222
0.001509
0.002083
0.002467
0.002178
0.002105
0.002155
0.002492
0.002404
0.002532
0.002493
0.002386
0.002389
0.003668
0.002548
0.001651
0.002393
0.002381
0.00246
0.002557
0.002408
0.002425
0.002386
0.002424
0.00244
0.002638
0.002316
0.0024
0.002437
0.002461
0.002408
0.002457
0.002426
0.00245
0.003674
0.003025
0.002461
0.002428
0.00239
0.001497
0.002597
0.002406
0.002397
0.002411
0.002434
0.00298
0.0024
0.002534
0.0024
0.002485
0.002442
0.002411
0.00248
0.002535
0.002429
0.002453
0.002488
0.002444
0.002582
0.002388
0.002361
0.002411
0.0024
0.002449
0.002527
0.003673
0.002282
0.00213
0.002549
0.002367
0.002347
0.00317
0.002377
0.003163
0.002462
0.002298
0.002494
0.002462
0.002402
0.002422
0.002473
0.00247
0.002474
0.002569
0.00251
0.002504
0.002461
0.002434
0.002489
0.002528
0.002693
0.002467
0.00246
0.002831
0.00168
0.002428
0.002561
0.002428
0.002419
0.002524
0.002424
0.003035
0.002462
0.002433
0.002413
0.003617
0.002461
0.00244
0.002465
0.002422
0.00243
0.002504
0.002439
0.002433
0.00242
0.002651
0.002417
0.002455
0.001568
0.00251
0.002555
0.0025
0.002422
0.002493
0.002474
0.002446
0.002447
0.002433
0.002399
0.002442
0.002466
0.002463
0.002455
0.002418
0.002388
0.002461
0.002508
0.002477
0.002498
0.002464
0.003087
0.002468
0.002401
0.002428
0.002404
0.002401
0.002396
0.002403
0.003484
0.00244
0.002453
0.002463
0.002416
0.002485
0.002394
0.002404
0.002406
0.00239
0.002492
0.002388
0.00253
0.002407
0.002381
0.000942
0.002485
0.002432
0.00245
0.003681
0.002689
0.002481
0.002419
0.002447
0.002432
0.002447
0.002444
0.002443
0.002428
0.003684
0.002419
0.002402
0.002427
0.002395
0.002415
0.003274
0.002418
0.002371
0.002381
0.002421
0.002448
0.002496
0.00244
0.002534
0.002448
0.002389
0.002466
0.002468
0.00251
0.002419
0.00241
0.002409
0.002462
0.002413
0.002449
0.002469
0.002458
0.002395
0.002418
0.002428
0.002392
0.002416
0.002445
0.002434
0.002466
0.002572
0.002439
0.002425
0.0024
0.002402
0.002422
0.002467
0.002523
0.002447
0.002531
0.002444
0.002452
0.002484
0.002459
0.002444
0.002453
0.002535
0.003628
0.002531
0.002463
0.002362
0.002513
0.00313
0.001141
0.002484
0.002432
0.00242
0.002494
0.002386
0.002468
0.002539
0.002408
0.002453
0.0025
0.002474
0.002483
0.002434
0.002648
0.002409
0.002539
0.002416
0.002462
0.002433
0.002495
0.002473
0.002512
0.00216
0.002396
0.002388
0.002422
0.0024
0.002438
0.002396
0.002399
0.002379
0.003571
0.002519
0.002396
0.002478
0.002415
0.002473
0.002386
0.002464
0.002486
0.002387
0.002381
0.002462
0.002457
0.0024
0.002411
0.002149
0.002201
0.002459
0.002366
0.002529
0.002436
0.002435
0.002381
0.002553
0.00244
0.002469
0.002446
0.002439
0.002469
0.002459
0.00238
0.002401
0.00243
0.002455
0.002452
0.002644
0.002478
0.002526
0.002409
0.003119
0.002663
0.002377
0.003526
0.002559
0.003705
0.00274
0.002399
0.002417
0.002579
0.002443
0.002411
0.002441
0.002428
0.002401
0.002435
0.002444
0.002435
0.002448
0.002429
0.002492
0.002379
0.003141
0.002097
0.002403
0.002389
0.002379
0.002442
0.002546
0.002387
0.002429
0.002379
0.002387
0.00243
0.00244
0.002422
0.002433
0.00238
0.002476
0.002392
0.002508
0.002407
0.002404
0.002446
0.002512
0.002366
0.00241
0.002137
0.002376
0.002411
0.002454
0.002538
0.002457
0.002376
0.002364
0.0024
0.002415
0.002442
0.002445
0.002453
0.002442
0.002486
0.002542
0.002397
0.002427
0.002404
0.002418
0.002449
0.002435
0.002476
0.000947
0.002253
0.002522
0.003652
0.002538
0.002415
0.002417
0.003401
0.002537
0.002481
0.002492
0.002417
0.002474
0.002468
0.00253
0.002458
0.002517
0.002463
0.002586
0.002424
0.002489
0.002447
0.002436
0.00246
0.000802
0.002427
0.002423
0.002429
0.002463
0.002559
0.002463
0.002514
0.002477
0.002429
0.002404
0.002515
0.002447
0.002539
0.002457
0.002461
0.002423
0.002485
0.002415
0.002367
0.002361
0.002357
0.002594
0.000955
0.002412
0.002412
0.002416
0.002877
0.002473
0.002478
0.002417
0.002503
0.002689
0.002436
0.002422
0.002369
0.002421
0.002439
0.002453
0.002566
0.003604
0.002514
0.002522
0.0024
0.003662
0.00251
0.002457
0.000965
0.002494
0.002395
0.003392
0.003624
0.002459
0.002419
0.002414
0.002457
0.002396
0.002413
0.002412
0.002429
0.002412
0.002418
0.002494
0.002497
0.002532
0.002435
0.002465
0.002475
0.00246
0.000996
0.001986
0.00242
0.002423
0.002416
0.002494
0.002418
0.002414
0.002406
0.002462
0.002454
0.002472
0.002463
0.002482
0.002455
0.002456
0.002499
0.002468
0.002581
0.002425
0.002412
0.002447
0.002428
0.002408
0.002399
0.002478
0.002469
0.002565
0.002463
0.002454
0.002461
0.002375
0.002406
0.002447
0.002429
0.002409
0.002426
0.002402
0.002495
0.002431
0.002447
0.002427
0.002421
0.002391
0.002384
0.002417
0.002385
0.002405
0.001473
0.002214
0.002426
0.00243
0.002569
0.002475
0.002486
0.002456
0.002403
0.002369
0.002464
0.002505
0.002389
0.002396
0.002451
0.002383
0.002534
0.002496
0.002518
0.002379
0.003322
0.002461
0.003039
0.002375
0.002396
0.000664
0.002406
0.002501
0.002442
0.002489
0.002455
0.002467
0.00244
0.00258
0.002443
0.002398
0.002455
0.002791
0.002428
0.002434
0.002446
0.002419
0.002422
0.002508
0.002412
0.00245
0.003669
0.002944
0.002416
0.002429
0.001509
0.00246
0.00241
0.002444
0.002418
0.002435
0.002355
0.002421
0.002412
0.00242
0.002477
0.002445
0.002427
0.002415
0.002482
0.00241
0.00243
0.002477
0.002417
0.002449
0.002404
0.002427
0.00242
0.002422
0.002084
0.002424
0.002413
0.002443
0.002386
0.002423
0.002456
0.002462
0.002394
0.002487
0.002473
0.002427
0.002421
0.002435
0.002508
0.002425
0.002559
0.002457
0.002454
0.002428
0.002437
0.002413
0.002393
0.002989
0.00131
0.002392
0.002413
0.002375
0.002378
0.002463
0.002423
0.002438
0.002452
0.002413
0.002455
0.002535
0.002433
0.002502
0.002399
0.002373
0.002549
0.002391
0.002485
0.002413
0.00247
0.002454
0.002431
0.00237
0.002448
0.002217
0.00246
0.002546
0.002486
0.002487
0.002469
0.002498
0.002375
0.002511
0.002475
0.002507
0.002462
0.0024
0.002397
0.0024
0.002431
0.002368
0.002467
0.002543
0.002386
0.002455
0.002408
0.002452
0.001229
0.002444
0.002543
0.002378
0.002358
0.002567
0.002478
0.002445
0.002459
0.00245
0.002426
0.002485
0.002483
0.002472
0.002472
0.00245
0.00255
0.002503
0.002504
0.002394
0.002429
0.002401
0.002368
0.002124
0.00251
0.002574
0.002376
0.002366
0.002439
0.002413
0.002443
0.003152
0.002413
0.002434
0.002411
0.002457
0.002433
0.002401
0.002574
0.002416
0.002439
0.002511
0.002391
0.002396
0.002411
0.002428
0.00253
0.002863
0.000795
0.002465
0.002386
0.002396
0.002425
0.002419
0.002393
0.002478
0.002424
0.002537
0.002447
0.002431
0.002444
0.002433
0.002397
0.002404
0.00244
0.002515
0.002417
0.002478
0.002441
0.002408
0.002542
0.002419
0.002383
0.00241
0.002646
0.002447
0.002495
0.002462
0.002443
0.002437
0.002463
0.002438
0.002392
0.002376
0.002461
0.002474
0.002419
0.002386
0.002398
0.003687
0.002422
0.002432
0.002498
0.003666
0.002448
0.00238
0.000938
0.002481
0.002367
0.002363
0.00249
0.002437
0.002436
0.002459
0.002469
0.002443
0.002497
0.002425
0.002437
0.00245
0.002434
0.002433
0.002436
0.002435
0.002443
0.002448
0.002587
0.003657
0.002458
0.002372
0.002237
0.00245
0.002394
0.002414
0.00243
0.002432
0.002426
0.002424
0.00238
0.002457
0.002406
0.002407
0.002382
0.002384
0.002402
0.002371
0.002453
0.002414
0.002409
0.002442
0.002435
0.002414
0.002399
0.002393
0.002442
0.002149
0.002531
0.002442
0.002413
0.002497
0.002526
0.002433
0.002451
0.00246
0.00242
0.002441
0.002423
0.002395
0.002397
0.002439
0.002402
0.002417
0.002461
0.00245
0.00241
0.002453
0.002441
0.002445
0.002346
0.001503
0.00247
0.002362
0.002468
0.00243
0.002415
0.002409
0.002451
0.002397
0.002389
0.002419
0.002401
0.002431
0.002508
0.002474
0.002438
0.002438
0.002472
0.002408
0.00254
0.002413
0.002423
0.002437
0.002467
0.002581
0.002457
0.002151
0.002457
0.002398
0.002425
0.002422
0.002501
0.00242
0.002445
0.002459
0.002451
0.00366
0.002927
0.002419
0.002463
0.002426
0.002442
0.002461
0.002689
0.002458
0.002415
0.002468
0.002473
0.002519
0.002426
0.001131
0.002391
0.002402
0.002429
0.002395
0.002406
0.002384
0.002386
0.002517
0.002426
0.002427
0.002518
0.002419
0.00246
0.002425
0.003701
0.002426
0.002521
0.002431
0.002622
0.002426
0.002434
0.002412
0.002418
0.00251
0.003673
0.002148
0.002419
0.002427
0.002431
0.00241
0.002427
0.002442
0.002436
0.002528
0.003623
0.002917
0.002385
0.002443
0.003422
0.003361
0.002423
0.002401
0.002508
0.002411
0.002425
0.002374
0.002398
0.003285
0.002409
0.001146
0.002388
0.002431
0.002411
0.002409
0.00242
0.002398
0.002409
0.002416
0.003615
0.002397
0.002372
0.002389
0.002385
0.002479
0.002384
0.002436
0.002401
0.00238
0.003109
0.002431
0.002381
0.002393
0.003892
0.001153
0.002466
0.002499
0.002439
0.002422
0.002428
0.002414
0.002411
0.00239
0.003665
0.003001
0.002419
0.002378
0.002382
0.003578
0.00326
0.002404
0.002533
0.002416
0.002418
0.002402
0.002428
0.002397
0.002441
0.002432
0.00217
0.002568
0.002385
0.002397
0.002509
0.002404
0.002388
0.002451
0.002494
0.002466
0.002414
0.002382
0.002465
0.002559
0.002483
0.002434
0.002448
0.002409
0.002397
0.002403
0.00253
0.002392
0.00251
0.002398
0.00116
0.002544
0.002364
0.002468
0.003455
0.002352
0.002398
0.002368
0.002452
0.002464
0.002375
0.002436
0.002478
0.002364
0.002456
0.002433
0.002605
0.002388
0.002425
0.00242
0.002591
0.002444
0.002414
0.002447
0.00245
0.001525
0.002191
0.002428
0.002433
0.002425
0.002385
0.002422
0.002436
0.002439
0.002404
0.002407
0.002425
0.003665
0.003465
0.002458
0.002432
0.00236
0.002423
0.002463
0.002435
0.002381
0.002414
0.00249
0.002465
0.002385
0.002377
0.002107
0.002496
0.002397
0.002446
0.002452
0.002394
0.002455
0.002514
0.002532
0.002405
0.002388
0.00243
0.002459
0.002485
0.0024
0.002405
0.002556
0.002435
0.002636
0.002493
0.002454
0.002393
0.002552
0.002493
0.002773
0.002471
0.00238
0.002458
0.002554
0.002464
0.002495
0.002497
0.002573
0.002553
0.002508
0.002526
0.002512
0.002393
0.002396
0.002486
0.002539
0.002408
0.002388
0.002461
0.002426
0.002544
0.00251
0.002579
0.002409
0.002624
0.002524
0.002498
0.002464
0.002443
0.002511
0.002424
0.00244
0.002413
0.002413
0.00243
0.00246
0.003146
0.002427
0.002486
0.002512
0.002449
0.002685
0.002705
0.002448
0.002491
0.002772
0.002534
0.001497
0.002417
0.002389
0.002412
0.002438
0.002477
0.002757
0.002671
0.002442
0.00243
0.002457
0.002387
0.002383
0.003505
0.003665
0.002361
0.002363
0.002403
0.002398
0.002397
0.00251
0.002416
0.002416
0.003652
0.002654
0.002435
0.002492
0.002454
0.002517
0.002499
0.002403
0.002409
0.003476
0.00354
0.002401
0.002388
0.002429
0.00239
0.002508
0.002401
0.002527
0.002563
0.002427
0.002501
0.002469
0.002434
0.002425
0.002387
0.001492
0.002405
0.0024
0.002401
0.002401
0.002364
0.002395
0.002365
0.002416
0.00238
0.002434
0.002421
0.002465
0.002414
0.002424
0.002462
0.002551
0.002477
0.002428
0.002436
0.002421
0.002396
0.002468
0.002441
0.002845
0.001754
0.00239
0.002366
0.002542
0.002431
0.002427
0.002429
0.002509
0.002442
0.002476
0.00249
0.00239
0.002382
0.002393
0.002394
0.002427
0.002379
0.003335
0.002404
0.002403
0.002349
0.002484
0.00241
0.002378
0.002453
0.002441
0.002401
0.002385
0.00236
0.002411
0.002405
0.002417
0.002403
0.002376
0.002426
0.002622
0.00248
0.002511
0.00249
0.00241
0.002446
0.002432
0.002449
0.002575
0.002426
0.002427
0.002441
0.002394
0.002596
0.002443
0.002486
0.002427
0.002426
0.00244
0.002545
0.002416
0.00244
0.002391
0.002409
0.002404
0.002435
0.002487
0.002562
0.00255
0.002484
0.00248
0.002517
0.002489
0.002496
0.002503
0.002455
0.002474
0.002548
0.002447
0.002437
0.002484
0.002426
0.002472
0.002484
0.002514
0.003457
0.002603
0.002519
0.002452
0.002469
0.002554
0.002582
0.002423
0.00243
0.00323
0.002516
0.002559
0.002468
0.002446
0.002459
0.003666
0.003162
0.002375
0.002137
0.002467
0.002464
0.002442
0.002444
0.002461
0.002423
0.002404
0.002427
0.002674
0.002422
0.002392
0.002437
0.002538
0.002532
0.002514
0.002483
0.002423
0.002607
0.002556
0.002466
0.002435
0.002421
0.002434
0.002263
0.002464
0.002451
0.002467
0.002449
0.002467
0.002418
0.002491
0.002433
0.002431
0.002524
0.002507
0.002517
0.00246
0.002482
0.002463
0.002505
0.002584
0.002462
0.00247
0.002511
0.002454
0.00238
0.002459
0.002463
0.002457
0.001606
0.002599
0.00245
0.002372
0.002746
0.002472
0.002401
0.00243
0.002449
0.002429
0.002405
0.002444
0.002453
0.002446
0.002425
0.002465
0.002389
0.002393
0.002482
0.002503
0.002424
0.004142
0.00245
0.000809
0.002543
0.002425
0.00244
0.002438
0.002395
0.002434
0.002417
0.002556
0.00242
0.002417
0.003505
0.003572
0.002547
0.002581
0.002446
0.002739
0.002483
0.00251
0.00238
0.002505
0.0024
0.002483
0.003564
0.002407
0.002416
0.002163
0.002384
0.002477
0.002452
0.002429
0.002413
0.002456
0.002451
0.002645
0.002454
0.002522
0.00241
0.00241
0.002534
0.002388
0.002537
0.002447
0.002576
0.002386
0.002601
0.002386
0.0024
0.002458
0.002471
0.002511
0.002384
0.002513
0.002506
0.002507
0.002391
0.002566
0.002522
0.002585
0.002548
0.002478
0.003576
0.002381
0.002357
0.002514
0.002537
0.002348
0.002535
0.002461
0.002513
0.00249
0.002479
0.002515
0.00239
0.002542
0.002541
0.002433
0.002443
0.00244
0.002471
0.003445
0.002492
0.002483
0.00247
0.002666
0.00242
0.002515
0.00245
0.002436
0.002508
0.002611
0.002416
0.002426
0.002422
0.002566
0.002894
0.002421
0.002492
0.002236
0.002407
0.002503
0.002514
0.002655
0.002692
0.002411
0.002441
0.002507
0.002417
0.002505
0.002413
0.002544
0.002551
0.002357
0.002453
0.002485
0.002555
0.002521
0.002496
0.002417
0.002438
0.002445
0.002529
0.002365
0.002433
0.002512
0.00243
0.002427
0.00245
0.002514
0.002423
0.002454
0.002564
0.002383
0.002373
0.002504
0.002401
0.002406
0.002496
0.002451
0.002449
0.002441
0.002429
0.002447
0.002434
0.00245
0.002676
0.002476
0.002412
0.000957
0.002381
0.002427
0.002454
0.002364
0.002359
0.002362
0.002569
0.002572
0.003642
0.002438
0.002442
0.002436
0.002407
0.002431
0.002423
0.002481
0.002396
0.002416
0.002379
0.002895
0.002408
0.002404
0.002466
0.003625
0.001139
0.00244
0.00245
0.002454
0.002435
0.002627
0.002389
0.002387
0.002474
0.00256
0.002417
0.00239
0.002394
0.002401
0.002392
0.002387
0.002411
0.002403
0.002433
0.002411
0.002438
0.002398
0.0024
0.002412
0.002731
0.002382
0.002429
0.002443
0.002403
0.002389
0.002411
0.00239
0.002383
0.00239
0.002456
0.002395
0.002384
0.002413
0.002351
0.002411
0.002397
0.002457
0.002408
0.002422
0.002382
0.002365
0.00243
0.002429
0.002586
0.002415
0.001253
0.002421
0.002403
0.002505
0.002462
0.002453
0.002516
0.00251
0.002475
0.002525
0.002415
0.002414
0.002962
0.002354
0.002397
0.002475
0.00249
0.00245
0.002477
0.002464
0.002581
0.002178
0.002395
0.002456
0.002187
0.00247
0.002513
0.002482
0.002508
0.002441
0.002457
0.003454
0.003505
0.002461
0.002413
0.002429
0.002452
0.002427
0.00242
0.002433
0.002481
0.002677
0.002426
0.002408
0.002373
0.002367
0.002487
0.002562
0.002145
0.002456
0.003459
0.002436
0.002463
0.002412
0.00244
0.002549
0.002439
0.002401
0.002428
0.002493
0.002439
0.002433
0.002482
0.002441
0.002398
0.002477
0.002556
0.002409
0.002503
0.002497
0.002547
0.002378
0.002494
0.00249
0.002454
0.002495
0.002432
0.002394
0.002393
0.002494
0.002417
0.002409
0.002396
0.002389
0.002409
0.002389
0.003691
0.002991
0.002379
0.00238
0.002425
0.002463
0.002413
0.002181
0.002481
0.00242
0.002444
0.002597
0.002395
0.002395
0.002406
0.002443
0.002461
0.002413
0.002426
0.002439
0.002425
0.002412
0.002421
0.002418
0.002434
0.002458
0.002449
0.002419
0.002407
0.002411
0.002473
0.002223
0.002424
0.00244
0.002411
0.002392
0.002478
0.002394
0.002394
0.002469
0.002371
0.002373
0.002453
0.002391
0.002449
0.002377
0.002501
0.002432
0.002397
0.002384
0.002401
0.002486
0.002396
0.002501
0.002414
0.002423
0.002566
0.002099
0.002473
0.002627
0.002401
0.003672
0.002728
0.002396
0.002364
0.002368
0.003603
0.00246
0.002505
0.002431
0.002364
0.002388
0.00242
0.002424
0.002426
0.002559
0.002453
0.002431
0.002468
0.002468
0.002199
0.002469
0.002372
0.00244
0.002439
0.002431
0.002424
0.002409
0.002402
0.002408
0.002461
0.002423
0.002368
0.002433
0.002417
0.002433
0.002461
0.002532
0.002501
0.002397
0.002417
0.002424
0.002397
0.00239
0.002535
0.002165
0.002424
0.002445
0.002499
0.002439
0.002438
0.002515
0.002455
0.00245
0.002439
0.002538
0.002451
0.002438
0.00241
0.002554
0.00244
0.002465
0.002437
0.002479
0.002472
0.002471
0.0024
0.002167
0.002516
0.002434
0.002453
0.002397
0.00239
0.002462
0.002403
0.002401
0.002568
0.002547
0.002408
0.002424
0.002494
0.002504
0.002382
0.002496
0.002446
0.002438
0.002516
0.002511
0.002497
0.002415
0.00242
0.002441
0.002448
0.002162
0.002416
0.002489
0.002483
0.002464
0.002529
0.002402
0.002454
0.002435
0.002374
0.002381
0.00242
0.002403
0.002391
0.002435
0.002513
0.002394
0.002375
0.002512
0.002523
0.002442
0.002421
0.002513
0.002388
0.00244
0.000815
0.002462
0.002443
0.002466
0.002544
0.00252
0.002524
0.002595
0.002437
0.002395
0.002387
0.002428
0.002436
0.002464
0.00244
0.002452
0.002493
0.003254
0.002426
0.002476
0.002432
0.002419
0.002446
0.002861
0.001206
0.002468
0.00239
0.002744
0.002742
0.002423
0.002558
0.00246
0.002387
0.002348
0.002444
0.002397
0.002431
0.002672
0.002476
0.002489
0.00247
0.002485
0.002535
0.002449
0.002447
0.002451
0.002377
0.0024
0.00238
0.002133
0.002403
0.002396
0.00244
0.00251
0.002515
0.002564
0.002501
0.002504
0.002482
0.002469
0.002569
0.002479
0.002471
0.002406
0.00239
0.002574
0.002467
0.002506
0.002441
0.002433
0.00253
0.002754
0.002219
0.002509
0.002374
0.002416
0.002439
0.002445
0.002432
0.002434
0.002488
0.002494
0.00247
0.002405
0.002432
0.002486
0.002388
0.00243
0.002452
0.002429
0.002446
0.002461
0.002394
0.002394
0.002384
0.002369
0.002456
0.001743
0.002372
0.002488
0.002396
0.00241
0.003501
0.00246
0.003595
0.002442
0.002438
0.002495
0.002395
0.002415
0.00242
0.002421
0.002435
0.002429
0.00243
0.002385
0.002396
0.002423
0.002435
0.002423
0.002434
0.002854
0.001935
0.002392
0.002439
0.002395
0.00238
0.002403
0.002415
0.002361
0.002462
0.002457
0.002417
0.002385
0.002378
0.002533
0.002543
0.002493
0.002461
0.002505
0.002415
0.002473
0.002406
0.002458
0.002465
0.002513
0.001248
0.002433
0.002443
0.002486
0.002427
0.00244
0.002469
0.002408
0.002449
0.002438
0.002413
0.002447
0.002454
0.002446
0.002447
0.002429
0.002403
0.002394
0.00256
0.002474
0.002452
0.002444
0.00241
0.002415
0.002471
0.00216
0.002432
0.002467
0.002443
0.002393
0.002427
0.002421
0.002467
0.002474
0.002373
0.002473
0.002449
0.002346
0.002413
0.002456
0.002458
0.002366
0.002444
0.003499
0.002889
0.002541
0.002419
0.00243
0.002384
0.002455
0.002138
0.002447
0.002404
0.002476
0.002471
0.002436
0.002501
0.002526
0.002413
0.002414
0.002427
0.002408
0.002433
0.002456
0.002454
0.002404
0.002392
0.002485
0.002463
0.002476
0.002411
0.002386
0.002378
0.00243
0.002154
0.002469
0.002506
0.002461
0.002415
0.002476
0.002467
0.002453
0.002508
0.002417
0.002423
0.002405
0.002431
0.002408
0.002432
0.002459
0.002426
0.002456
0.002356
0.0024
0.00248
0.002444
0.002442
0.002464
0.002467
0.001001
0.002126
0.002341
0.002498
0.00244
0.002491
0.002398
0.002382
0.00242
0.0025
0.002491
0.002517
0.002445
0.002446
0.002457
0.002452
0.002444
0.002445
0.002387
0.002446
0.002422
0.002396
0.002429
0.002435
0.002393
0.000983
0.0019
0.002411
0.00246
0.002438
0.00242
0.002466
0.002418
0.002396
0.002446
0.002394
0.002429
0.002394
0.002446
0.002392
0.0024
0.002392
0.002436
0.00244
0.002439
0.002423
0.00246
0.002477
0.00247
0.002385
0.002119
0.002432
0.003638
0.002456
0.002407
0.002416
0.002433
0.002435
0.002524
0.002405
0.002435
0.002363
0.002367
0.002375
0.002433
0.002426
0.002506
0.002468
0.002396
0.002416
0.002474
0.002487
0.002418
0.002475
0.002438
0.002396
0.00241
0.002473
0.002457
0.002448
0.002426
0.002425
0.002476
0.002449
0.002403
0.002419
0.002411
0.002459
0.002569
0.00242
0.002415
0.002398
0.002395
0.002381
0.002389
0.002418
0.002416
0.002415
0.002391
0.002724
0.002485
0.002365
0.002411
0.002406
0.002416
0.002433
0.002388
0.002625
0.002429
0.002456
0.002477
0.002556
0.002431
0.002485
0.002424
0.00238
0.002354
0.003015
0.00243
0.002419
0.002406
0.002393
0.002461
0.002416
0.002833
0.002318
0.002165
0.002414
0.002623
0.002532
0.002392
0.002467
0.002461
0.002489
0.00248
0.002424
0.002434
0.002397
0.002379
0.002432
0.002444
0.00238
0.002388
0.002376
0.002462
0.002431
0.002434
0.002427
0.002387
0.002423
0.002495
0.002492
0.002412
0.003634
0.002439
0.002439
0.002427
0.002443
0.002421
0.002428
0.00239
0.002389
0.002437
0.002376
0.002388
0.002391
0.002394
0.002438
0.002424
0.002401
0.002391
0.002545
0.002402
0.002396
0.002426
0.002441
0.00243
0.002422
0.002435
0.002476
0.002452
0.002434
0.002397
0.002399
0.0024
0.002516
0.002454
0.000854
0.002469
0.003566
0.002414
0.002371
0.002657
0.003671
0.002403
0.002403
0.002477
0.002821
0.00245
0.002463
0.00247
0.002436
0.002439
0.002493
0.002539
0.00239
0.002506
0.002368
0.002443
0.002465
0.002447
0.00236
0.002431
0.002434
0.002398
0.002425
0.002411
0.002466
0.002429
0.002428
0.002417
0.002385
0.001847
0.002591
0.002381
0.002426
0.002382
0.002395
0.002485
0.002398
0.002465
0.002386
0.002396
0.002476
0.002557
0.002511
0.002428
0.002399
0.00241
0.002369
0.002386
0.002412
0.002479
0.002408
0.00242
0.002575
0.002226
0.002459
0.002459
0.002551
0.002528
0.002446
0.002433
0.002421
0.002393
0.002403
0.00241
0.002409
0.002377
0.002431
0.002392
0.002423
0.002442
0.00243
0.002393
0.002399
0.003606
0.002411
0.002445
0.002482
0.002214
0.002456
0.002404
0.002663
0.002426
0.002435
0.002429
0.002434
0.002427
0.002521
0.002452
0.002511
0.002486
0.002868
0.002468
0.002656
0.002406
0.002424
0.002433
0.002506
0.002393
0.002446
0.00242
0.002426
0.002488
0.000749
0.002574
0.002487
0.002425
0.002443
0.002437
0.002467
0.002427
0.002421
0.002437
0.002512
0.002422
0.00244
0.003171
0.002462
0.002435
0.00243
0.002414
0.002412
0.002628
0.002397
0.002411
0.003681
0.003646
0.002412
0.002543
0.00235
0.002444
0.002387
0.002389
0.002392
0.002423
0.002454
0.002501
0.002454
0.002436
0.002413
0.002423
0.00249
0.00241
0.002416
0.002453
0.002438
0.002414
0.002372
0.002419
0.002463
0.002438
0.002467
0.002494
0.002395
0.00242
0.002156
0.002385
0.00246
0.002417
0.002419
0.002423
0.002441
0.00244
0.002443
0.0024
0.002465
0.002429
0.002427
0.00237
0.002461
0.002437
0.002421
0.00249
0.00242
0.002411
0.002401
0.002473
0.002432
0.002401
0.002398
0.002364
0.002418
0.00239
0.002485
0.002429
0.002409
0.002469
0.002421
0.002381
0.002583
0.002436
0.002936
0.002764
0.002397
0.002486
0.002508
0.002439
0.00242
0.002409
0.002421
0.002418
0.000962
0.002389
0.002552
0.002609
0.002469
0.002369
0.002384
0.002472
0.002386
0.003152
0.002434
0.002401
0.002482
0.002537
0.0024
0.002423
0.002393
0.002386
0.002441
0.002384
0.00246
0.00241
0.002407
0.002444
0.002428
0.002432
0.001152
0.002427
0.002421
0.002429
0.00243
0.002463
0.002417
0.002425
0.002691
0.002452
0.002363
0.002555
0.00241
0.00239
0.002388
0.002418
0.00249
0.002502
0.002431
0.002487
0.002528
0.002407
0.002394
0.002144
0.002399
0.002501
0.002434
0.002496
0.002422
0.002378
0.002398
0.002393
0.002389
0.002389
0.002484
0.003394
0.003607
0.002385
0.00252
0.002464
0.002422
0.002429
0.002487
0.002463
0.002902
0.000953
0.002422
0.002397
0.002412
0.002393
0.002394
0.0025
0.002403
0.002408
0.002398
0.0024
0.002622
0.002407
0.002466
0.002492
0.0024
0.002609
0.002511
0.002401
0.00244
0.003471
0.003534
0.002616
0.002405
0.002387
0.002573
0.000955
0.002411
0.002451
0.002457
0.002525
0.00237
0.002427
0.0024
0.002449
0.002459
0.002383
0.002396
0.002541
0.002418
0.002419
0.00244
0.002573
0.002404
0.00242
0.002404
0.002425
0.002489
0.002505
0.002534
0.003665
0.002007
0.002404
0.002427
0.002389
0.002481
0.002387
0.00258
0.002423
0.0024
0.002394
0.003608
0.002454
0.002412
0.002469
0.002439
0.002434
0.002468
0.002395
0.002403
0.002569
0.002461
0.002403
0.002393
0.000907
0.002441
0.002423
0.002419
0.002388
0.002464
0.002444
0.002383
0.002398
0.002387
0.002427
0.002372
0.002443
0.002469
0.002363
0.002483
0.002526
0.002556
0.002377
0.002362
0.002363
0.002467
0.002477
0.002379
0.002352
0.002535
0.002239
0.002376
0.002398
0.002401
0.00245
0.002397
0.002369
0.00294
0.002462
0.002427
0.002458
0.003035
0.002408
0.002421
0.002394
0.002478
0.002496
0.002551
0.002541
0.002508
0.002457
0.002388
0.002455
0.002552
0.000968
0.002426
0.002389
0.002397
0.002409
0.002406
0.003253
0.002428
0.002401
0.002417
0.00239
0.002681
0.002422
0.002416
0.002387
0.002401
0.003571
0.002547
0.00246
0.002451
0.002398
0.002425
0.002466
0.002458
0.001156
0.002379
0.002418
0.002473
0.002423
0.002471
0.002496
0.002448
0.002383
0.002386
0.002389
0.002805
0.002416
0.003472
0.003613
0.002648
0.002441
0.002417
0.002489
0.002459
0.002436
0.00241
0.002481
0.002485
0.002656
0.002382
0.002407
0.00238
0.002464
0.00244
0.002396
0.002415
0.002973
0.002346
0.002344
0.002388
0.002506
0.00243
0.002403
0.002402
0.002395
0.002506
0.002463
0.002531
0.002423
0.002393
0.002393
0.002437
0.002382
0.002447
0.002388
0.002557
0.002367
0.002364
0.002445
0.002435
0.002426
0.002429
0.002423
0.002418
0.002506
0.002459
0.002409
0.002406
0.002423
0.002466
0.002453
0.002464
0.002441
0.002456
0.00242
0.002931
0.002402
0.002445
0.002421
0.002433
0.00245
0.002439
0.002448
0.002435
0.00254
0.002436
0.002439
0.002438
0.002416
0.002415
0.002423
0.002409
0.002441
0.002428
0.002421
0.002413
0.002443
0.002439
0.002435
0.002391
0.00207
0.002647
0.002411
0.002475
0.002505
0.002513
0.00255
0.002418
0.00244
0.002418
0.002512
0.002402
0.002418
0.002492
0.002461
0.002449
0.002433
0.002393
0.002492
0.002418
0.003078
0.002361
0.002407
0.002445
0.002392
0.001295
0.002429
0.002602
0.002433
0.002417
0.002519
0.002538
0.002481
0.002416
0.002527
0.002412
0.002569
0.002499
0.002415
0.002479
0.002532
0.002459
0.002454
0.002452
0.002728
0.002509
0.002421
0.002462
0.002555
0.001158
0.002435
0.002407
0.002496
0.002431
0.003176
0.002477
0.002584
0.002527
0.002463
0.002386
0.002865
0.002374
0.00306
0.002543
0.003646
0.003071
0.003034
0.002462
0.002454
0.002459
0.002399
0.002392
0.002717
0.002399
0.00244
0.002953
0.002569
0.002393
0.002367
0.002461
0.002637
0.002361
0.002369
0.003686
0.002876
0.002705
0.002445
0.002439
0.002441
0.002417
0.002422
0.002431
0.002384
0.002422
0.002396
0.002708
0.002371
0.002491
0.002192
0.002482
0.002397
0.002458
0.002417
0.002432
0.002379
0.0024
0.002383
0.002541
0.002384
0.002372
0.002464
0.002432
0.002478
0.003692
0.002502
0.002409
0.002472
0.002494
0.002471
0.002488
0.002411
0.002507
0.002175
0.002484
0.002458
0.002547
0.002402
0.002472
0.002428
0.002442
0.002494
0.002496
0.002483
0.002388
0.002554
0.002392
0.002508
0.002394
0.002375
0.002551
0.002619
0.002515
0.002584
0.003685
0.002485
0.002452
0.0024
0.002433
0.00323
0.00249
0.002543
0.002431
0.002439
0.002434
0.002505
0.002383
0.00239
0.002495
0.002506
0.002393
0.002383
0.002382
0.002385
0.002464
0.002506
0.002401
0.002401
0.002443
0.002419
0.002432
0.002379
0.002378
0.002391
0.002421
0.002705
0.002395
0.002433
0.003793
0.003717
0.00241
0.002474
0.002396
0.003625
0.002522
0.002536
0.002536
0.002451
0.002525
0.002515
0.002377
0.002464
0.002436
0.002461
0.002534
0.002481
0.002147
0.002399
0.002461
0.002436
0.002407
0.002398
0.002429
0.002392
0.002422
0.002492
0.002455
0.002441
0.002405
0.002367
0.00239
0.00242
0.002703
0.002424
0.002418
0.002423
0.00246
0.00239
0.002396
0.002518
0.002377
0.002442
0.000899
0.002448
0.002424
0.002419
0.002542
0.002429
0.00241
0.002445
0.002444
0.00244
0.002455
0.002374
0.002512
0.002432
0.003014
0.002546
0.002443
0.00247
0.002433
0.002463
0.002415
0.002428
0.003701
0.002821
0.002405
0.002414
0.002168
0.002434
0.00245
0.002452
0.002398
0.002421
0.002401
0.002382
0.002384
0.002388
0.002387
0.002394
0.002497
0.002376
0.002412
0.003645
0.002464
0.002451
0.002438
0.002515
0.0024
0.002411
0.002381
0.002385
0.002226
0.002553
0.002475
0.002398
0.002534
0.002511
0.002565
0.002522
0.0024
0.002446
0.002375
0.002396
0.003063
0.002415
0.002396
0.002406
0.002434
0.002426
0.002433
0.002466
0.00248
0.002487
0.002517
0.002494
0.002445
0.00112
0.002299
0.002396
0.002489
0.002541
0.002431
0.004014
0.002427
0.002422
0.002443
0.002399
0.002512
0.002552
0.002478
0.002529
0.002445
0.002451
0.002465
0.002593
0.0025
0.002496
0.0025
0.002432
0.002408
0.002264
0.002454
0.002449
0.002412
0.002445
0.002446
0.002509
0.002438
0.002431
0.002437
0.002426
0.002444
0.002675
0.002467
0.002465
0.002454
0.002544
0.002408
0.002409
0.002408
0.002427
0.002426
0.00248
0.002186
0.002459
0.00242
0.002382
0.002498
0.00252
0.002447
0.002414
0.002372
0.002468
0.002436
0.002462
0.002602
0.002736
0.002469
0.002502
0.002493
0.002502
0.002459
0.002444
0.0024
0.003399
0.003626
0.00058
0.001918
0.002453
0.002442
0.002442
0.002402
0.002425
0.002436
0.002448
0.002421
0.002387
0.002382
0.002365
0.002397
0.003661
0.002413
0.002456
0.002403
0.002456
0.002476
0.002429
0.002401
0.002423
0.00243
0.002405
0.00241
0.000966
0.002138
0.00236
0.002453
0.002376
0.002384
0.000617
0.002471
0.002405
0.002429
0.003663
0.002391
0.002935
0.002364
0.002415
0.002533
0.002525
0.002503
0.002374
0.002436
0.00238
0.002411
0.00242
0.002377
0.002418
0.002388
0.002445
0.002425
0.002159
0.003596
0.002471
0.002403
0.002462
0.002388
0.002397
0.002392
0.002416
0.002426
0.002415
0.002376
0.002432
0.002433
0.002581
0.002392
0.002471
0.002442
0.002433
0.002425
0.002459
0.002416
0.00243
0.002499
0.00096
0.002439
0.002426
0.002426
0.002471
0.002371
0.002411
0.002424
0.002422
0.002397
0.002381
0.00238
0.002449
0.002487
0.002367
0.002436
0.002467
0.002424
0.002691
0.00384
0.003041
0.00241
0.002432
0.002475
0.002435
0.002474
0.002463
0.002433
0.002401
0.002393
0.002384
0.002369
0.002429
0.002385
0.002402
0.002436
0.002444
0.002429
0.002469
0.002425
0.00247
0.002425
0.00239
0.002434
0.002446
0.002427
0.002404
0.002414
0.00114
0.001894
0.002519
0.002493
0.002489
0.002416
0.002442
0.002414
0.002481
0.002502
0.002452
0.002381
0.002519
0.002457
0.002363
0.002481
0.002441
0.002433
0.002382
0.002352
0.002383
0.002443
0.00252
0.002453
0.00239
0.002686
0.001781
0.002499
0.002386
0.002451
0.002354
0.002389
0.002408
0.002424
0.002403
0.002405
0.002407
0.002377
0.002379
0.002474
0.002401
0.002456
0.002369
0.002409
0.002399
0.00238
0.002397
0.00238
0.002478
0.0025
0.002469
0.002413
0.002423
0.0024
0.002449
0.00244
0.002392
0.002419
0.002447
0.002633
0.002442
0.00238
0.002378
0.002388
0.002406
0.002394
0.002423
0.002429
0.002372
0.002407
0.002366
0.002371
0.002353
0.00249
0.002434
0.002473
0.00239
0.002385
0.002434
0.002425
0.002422
0.002406
0.002485
0.002438
0.00244
0.002488
0.002776
0.003673
0.002369
0.00236
0.002386
0.002389
0.002443
0.002409
0.002483
0.002423
0.002414
0.002412
0.002444
0.002391
0.00244
0.002391
0.001513
0.00251
0.002387
0.002413
0.002406
0.002403
0.00244
0.002402
0.002451
0.00243
0.002591
0.002483
0.002478
0.002483
0.002455
0.002525
0.002476
0.002523
0.002585
0.002469
0.002389
0.002367
0.002435
0.0025
0.002489
0.002461
0.002509
0.002458
0.002528
0.002407
0.002433
0.002528
0.002466
0.002525
0.002432
0.002423
0.002461
0.002439
0.00245
0.002467
0.002443
0.002404
0.002426
0.002455
0.001357
0.002406
0.002368
0.002486
0.002409
0.002671
0.002376
0.002494
0.002581
0.00254
0.002657
0.002573
0.002548
0.002356
0.002568
0.002516
0.002638
0.002519
0.002434
0.002542
0.002563
0.002476
0.002533
0.0024
0.002597
0.002855
0.001153
0.002415
0.00366
0.003071
0.00238
0.002397
0.002404
0.00243
0.002372
0.002456
0.002434
0.002386
0.002411
0.002599
0.002514
0.00244
0.002573
0.002465
0.002451
0.002539
0.002433
0.002462
0.00269
0.00243
0.002393
0.002519
0.002425
0.002457
0.002513
0.002465
0.002462
0.002358
0.002443
0.002422
0.002429
0.002434
0.002502
0.002461
0.00241
0.002447
0.002454
0.002498
0.002502
0.002438
0.002575
0.002585
0.002593
0.001083
0.002481
0.002448
0.002448
0.002438
0.002438
0.002436
0.002443
0.002395
0.002478
0.00247
0.002528
0.002514
0.00246
0.002429
0.002427
0.002565
0.002628
0.00247
0.002451
0.002434
0.002445
0.002109
0.002377
0.002415
0.00238
0.002428
0.002449
0.002453
0.002364
0.002435
0.002398
0.002398
0.002435
0.002453
0.002497
0.002379
0.002441
0.002438
0.002414
0.002383
0.002428
0.002434
0.002421
0.002404
0.00349
0.00241
0.002369
0.002115
0.002446
0.002434
0.002435
0.002437
0.002501
0.002419
0.002416
0.002474
0.002427
0.002463
0.00246
0.002391
0.002555
0.002513
0.002817
0.002475
0.002435
0.002474
0.002369
0.002505
0.002401
0.002506
0.00241
0.002209
0.002277
0.002391
0.002386
0.002411
0.002388
0.002406
0.002491
0.002362
0.002421
0.002439
0.002457
0.002408
0.002404
0.002473
0.002433
0.002464
0.002467
0.002399
0.002443
0.002471
0.002525
0.00245
0.002464
0.002636
0.002094
0.002445
0.002424
0.002406
0.002428
0.002375
0.002353
0.002456
0.002392
0.002452
0.002979
0.002457
0.002489
0.002547
0.002413
0.002461
0.002498
0.002504
0.002537
0.002424
0.002398
0.002404
0.002524
0.002482
0.002536
0.001633
0.003043
0.002435
0.002385
0.002471
0.00371
0.003108
0.002436
0.002411
0.002435
0.002439
0.003061
0.002407
0.002418
0.003677
0.002506
0.00247
0.003046
0.002496
0.002497
0.002509
0.002425
0.00237
0.00245
0.002479
0.002545
0.00256
0.002513
0.002494
0.002509
0.002488
0.002357
0.002412
0.002369
0.00258
0.002449
0.003138
0.00288
0.002396
0.002411
0.002369
0.002379
0.002454
0.002385
0.002466
0.002599
0.001152
0.002892
0.002355
0.002373
0.00239
0.002523
0.002407
0.002413
0.003478
0.003612
0.002459
0.002436
0.002428
0.002447
0.002399
0.002444
0.002396
0.002433
0.002419
0.002418
0.002409
0.002421
0.002403
0.002119
0.002536
0.002401
0.002435
0.00247
0.002414
0.002425
0.002421
0.002376
0.002404
0.002531
0.002458
0.002425
0.002424
0.002502
0.002479
0.00241
0.002373
0.002445
0.002464
0.002483
0.002503
0.002464
0.00247
0.002612
0.002187
0.002198
0.002456
0.002431
0.002364
0.002394
0.003658
0.003048
0.002372
0.00237
0.002457
0.002427
0.002355
0.002501
0.002502
0.002519
0.002547
0.002403
0.002456
0.003507
0.003304
0.002495
0.002599
0.002395
0.002115
0.002439
0.002475
0.002471
0.002503
0.003615
0.003627
0.000946
0.002365
0.002374
0.002452
0.00237
0.002389
0.00242
0.002551
0.002389
0.002583
0.002503
0.002495
0.002615
0.002535
0.002435
0.002446
0.00242
0.002422
0.002222
0.002446
0.002528
0.00242
0.002415
0.00241
0.002395
0.002407
0.002481
0.002456
0.002383
0.002427
0.002445
0.002392
0.002489
0.002448
0.002355
0.00244
0.002385
0.002435
0.002392
0.002422
0.002403
0.002424
0.002407
0.002434
0.002467
0.002196
0.00239
0.00242
0.002437
0.00243
0.002409
0.002422
0.001731
0.002393
0.002428
0.002389
0.002454
0.002537
0.002443
0.002418
0.002473
0.002457
0.002437
0.002423
0.002424
0.002405
0.002397
0.002412
0.002408
0.002501
0.000808
0.002763
0.002442
0.002429
0.002431
0.002455
0.002485
0.00368
0.002558
0.002374
0.002457
0.002432
0.002433
0.002543
0.002488
0.002466
0.002375
0.00239
0.002436
0.002429
0.002465
0.002463
0.002433
0.002533
0.002434
0.002468
0.002422
0.002463
0.00247
0.002424
0.002514
0.002435
0.002482
0.002397
0.002404
0.002444
0.002434
0.002394
0.002414
0.002431
0.002418
0.002425
0.002394
0.002411
0.002378
0.002423
0.002433
0.002163
0.002408
0.002418
0.002453
0.002429
0.002423
0.002458
0.002412
0.002432
0.002371
0.002436
0.002374
0.002438
0.002465
0.00244
0.002426
0.002573
0.002669
0.002418
0.002431
0.002426
0.002445
0.002451
0.002428
0.002483
0.001146
0.00245
0.002576
0.002472
0.002446
0.002452
0.002525
0.002411
0.00259
0.002414
0.002514
0.002499
0.002401
0.002443
0.0025
0.002948
0.00238
0.002456
0.002428
0.002409
0.002391
0.002449
0.002588
0.003089
0.002455
0.002361
0.002421
0.003059
0.002491
0.002412
0.002384
0.002579
0.002464
0.002437
0.002389
0.002461
0.002398
0.002491
0.002434
0.002434
0.002452
0.002437
0.002441
0.002462
0.002461
0.002485
0.002432
0.002432
0.00243
0.00095
0.002222
0.002478
0.002436
0.002414
0.00238
0.002459
0.002462
0.002434
0.002391
0.002501
0.002495
0.002448
0.002467
0.002513
0.002476
0.002455
0.002432
0.002425
0.00241
0.002451
0.002457
0.002426
0.002499
0.002467
0.002179
0.002383
0.002638
0.002512
0.002437
0.002495
0.002483
0.002402
0.002419
0.002434
0.002394
0.002397
0.002403
0.002454
0.002397
0.002459
0.002411
0.002417
0.002461
0.002383
0.002414
0.002449
0.002553
0.00241
0.002472
0.00273
0.002484
0.002397
0.00241
0.002404
0.002479
0.002405
0.002415
0.002427
0.00245
0.002409
0.002418
0.0034
0.002417
0.002397
0.002409
0.002439
0.002474
0.002387
0.002372
0.002465
0.002432
0.002409
0.00246
0.00216
0.002459
0.002433
0.002382
0.002484
0.002488
0.002392
0.002446
0.002411
0.002394
0.002356
0.002388
0.002447
0.003705
0.00284
0.002402
0.00236
0.002406
0.003555
0.00321
0.00248
0.002421
0.002586
0.003666
0.002444
0.002193
0.002367
0.002459
0.003605
0.003571
0.002595
0.002392
0.002402
0.002539
0.002543
0.002513
0.002503
0.002499
0.002498
0.002491
0.002411
0.002399
0.00253
0.002543
0.002504
0.002498
0.002529
0.002475
0.002459
0.002425
0.001435
0.002459
0.002487
0.002397
0.002414
0.002398
0.002439
0.002427
0.002513
0.002428
0.002464
0.002478
0.002363
0.002427
0.002384
0.002467
0.002801
0.002434
0.002417
0.002619
0.002429
0.002511
0.002561
0.001827
0.002424
0.002392
0.002401
0.002404
0.002431
0.002474
0.002578
0.002396
0.002384
0.002442
0.002433
0.002434
0.002417
0.002385
0.002377
0.00326
0.002428
0.002477
0.002436
0.002431
0.002461
0.002445
0.002418
0.001596
0.002397
0.002433
0.00243
0.002478
0.002424
0.002421
0.002444
0.002388
0.002398
0.002403
0.003257
0.003539
0.002572
0.002571
0.002566
0.002468
0.002434
0.002433
0.002449
0.002417
0.003484
0.002449
0.003001
0.002395
0.002444
0.002259
0.002294
0.002622
0.002505
0.002531
0.003534
0.003631
0.002458
0.002391
0.002378
0.002397
0.002394
0.002489
0.00246
0.002444
0.002436
0.002431
0.00253
0.002427
0.002374
0.002427
0.002415
0.002388
0.002433
0.002452
0.002377
0.002385
0.002392
0.002398
0.00239
0.002542
0.002429
0.002457
0.003538
0.002444
0.002485
0.002403
0.002716
0.003665
0.002448
0.002437
0.002514
0.003494
0.003609
0.002357
0.002353
0.002368
0.000798
0.002609
0.00238
0.002428
0.002435
0.002402
0.002462
0.002479
0.002508
0.002438
0.002445
0.00242
0.00269
0.002482
0.002414
0.002411
0.002415
0.002408
0.002426
0.002418
0.002445
0.002426
0.000931
0.00244
0.002729
0.003113
0.003071
0.003694
0.002561
0.002467
0.003021
0.002404
0.002917
0.002474
0.002477
0.002415
0.00241
0.002539
0.002463
0.00248
0.002424
0.002519
0.002468
0.002408
0.002456
0.003146
0.001071
0.002467
0.002469
0.002474
0.002506
0.002422
0.002406
0.002421
0.002553
0.0024
0.002519
0.002366
0.002485
0.002461
0.002415
0.002425
0.002414
0.002416
0.002503
0.002467
0.002373
0.002417
0.002444
0.002473
0.002416
0.002404
0.00214
0.003528
0.002373
0.002415
0.002387
0.003657
0.003038
0.002434
0.002387
0.002452
0.002472
0.002393
0.002445
0.002398
0.002456
0.002444
0.00246
0.00242
0.003602
0.002441
0.003726
0.002455
0.002425
0.002446
0.000808
0.002411
0.002403
0.002383
0.002379
0.002403
0.002413
0.002461
0.002438
0.002453
0.00243
0.002383
0.002382
0.002404
0.002582
0.002412
0.002435
0.002481
0.002421
0.002963
0.002397
0.002441
0.002468
0.003719
0.002626
0.002575
0.00244
0.002444
0.002432
0.002507
0.002552
0.002454
0.002523
0.002462
0.002473
0.00247
0.002461
0.002496
0.002464
0.002435
0.002385
0.002444
0.002402
0.002532
0.002458
0.002461
0.002416
0.002156
0.002529
0.002444
0.002366
0.002489
0.002521
0.002501
0.0025
0.002389
0.002492
0.002478
0.002984
0.00309
0.002444
0.002553
0.002378
0.002445
0.002416
0.002572
0.002596
0.002598
0.002376
0.002404
0.002422
0.00215
0.002439
0.002481
0.002511
0.002536
0.002488
0.002397
0.002392
0.00247
0.002465
0.002416
0.002403
0.002457
0.00251
0.003578
0.002713
0.00244
0.002512
0.002372
0.002412
0.002375
0.002425
0.002431
0.002153
0.002396
0.002403
0.002412
0.002403
0.002571
0.00259
0.00286
0.002449
0.002529
0.002483
0.002547
0.00245
0.002415
0.002476
0.002482
0.002508
0.002452
0.002436
0.002443
0.003147
0.00251
0.002494
0.002431
0.000834
0.002496
0.002477
0.0029
0.002404
0.002479
0.002437
0.002466
0.002375
0.002433
0.002377
0.002575
0.002399
0.002429
0.002444
0.003637
0.002423
0.002413
0.002398
0.002425
0.002361
0.002606
0.002467
0.002398
0.002418
0.002437
0.002436
0.002386
0.002459
0.002476
0.00247
0.002454
0.002464
0.002506
0.002514
0.002952
0.002434
0.002434
0.002438
0.002485
0.002436
0.00246
0.002405
0.002476
0.002412
0.002485
0.002399
0.002447
0.002419
0.00236
0.000797
0.002426
0.002439
0.002385
0.002409
0.002478
0.002481
0.002427
0.002392
0.002361
0.002436
0.002452
0.00238
0.002461
0.002505
0.002375
0.002407
0.002471
0.002406
0.002523
0.003652
0.002392
0.002373
0.002437
0.000647
0.002386
0.002434
0.003054
0.002366
0.002433
0.002454
0.002407
0.002438
0.002426
0.002391
0.002391
0.002498
0.00258
0.002443
0.002429
0.002365
0.002429
0.002429
0.002479
0.002429
0.002448
0.002418
0.002481
0.002458
0.002453
0.002404
0.002399
0.002389
0.002496
0.002457
0.002398
0.002407
0.002403
0.002401
0.002444
0.00238
0.002375
0.002367
0.00237
0.002411
0.002396
0.002475
0.002388
0.002492
0.002445
0.002424
0.002431
0.002432
0.0024
0.002563
0.002419
0.002428
0.002435
0.002159
0.002391
0.002426
0.002439
0.002434
0.002444
0.002379
0.002418
0.002433
0.002391
0.002524
0.002369
0.002438
0.002467
0.00242
0.002564
0.002653
0.00248
0.002377
0.002459
0.002353
0.002451
0.002437
0.002821
0.001465
0.002435
0.002432
0.002423
0.00243
0.002429
0.002416
0.002419
0.001218
0.002431
0.002437
0.002434
0.002417
0.00245
0.00238
0.002449
0.002424
0.002581
0.00251
0.002547
0.002514
0.002353
0.002347
0.002693
0.002417
0.002506
0.00245
0.002429
0.002441
0.002505
0.003591
0.002589
0.00292
0.002441
0.00243
0.002418
0.002415
0.002447
0.002482
0.002395
0.002403
0.002418
0.002416
0.002505
0.002443
0.002449
0.002597
0.002483
0.00248
0.002979
0.002457
0.00247
0.002399
0.002462
0.00243
0.002432
0.002508
0.002505
0.002518
0.002465
0.002501
0.002437
0.002448
0.002398
0.002446
0.002508
0.002479
0.002405
0.003037
0.002614
0.000902
0.002443
0.002377
0.002553
0.002504
0.002375
0.002421
0.002512
0.002419
0.002433
0.002436
0.002477
0.002428
0.002378
0.002522
0.002415
0.00239
0.002425
0.002447
0.002443
0.002425
0.002539
0.002431
0.002578
0.002299
0.002496
0.002446
0.002416
0.002473
0.00239
0.002437
0.002406
0.002412
0.00239
0.00241
0.002386
0.002433
0.002485
0.002475
0.002547
0.002411
0.002411
0.002436
0.002414
0.0024
0.002408
0.002481
0.002426
0.001093
0.002429
0.002491
0.002441
0.00244
0.002433
0.002476
0.0024
0.002471
0.002454
0.0025
0.002498
0.002524
0.002506
0.002379
0.002388
0.002469
0.002438
0.00241
0.002396
0.002381
0.002418
0.002383
0.002379
0.002425
0.002399
0.002483
0.002184
0.002444
0.002477
0.003606
0.00262
0.002368
0.002426
0.002396
0.002391
0.002415
0.002404
0.002428
0.002383
0.002481
0.002558
0.002509
0.002484
0.002456
0.00248
0.002422
0.002444
0.002401
0.002546
0.000776
0.002383
0.002403
0.002441
0.002465
0.002432
0.00281
0.0025
0.00242
0.002386
0.002389
0.002404
0.002365
0.00242
0.002452
0.00245
0.002495
0.002478
0.00252
0.002354
0.002433
0.002443
0.002407
0.002151
0.00239
0.002429
0.002391
0.002438
0.002432
0.002482
0.002378
0.002411
0.002413
0.002399
0.0024
0.002593
0.002392
0.002489
0.002409
0.002491
0.002424
0.002465
0.002465
0.002465
0.002435
0.002458
0.002466
0.002457
0.002389
0.001144
0.003093
0.00248
0.002454
0.002535
0.002448
0.002544
0.002441
0.002518
0.002498
0.002441
0.002503
0.00247
0.002462
0.002418
0.002415
0.002431
0.002503
0.00247
0.002435
0.00242
0.002428
0.002489
0.002165
0.002393
0.002413
0.002426
0.002393
0.002419
0.002485
0.002483
0.002428
0.002394
0.002369
0.002409
0.002448
0.002443
0.002443
0.002451
0.002441
0.002458
0.002392
0.002429
0.002438
0.00249
0.00247
0.002459
0.002382
0.000979
0.001525
0.002517
0.002375
0.00238
0.002389
0.002442
0.002431
0.002384
0.00242
0.002429
0.002401
0.002484
0.002408
0.002368
0.002401
0.002489
0.002392
0.002403
0.002523
0.00245
0.002577
0.002398
0.002456
0.002656
0.003712
0.00243
0.002382
0.002381
0.002397
0.002382
0.002457
0.002426
0.002414
0.003571
0.002403
0.002433
0.002392
0.002403
0.002435
0.00247
0.002421
0.002547
0.002472
0.002548
0.002432
0.002495
0.002465
0.002437
0.002433
0.002414
0.002138
0.002128
0.002431
0.00242
0.002459
0.002413
0.002445
0.002425
0.002431
0.002911
0.002417
0.002424
0.002459
0.00244
0.002446
0.002513
0.002456
0.002432
0.002485
0.002394
0.002381
0.002392
0.002406
0.002396
0.002555
0.000829
0.002531
0.002448
0.002424
0.00245
0.002402
0.00245
0.002457
0.002363
0.002523
0.00238
0.002361
0.002461
0.002446
0.002453
0.002448
0.002519
0.00241
0.0024
0.002383
0.002387
0.002439
0.002436
0.002429
0.002107
0.002413
0.002416
0.002535
0.002433
0.002524
0.002483
0.002419
0.002429
0.002441
0.00246
0.002455
0.002394
0.002412
0.002453
0.002429
0.003213
0.002406
0.002488
0.002487
0.002405
0.002485
0.002432
0.002538
0.002135
0.002374
0.002395
0.002494
0.002523
0.002413
0.002394
0.002498
0.002434
0.002424
0.00242
0.002401
0.002403
0.00241
0.002424
0.002391
0.002419
0.002377
0.002402
0.002387
0.002372
0.002439
0.002408
0.002387
0.002411
0.001131
0.001644
0.003286
0.003569
0.002426
0.002386
0.002415
0.00246
0.002615
0.003056
0.00248
0.002407
0.002409
0.002417
0.002419
0.002382
0.002407
0.002408
0.002479
0.002401
0.002444
0.002488
0.002509
0.002424
0.001011
0.002537
0.002415
0.00311
0.002463
0.002462
0.002428
0.002472
0.002434
0.002568
0.002481
0.002432
0.002699
0.003065
0.002446
0.002388
0.002397
0.002464
0.002434
0.003044
0.002518
0.002506
0.002882
0.002265
0.003089
0.002397
0.002401
0.002406
0.002491
0.002451
0.002514
0.002406
0.003061
0.002366
0.002378
0.002466
0.00241
0.002466
0.002414
0.003336
0.002422
0.002732
0.002416
0.002396
0.00237
0.003056
0.001002
0.001996
0.002425
0.002437
0.002425
0.002478
0.002561
0.002384
0.002465
0.002486
0.002471
0.002436
0.002482
0.002414
0.002438
0.002442
0.002447
0.002458
0.003067
0.002486
0.002411
0.002394
0.002414
0.002473
0.002385
0.002134
0.00251
0.002448
0.002436
0.002467
0.002454
0.002549
0.002535
0.002764
0.002544
0.002391
0.002421
0.002427
0.002421
0.002426
0.002409
0.002459
0.002447
0.002546
0.002419
0.002443
0.002212
0.002434
0.002413
0.002417
0.002436
0.002416
0.002458
0.002432
0.002433
0.002388
0.00241
0.002424
0.002432
0.002432
0.002354
0.002441
0.002453
0.002376
0.002442
0.003685
0.003016
0.00239
0.00238
0.003366
0.002411
0.002455
0.002434
0.002405
0.002388
0.002399
0.002422
0.002517
0.00243
0.002417
0.002456
0.002406
0.002403
0.002397
0.002395
0.002416
0.002416
0.002417
0.002425
0.002425
0.00246
0.002445
0.002396
0.0018
0.002423
0.002426
0.00242
0.002486
0.002423
0.00249
0.00247
0.002451
0.002493
0.002398
0.002546
0.00246
0.002443
0.002438
0.002457
0.002516
0.002469
0.002465
0.002469
0.00264
0.002452
0.002738
0.001818
0.002451
0.003074
0.002408
0.00249
0.002481
0.002521
0.002504
0.002493
0.00251
0.002434
0.002536
0.002381
0.002464
0.00248
0.002516
0.002419
0.002499
0.003676
0.002482
0.002448
0.002436
0.002419
0.002452
0.002424
0.00283
0.001344
0.002421
0.002423
0.002462
0.002455
0.002425
0.003308
0.002352
0.00244
0.002443
0.002463
0.002398
0.0024
0.002398
0.00244
0.002405
0.002425
0.002429
0.00243
0.002443
0.00242
0.002507
0.002449
0.002422
0.002164
0.002456
0.002493
0.002443
0.002431
0.002418
0.002383
0.002379
0.002384
0.002405
0.002442
0.002442
0.002504
0.002406
0.002391
0.002411
0.00241
0.00239
0.002469
0.002396
0.002437
0.002465
0.002444
0.002153
0.002093
0.00239
0.002411
0.002414
0.002384
0.002592
0.002375
0.002487
0.002502
0.002467
0.002498
0.002454
0.002426
0.002388
0.002375
0.002483
0.002477
0.002457
0.00246
0.002419
0.002477
0.002443
0.00277
0.002218
0.002426
0.002429
0.00247
0.003504
0.002444
0.002406
0.002379
0.002571
0.002471
0.00245
0.002436
0.002457
0.002475
0.002463
0.002394
0.002453
0.002448
0.002387
0.002355
0.002515
0.002492
0.002524
0.002396
0.002482
0.002486
0.002228
0.002519
0.002359
0.002361
0.002357
0.002404
0.002399
0.002401
0.003391
0.002442
0.003156
0.002386
0.002453
0.002431
0.002407
0.002443
0.002431
0.002449
0.002451
0.002362
0.002427
0.002537
0.002402
0.002397
0.002398
0.00242
0.000861
0.002446
0.002414
0.002434
0.002442
0.002503
0.002396
0.002441
0.002447
0.002444
0.002435
0.00243
0.002424
0.002441
0.002507
0.002424
0.002413
0.002423
0.002415
0.002485
0.002421
0.002424
0.002412
0.002169
0.002432
0.0024
0.002441
0.002417
0.002386
0.002425
0.002437
0.002408
0.002421
0.002475
0.002418
0.002422
0.002428
0.002413
0.002424
0.002424
0.00243
0.002451
0.00243
0.002439
0.002412
0.002418
0.002458
0.002408
0.002429
0.002526
0.002408
0.002442
0.002463
0.002592
0.002531
0.002412
0.002414
0.002375
0.002522
0.002407
0.002455
0.002439
0.002457
0.002479
0.00247
0.002489
0.002439
0.002492
0.002428
0.002382
0.002487
0.002407
0.002415
0.000932
0.002572
0.002436
0.002394
0.002498
0.002473
0.0024
0.002388
0.002403
0.002394
0.002403
0.002494
0.002507
0.002438
0.002416
0.0024
0.002471
0.002442
0.002465
0.002434
0.002447
0.002388
0.002408
0.002475
0.002404
0.001137
0.002627
0.002428
0.002411
0.002428
0.002384
0.002793
0.002411
0.00243
0.003637
0.002442
0.002459
0.002392
0.002398
0.002442
0.00243
0.00239
0.002496
0.0024
0.002444
0.002594
0.002419
0.002425
0.002572
0.002408
0.002453
0.001651
0.002427
0.002428
0.002426
0.002677
0.002414
0.00239
0.00255
0.002433
0.002394
0.002415
0.002413
0.003433
0.003262
0.002378
0.002415
0.002391
0.002394
0.00244
0.002405
0.002401
0.002471
0.005898
0.002197
0.003024
0.002411
0.002332
0.002406
0.00242
0.002395
0.002456
0.002422
0.002375
0.002417
0.002396
0.002421
0.002452
0.002432
0.002429
0.002395
0.002439
0.002427
0.002442
0.002426
0.003671
0.002452
0.002145
0.002469
0.002454
0.002442
0.002569
0.002472
0.002422
0.002471
0.002497
0.002605
0.002447
0.002389
0.002474
0.002454
0.002477
0.002378
0.002442
0.002503
0.002463
0.002458
0.002512
0.002375
0.002397
0.002396
0.001149
0.002486
0.002436
0.002475
0.002485
0.002443
0.002419
0.002401
0.00243
0.002492
0.002422
0.002476
0.002464
0.002363
0.002395
0.002419
0.002466
0.002477
0.002394
0.002466
0.002534
0.002497
0.002395
0.002385
0.00244
0.002384
0.002457
0.001004
0.001472
0.002469
0.002506
0.002393
0.002421
0.002369
0.002522
0.002543
0.003147
0.002482
0.00251
0.00253
0.003132
0.003086
0.002436
0.002489
0.002593
0.002413
0.003163
0.002417
0.002431
0.002424
0.001152
0.002133
0.002397
0.002494
0.002466
0.002536
0.002475
0.002411
0.0024
0.002473
0.002417
0.002421
0.002401
0.002451
0.002408
0.002411
0.002435
0.00246
0.002478
0.002515
0.002469
0.002437
0.002413
0.002158
0.00239
0.002385
0.002409
0.002393
0.002432
0.002427
0.002723
0.002378
0.00241
0.002429
0.002377
0.002416
0.002452
0.002425
0.002416
0.002437
0.002373
0.002413
0.002424
0.002432
0.002442
0.002645
0.002465
0.002427
0.002435
0.002483
0.002524
0.002389
0.002428
0.002389
0.002467
0.002455
0.002441
0.002432
0.002456
0.00249
0.002431
0.002422
0.002453
0.002376
0.002398
0.002431
0.00245
0.002431
0.002427
0.002378
0.002379
0.001524
0.002139
0.00255
0.002482
0.002412
0.002425
0.002467
0.002478
0.00256
0.002382
0.002483
0.002537
0.002468
0.002527
0.002425
0.002447
0.002452
0.002373
0.002486
0.002402
0.002436
0.002383
0.002408
0.002384
0.002442
0.002394
0.002504
0.002474
0.002394
0.00239
0.002461
0.002529
0.002408
0.002439
0.002384
0.002382
0.002451
0.002436
0.002436
0.002418
0.002523
0.00245
0.002429
0.00248
0.002482
0.002416
0.00245
0.002405
0.00248
0.00241
0.002386
0.00242
0.002394
0.002414
0.002391
0.002419
0.002411
0.002403
0.002363
0.0024
0.00244
0.0024
0.002336
0.002454
0.002402
0.002408
0.002387
0.002422
0.002391
0.002383
0.002405
0.002478
0.00247
0.002446
0.001331
0.002436
0.002419
0.002408
0.002406
0.002418
0.002406
0.002484
0.002463
0.002454
0.002495
0.002495
0.00244
0.002472
0.002499
0.002487
0.00242
0.002441
0.002433
0.002447
0.002462
0.00244
0.002457
0.002448
0.002456
0.001293
0.002458
0.002443
0.002432
0.002487
0.002419
0.002574
0.002523
0.002534
0.002419
0.002421
0.002413
0.002545
0.002558
0.002403
0.002452
0.002482
0.002479
0.002651
0.002557
0.002546
0.00243
0.001926
0.002511
0.002434
0.002507
0.002398
0.002445
0.002428
0.002405
0.002407
0.00245
0.002454
0.002395
0.002436
0.002425
0.002554
0.002447
0.002532
0.002485
0.002436
0.002488
0.002412
0.003016
0.002455
0.002406
0.002143
0.002367
0.002438
0.002477
0.002449
0.002426
0.002443
0.002439
0.002459
0.002547
0.002379
0.002578
0.002369
0.002448
0.002448
0.002379
0.002395
0.002437
0.002597
0.002374
0.00237
0.002415
0.002399
0.002169
0.002403
0.002413
0.002499
0.002511
0.002453
0.002502
0.002433
0.002449
0.002419
0.002459
0.002418
0.002422
0.002422
0.00244
0.002428
0.002453
0.002432
0.002394
0.002422
0.002537
0.002406
0.002414
0.002866
0.00215
0.00244
0.002428
0.002478
0.002424
0.00246
0.002484
0.002526
0.002494
0.002531
0.00244
0.002435
0.002456
0.002435
0.00241
0.002422
0.002416
0.002451
0.002422
0.002418
0.002449
0.002415
0.002423
0.00094
0.002393
0.002428
0.002426
0.002433
0.002486
0.002489
0.00244
0.002391
0.002425
0.002469
0.002415
0.002511
0.0024
0.002429
0.002426
0.002477
0.002497
0.002431
0.002483
0.00248
0.002477
0.002484
0.002474
0.000839
0.002375
0.002483
0.002444
0.002387
0.002415
0.002447
0.002525
0.002489
0.002441
0.002451
0.002771
0.00251
0.002451
0.002457
0.002389
0.002446
0.002391
0.002391
0.002433
0.0035
0.003633
0.002458
0.002418
0.002817
0.00236
0.002398
0.0024
0.002393
0.002397
0.002433
0.002461
0.002478
0.002386
0.002391
0.002486
0.002386
0.002393
0.002447
0.002454
0.002491
0.002433
0.002461
0.00247
0.002402
0.002427
0.002452
0.000581
0.001919
0.002441
0.002435
0.002439
0.002386
0.002422
0.002426
0.003103
0.002374
0.002406
0.002441
0.002451
0.002499
0.00239
0.002438
0.002389
0.002411
0.002458
0.002456
0.002377
0.002401
0.002401
0.002399
0.002428
0.00242
0.002431
0.002258
0.002489
0.002433
0.002445
0.002401
0.002421
0.002521
0.002485
0.002452
0.002612
0.00253
0.002433
0.0025
0.002531
0.002477
0.002498
0.00251
0.002467
0.002393
0.002396
0.002454
0.00241
0.00242
0.00243
0.002473
0.002395
0.002413
0.000936
0.000987
0.002522
0.002546
0.00248
0.002515
0.00242
0.002471
0.002499
0.002461
0.002607
0.002476
0.002466
0.002484
0.002463
0.002467
0.002461
0.002499
0.002497
0.002428
0.002405
0.00237
0.002434
0.002489
0.002505
0.002515
0.002414
0.002433
0.002505
0.002485
0.00239
0.002367
0.00236
0.002359
0.002509
0.00247
0.003626
0.003643
0.002358
0.002472
0.002374
0.002365
0.002423
0.002524
0.002462
0.002452
0.002421
0.003373
0.000682
0.002431
0.002438
0.002424
0.002386
0.002491
0.002427
0.003592
0.003508
0.002496
0.002449
0.002432
0.002441
0.002519
0.002414
0.002423
0.002436
0.002477
0.002436
0.002379
0.002401
0.002386
0.002497
0.00247
0.002478
0.00245
0.002437
0.002413
0.002429
0.002403
0.003689
0.003198
0.002357
0.002436
0.002526
0.002484
0.002452
0.002421
0.002394
0.00244
0.00242
0.002392
0.002457
0.002389
0.002387
0.00248
0.002409
0.002465
0.002156
0.002164
0.002444
0.002442
0.00241
0.002441
0.002389
0.002439
0.002471
0.002503
0.002378
0.002619
0.003683
0.003
0.002368
0.002448
0.002456
0.002427
0.002354
0.002356
0.00236
0.003679
0.003031
0.002503
0.001495
0.002439
0.002354
0.002414
0.002412
0.00241
0.002451
0.002411
0.002356
0.002444
0.002474
0.002485
0.002366
0.002379
0.00239
0.00256
0.002628
0.00269
0.002472
0.002419
0.002379
0.002483
0.002503
0.002472
0.002629
0.002431
0.002421
0.002462
0.002446
0.002433
0.002417
0.002431
0.002434
0.002425
0.002434
0.002502
0.002473
0.002433
0.002468
0.002506
0.002535
0.002479
0.002517
0.002463
0.002433
0.00242
0.002427
0.002416
0.003655
0.002464
0.002422
0.002408
0.002487
0.003614
0.003099
0.002429
0.002383
0.00237
0.002559
0.002479
0.002465
0.002567
0.002421
0.00241
0.002403
0.002386
0.002429
0.002395
0.00243
0.002456
0.001209
0.002372
0.002544
0.002413
0.002497
0.002458
0.002399
0.002408
0.002404
0.002411
0.002389
0.002503
0.002471
0.002405
0.002419
0.002448
0.00251
0.002372
0.002421
0.002502
0.002404
0.002552
0.002428
0.002403
0.00233
0.002431
0.002353
0.002513
0.002486
0.002688
0.002467
0.002484
0.002514
0.002552
0.002448
0.00245
0.002431
0.002441
0.002445
0.002474
0.002496
0.002416
0.00244
0.002452
0.002411
0.002513
0.00248
0.002408
0.002171
0.002175
0.002395
0.002447
0.002429
0.002437
0.002446
0.002397
0.00243
0.002405
0.002368
0.003644
0.003552
0.002443
0.002398
0.002396
0.00245
0.002454
0.002362
0.002372
0.003647
0.002405
0.002438
0.002153
0.002408
0.002391
0.002392
0.002384
0.002388
0.002357
0.002342
0.002451
0.002492
0.002474
0.002485
0.002462
0.002461
0.002444
0.002432
0.002474
0.002472
0.002446
0.002434
0.002496
0.002405
0.002515
0.002385
0.002181
0.00247
0.002501
0.002434
0.002421
0.002348
0.002345
0.002359
0.002452
0.002668
0.002525
0.003661
0.003551
0.002458
0.002451
0.002462
0.002477
0.002555
0.002471
0.002478
0.00241
0.002371
0.00222
0.002468
0.002502
0.002447
0.002538
0.003675
0.002861
0.002407
0.00241
0.002452
0.002548
0.00236
0.002377
0.00243
0.0024
0.002425
0.002459
0.002497
0.002462
0.002479
0.002459
0.002413
0.002426
0.002455
0.002445
0.00243
0.001665
0.002412
0.002411
0.002438
0.002418
0.002563
0.002509
0.002459
0.002423
0.002405
0.002444
0.002777
0.002361
0.002486
0.002448
0.002472
0.002478
0.003101
0.00241
0.003099
0.002457
0.002547
0.002442
0.002148
0.002447
0.002486
0.002465
0.002385
0.003088
0.002408
0.002403
0.002385
0.002406
0.002468
0.002484
0.002425
0.00248
0.002404
0.002459
0.002439
0.002576
0.002416
0.002456
0.002464
0.002403
0.00241
0.001632
0.00242
0.002466
0.002587
0.002484
0.002497
0.003576
0.003649
0.002478
0.002416
0.002412
0.002434
0.002505
0.00243
0.002515
0.002444
0.002506
0.002511
0.002446
0.002473
0.002515
0.002469
0.002422
0.002225
0.002459
0.002513
0.002508
0.002519
0.002435
0.002488
0.00243
0.002465
0.002478
0.00243
0.002444
0.002526
0.002434
0.002537
0.002446
0.002507
0.002453
0.002543
0.002457
0.002399
0.003465
0.003619
0.002401
0.002402
0.002424
0.002412
0.002397
0.002394
0.002413
0.002407
0.002447
0.002427
0.00245
0.002392
0.002417
0.002388
0.002416
0.002434
0.002439
0.002422
0.002448
0.002443
0.002438
0.00238
0.002383
0.002405
0.001657
0.002578
0.002404
0.002394
0.002407
0.002469
0.002428
0.003609
0.003285
0.002449
0.002469
0.002477
0.002498
0.002501
0.002422
0.002497
0.003279
0.002525
0.002443
0.002421
0.002435
0.002484
0.00243
0.002493
0.002439
0.002405
0.002246
0.002419
0.002427
0.002487
0.002447
0.002418
0.002421
0.002494
0.002416
0.002518
0.002795
0.002376
0.002402
0.002534
0.002584
0.002506
0.002459
0.00257
0.003643
0.002502
0.003117
0.002386
0.002382
0.002531
0.000645
0.002435
0.002445
0.002388
0.002436
0.002423
0.002434
0.002418
0.00244
0.002524
0.002478
0.002547
0.002401
0.002374
0.002533
0.002573
0.002451
0.002443
0.002428
0.002463
0.002419
0.002405
0.002438
0.002435
0.002931
0.001164
0.002536
0.002475
0.002555
0.002454
0.002423
0.002388
0.002458
0.002463
0.002392
0.002432
0.002403
0.002404
0.002475
0.002501
0.002459
0.00247
0.002413
0.002413
0.002489
0.002448
0.002464
0.002571
0.002152
0.002159
0.002611
0.002497
0.00257
0.00242
0.002621
0.002435
0.002443
0.002477
0.002523
0.002464
0.00253
0.002493
0.00252
0.002505
0.002513
0.002497
0.002427
0.002502
0.002444
0.002443
0.002406
0.000929
0.002434
0.002431
0.002418
0.002427
0.002457
0.002427
0.002393
0.002449
0.002452
0.002432
0.002446
0.002458
0.002447
0.002544
0.002533
0.00252
0.002574
0.002385
0.002393
0.002403
0.002457
0.002412
0.003818
0.002107
0.002526
0.002433
0.002385
0.002363
0.002373
0.002384
0.002399
0.002448
0.002441
0.002539
0.002493
0.002411
0.002592
0.002434
0.002394
0.002442
0.002348
0.002448
0.002428
0.002476
0.00248
0.002467
0.002399
0.00093
0.002418
0.002439
0.00238
0.002497
0.002439
0.002405
0.00241
0.002406
0.002459
0.002458
0.002459
0.002487
0.00245
0.002477
0.002433
0.002343
0.002409
0.002554
0.00242
0.002444
0.00249
0.002147
0.002407
0.002421
0.002425
0.002394
0.00239
0.002407
0.002394
0.002451
0.002398
0.002396
0.002431
0.002718
0.002414
0.002428
0.002354
0.002418
0.002392
0.002388
0.002426
0.002477
0.003224
0.003629
0.002423
0.00226
0.002402
0.002399
0.002402
0.002441
0.002396
0.002515
0.002389
0.002404
0.002402
0.002415
0.002434
0.002486
0.002493
0.002437
0.002434
0.002435
0.002445
0.002477
0.002449
0.002442
0.00251
0.001166
0.002428
0.002592
0.002471
0.002474
0.002462
0.00246
0.002789
0.002465
0.002551
0.002737
0.003634
0.002475
0.002459
0.002443
0.002438
0.002401
0.002441
0.002439
0.002496
0.002437
0.002396
0.002444
0.002422
0.002244
0.001052
0.002386
0.002456
0.002402
0.002454
0.002367
0.002386
0.00238
0.002402
0.002373
0.0024
0.002377
0.002405
0.002487
0.00243
0.002421
0.002412
0.002525
0.002435
0.002269
0.002421
0.002454
0.002463
0.002421
0.002482
0.002503
0.003149
0.002482
0.002422
0.002474
0.00242
0.00242
0.002364
0.00236
0.002404
0.002401
0.002515
0.002404
0.002426
0.002443
0.002481
0.002404
0.002354
0.002397
0.002546
0.002535
0.001226
0.002485
0.002426
0.002539
0.00264
0.002511
0.002519
0.002522
0.002547
0.003662
0.00293
0.002447
0.002561
0.002411
0.002454
0.002476
0.002506
0.002521
0.002479
0.002481
0.002495
0.00271
0.002494
0.002511
0.002483
0.00105
0.002381
0.002389
0.002405
0.002574
0.002396
0.002372
0.002362
0.002436
0.002504
0.002461
0.002473
0.002468
0.002486
0.002459
0.002412
0.002442
0.002532
0.002433
0.002434
0.002469
0.002504
0.002474
0.002661
0.002419
0.002446
0.001536
0.00244
0.002436
0.002511
0.002426
0.0024
0.002431
0.002453
0.002458
0.002473
0.002409
0.002463
0.002428
0.002576
0.003063
0.002393
0.003109
0.003054
0.002464
0.00245
0.002425
0.00241
0.002604
0.002542
0.002491
0.002221
0.003074
0.002462
0.002421
0.002396
0.002409
0.002479
0.002535
0.002437
0.002456
0.002407
0.002477
0.002454
0.002463
0.002482
0.002433
0.002419
0.002444
0.002517
0.002537
0.002583
0.002497
0.002393
0.002398
0.001302
0.002456
0.002533
0.002429
0.002436
0.003343
0.003511
0.002431
0.002387
0.002486
0.002437
0.002458
0.002413
0.002414
0.002434
0.002428
0.002465
0.002389
0.002447
0.002422
0.003688
0.002517
0.002396
0.002431
0.002173
0.002387
0.002383
0.002366
0.002473
0.002412
0.002357
0.002412
0.002372
0.002355
0.003264
0.002378
0.003356
0.00236
0.002395
0.002409
0.003629
0.003096
0.002358
0.00237
0.003423
0.003238
0.00238
0.002594
0.001483
0.002471
0.002426
0.00242
0.002479
0.002723
0.002485
0.002479
0.002428
0.002456
0.002467
0.002439
0.002458
0.002391
0.002447
0.002422
0.002462
0.002384
0.00242
0.002458
0.002364
0.00238
0.002414
0.002432
0.002133
0.002398
0.002392
0.0024
0.002447
0.002466
0.002372
0.002362
0.002501
0.002494
0.002499
0.002396
0.002476
0.002501
0.00248
0.002498
0.002355
0.002383
0.00237
0.002384
0.002516
0.002371
0.002509
0.002498
0.002513
0.002477
0.002551
0.002496
0.002519
0.002527
0.002491
0.002472
0.002429
0.002458
0.002382
0.002415
0.002472
0.002468
0.002442
0.002481
0.00248
0.002428
0.00244
0.002473
0.002425
0.00247
0.002491
0.002471
0.002474
0.000955
0.002423
0.002464
0.002456
0.00244
0.00244
0.002478
0.002465
0.002519
0.002388
0.002542
0.002522
0.002501
0.002462
0.002459
0.002458
0.002419
0.002448
0.002477
0.002401
0.002564
0.002405
0.002621
0.002065
0.002395
0.002475
0.002525
0.00253
0.002429
0.002426
0.003524
0.003518
0.002416
0.002365
0.002401
0.002399
0.002442
0.002445
0.002474
0.002445
0.002435
0.002488
0.002454
0.002415
0.002413
0.002526
0.002386
0.002438
0.001162
0.002374
0.002431
0.002415
0.002442
0.002427
0.002429
0.00243
0.002422
0.002434
0.002441
0.002413
0.00242
0.00346
0.002397
0.002427
0.002482
0.002497
0.002453
0.002497
0.002464
0.003529
0.003551
0.002489
0.002133
0.002453
0.002415
0.002463
0.002478
0.002459
0.002494
0.002468
0.002422
0.002384
0.002526
0.002461
0.002531
0.002469
0.002448
0.002438
0.002439
0.002407
0.002416
0.002421
0.00237
0.002398
0.002562
0.0024
0.002199
0.002407
0.002489
0.002415
0.002407
0.002425
0.002445
0.002391
0.002465
0.002382
0.002402
0.002393
0.003351
0.002505
0.002421
0.002434
0.002428
0.002384
0.002491
0.002383
0.002395
0.002404
0.002451
0.00252
0.0027
0.002499
0.002498
0.002502
0.00246
0.002468
0.002444
0.002531
0.00245
0.002433
0.002452
0.002783
0.00243
0.002407
0.002465
0.002434
0.002447
0.002447
0.002449
0.002468
0.002576
0.002452
0.00245
0.00259
0.002162
0.002443
0.002421
0.002541
0.002518
0.002492
0.002409
0.003671
0.002424
0.002421
0.002395
0.002419
0.002425
0.002406
0.002425
0.002406
0.00243
0.002478
0.002445
0.002549
0.002442
0.002511
0.00239
0.002434
0.002593
0.002164
0.002147
0.002388
0.002418
0.003044
0.003031
0.002473
0.002425
0.002417
0.002383
0.002629
0.002428
0.002469
0.002433
0.002386
0.002416
0.002451
0.002443
0.00303
0.002375
0.002478
0.002413
0.002469
0.002611
0.002122
0.002473
0.002404
0.002395
0.002963
0.002388
0.002396
0.002378
0.002405
0.00238
0.002615
0.003072
0.002421
0.00245
0.002441
0.002429
0.002436
0.002378
0.002372
0.002482
0.002957
0.002379
0.002387
0.002454
0.001157
0.002401
0.002392
0.002443
0.002427
0.002737
0.002445
0.002357
0.002379
0.003653
0.00303
0.002396
0.002402
0.002434
0.002443
0.002439
0.002419
0.002418
0.002436
0.002454
0.00249
0.002508
0.0023
0.002541
0.002124
0.00239
0.002488
0.002539
0.002455
0.002427
0.002449
0.002402
0.002391
0.002399
0.002386
0.002417
0.002512
0.00246
0.002417
0.002399
0.002413
0.0024
0.002395
0.00241
0.002406
0.002386
0.002425
0.002411
0.00218
0.002408
0.00249
0.002376
0.002378
0.002394
0.002404
0.002526
0.002631
0.002525
0.002551
0.002431
0.002438
0.002433
0.002434
0.002435
0.002453
0.002435
0.002425
0.002408
0.002431
0.002415
0.002424
0.002374
0.002265
0.002426
0.00242
0.002434
0.002515
0.002477
0.002547
0.002478
0.002697
0.002535
0.002388
0.002568
0.002434
0.002367
0.002393
0.00243
0.002436
0.002428
0.00251
0.002452
0.002407
0.002431
0.002381
0.002525
0.001187
0.00243
0.002391
0.002469
0.002385
0.002367
0.002501
0.002444
0.002474
0.002424
0.003634
0.003024
0.003166
0.002464
0.002417
0.002432
0.002386
0.002585
0.002507
0.002528
0.002537
0.002546
0.002518
0.001544
0.002761
0.002505
0.002539
0.00246
0.002498
0.002478
0.002426
0.002384
0.002404
0.002372
0.002515
0.002403
0.00236
0.00241
0.00241
0.003581
0.003631
0.002373
0.002469
0.002446
0.00243
0.002504
0.001553
0.002429
0.003065
0.002435
0.002451
0.002409
0.002405
0.002372
0.00243
0.002454
0.002543
0.002487
0.002366
0.002999
0.002468
0.002372
0.00238
0.00242
0.002362
0.002408
0.00246
0.002405
0.003536
0.002971
0.002394
0.002858
0.002393
0.00238
0.002399
0.002361
0.002601
0.002868
0.003047
0.002437
0.002395
0.002454
0.002426
0.002431
0.002509
0.0024
0.002433
0.003018
0.003261
0.002397
0.002438
0.002475
0.002467
0.002478
0.002404
0.002476
0.001928
0.002479
0.002431
0.002424
0.002962
0.002366
0.002403
0.002441
0.002437
0.002432
0.002457
0.003397
0.003694
0.002413
0.00247
0.002457
0.002442
0.002427
0.002484
0.003092
0.002457
0.002427
0.000998
0.002212
0.002455
0.002438
0.002483
0.002447
0.002414
0.002397
0.002432
0.002412
0.002513
0.002451
0.002497
0.002556
0.002423
0.002421
0.003551
0.003656
0.002393
0.002365
0.002391
0.002354
0.002362
0.002345
0.001029
0.002668
0.002405
0.002429
0.002428
0.002416
0.002396
0.002401
0.002408
0.002478
0.002387
0.00321
0.003225
0.002548
0.002424
0.002432
0.002373
0.002406
0.002437
0.002409
0.00245
0.002439
0.002214
0.002446
0.002446
0.002438
0.00245
0.002426
0.002461
0.002452
0.002467
0.002499
0.002455
0.00247
0.002472
0.002451
0.002461
0.002416
0.002374
0.002415
0.002413
0.00242
0.002439
0.002513
0.002389
0.002442
0.0011
0.002486
0.002428
0.002464
0.002459
0.002465
0.00238
0.002482
0.002406
0.002466
0.002404
0.002393
0.002478
0.00257
0.002388
0.002484
0.002477
0.002391
0.002517
0.002431
0.002434
0.002374
0.002357
0.002461
0.002386
0.002378
0.002451
0.002197
0.00245
0.002352
0.002448
0.002417
0.002376
0.002437
0.003653
0.002435
0.00303
0.002379
0.00235
0.002357
0.003591
0.002443
0.002476
0.00242
0.002451
0.002437
0.002386
0.002467
0.00243
0.002386
0.002353
0.002382
0.002417
0.0027
0.000693
0.002434
0.00242
0.002547
0.002407
0.002416
0.003638
0.002364
0.003465
0.002418
0.002427
0.002526
0.002398
0.002458
0.002445
0.002443
0.002432
0.002417
0.002401
0.002442
0.002428
0.002393
0.002463
0.002442
0.002759
0.00093
0.002469
0.002424
0.00336
0.003551
0.002486
0.00251
0.002415
0.003024
0.00242
0.002599
0.002505
0.002429
0.002554
0.002463
0.002465
0.002426
0.002422
0.002401
0.002438
0.003194
0.002558
0.002538
0.002516
0.000819
0.002591
0.002388
0.002428
0.003673
0.0031
0.002436
0.002461
0.002478
0.002485
0.002431
0.002593
0.002385
0.002399
0.002568
0.002935
0.002495
0.003605
0.002422
0.002456
0.002485
0.002442
0.002443
0.002579
0.002136
0.003111
0.002693
0.003041
0.002424
0.003589
0.003066
0.002436
0.002494
0.002573
0.002428
0.002543
0.002422
0.002421
0.002451
0.002426
0.002542
0.00252
0.002398
0.002402
0.002969
0.00303
0.002489
0.002561
0.00243
0.002506
0.003193
0.002319
0.002979
0.002371
0.002406
0.002398
0.00244
0.002648
0.002519
0.002439
0.002513
0.002429
0.002412
0.002409
0.002428
0.002384
0.002431
0.002435
0.002428
0.002518
0.00245
0.002427
0.002441
0.002403
0.002471
0.000947
0.002438
0.002384
0.002362
0.002357
0.002399
0.002467
0.002498
0.002485
0.002449
0.002446
0.002418
0.002432
0.002509
0.002482
0.002496
0.00243
0.002433
0.002405
0.002483
0.002438
0.002438
0.002443
0.000688
0.002464
0.002521
0.002405
0.002402
0.002458
0.00241
0.002453
0.002537
0.002471
0.002456
0.00249
0.002527
0.002415
0.002427
0.002433
0.002443
0.002388
0.002381
0.002415
0.002394
0.002451
0.00242
0.002427
0.002156
0.002432
0.002418
0.002469
0.002417
0.002451
0.00217
0.002304
0.002457
0.002391
0.002391
0.002462
0.002403
0.002466
0.002283
0.002161
0.000566
0.002444
0.001156
0.002945
0.003048
0.002394
0.002473
0.001178
0.002408
0.002418
0.00241
0.002421
0.002425
0.002445
0.002432
0.002349
0.002417
0.002423
0.002394
0.002419
0.002422
0.002425
0.002446
0.002451
0.002442
0.002442
0.002391
0.002537
0.002428
0.002891
0.002735
0.002448
0.002431
0.002388
0.002394
0.002442
0.002447
0.002406
0.002584
0.002367
0.002389
0.002439
0.002603
0.002449
0.002481
0.002451
0.00369
0.003191
0.002364
0.002366
0.002496
0.002475
0.002457
0.002203
0.002473
0.002389
0.002468
0.002494
0.002386
0.002485
0.002502
0.002414
0.002421
0.002466
0.002491
0.002416
0.00241
0.002397
0.002392
0.002461
0.002422
0.002434
0.002428
0.002422
0.002392
0.002446
0.002561
0.00241
0.002405
0.00244
0.002435
0.002502
0.002496
0.002415
0.002428
0.002388
0.002408
0.002415
0.002548
0.002411
0.002407
0.002418
0.00245
0.002401
0.002454
0.002419
0.002441
0.002438
0.00256
0.002564
0.002424
0.001607
0.002427
0.002387
0.002466
0.002135
0.002196
0.002263
0.002358
0.002406
0.002401
0.002356
0.002394
0.002402
0.002426
0.002401
0.002355
0.002363
0.002559
0.002478
0.002548
0.002406
0.002537
0.00242
0.002424
0.002425
0.002151
0.002446
0.002468
0.00249
0.002161
0.002175
0.001592
0.001205
0.001086
0.001665
0.001743
0.002226
0.002612
0.002684
0.002194
0.002277
0.002434
0.002635
0.002643
0.002393
0.002208
0.002409
0.002445
0.001618
0.003878
0.000538
0.000575
0.000573
0.000556
0.000815
0.00062
0.000555
0.00056
0.000583
0.000585
0.000608
0.000593
0.000845
0.00085
0.000857
0.00085
0.000885
0.002114
0.000666
0.000669
0.000645
0.00055
0.000569
0.000639
0.000556
0.000592
0.000693
0.00066
0.000611
0.000682
0.00067
0.000737
0.0007
0.000711
0.000648
0.000637
0.00082
0.000641
0.000833
0.000591
0.00057
0.000614
0.000588
0.00071
0.000942
0.000661
0.000826
0.000823
0.000869
0.000809
0.000862
0.000625
0.000701
0.00057
0.002575
0.002193
0.00222
0.000555
0.00072
0.000603
0.000915
0.002246
0.002208
0.002658
0.002335
0.001253
0.002188
0.003263
0.000695
0.002478
0.002242
0.00244
0.001185
0.002636
0.000649
0.002163
0.00237
0.001581
0.001529
0.001501
0.001531
0.001546
0.002869
0.001472
0.001762
0.002233
0.001496
0.001715
0.001466
0.000741
0.001107
0.000601
0.00064
0.000731
0.001056
0.000688
0.00066
0.000883
0.002148
0.001045
0.001158
0.000639
0.000631
0.001025
0.001539
0.002232
0.000623
0.000624
0.002557
0.00255
0.001975
0.00194
0.0014
0.002141
0.00216
0.00247
0.001074
0.000584
0.000616
0.000537
0.002132
0.002453
0.002492
0.002391
0.000602
0.00242
0.002424
0.002423
0.002915
0.001479
0.002014
0.002898
0.002787
0.001516
0.000946
0.002121
0.002187