
0.003776
0.0071
0.003597
0.003672
0.004959
0.00745
0.003423
0.003758
0.009834
0.005863
0.007235
0.003381
0.002894
0.005224
0.004169
0.00465
0.005083
0.003606
0.006722
0.003759
0.00347
0.010772
0.003514
0.007367
0.005439
0.006499
0.00783
0.004456
0.005104
0.003384
0.004284
0.003879
0.003469
0.00857
0.003327
0.003794
0.006784
0.004035
0.004077
0.006128
0.003741
0.005121
0.003283
0.003995
0.003278
0.004933
0.003292
0.008365
0.003239
0.00316
0.003542
0.003705
0.019887
0.004712
0.008724
0.004398
0.021185
0.004209
0.006047
0.011871
0.008819
0.006889
0.010421
0.005851
0.024432
0.008474
0.003433
0.004326
0.012705
0.00534
0.007024
0.007729
0.012104
0.010935
0.012683
0.014056
0.00724
0.003932
0.005129
0.003699
0.003774
0.005791
0.004881
0.004425
0.003936
0.004365
0.006303
0.003748
0.003921
0.007525
0.003474
0.00964
0.00382
0.004188
0.005345
0.005582
0.004123
0.008645
0.00486
0.00378
0.003469
0.006229
0.008281
0.003229
0.01192
0.015792
0.005162
0.003564
0.005101
0.025844
0.003499
0.009483
0.004498
0.007607
0.005053
0.004222
0.005284
0.006492
0.003609
0.005264
0.006719
0.011794
0.006566
0.007751
0.011305
0.009849
0.006133
0.008357
0.006682
0.009722
0.00547
0.013421
0.01615
0.007142
0.003322
0.003897
0.006165
0.013892
0.006827
0.011574
0.016131
0.005156
0.004707
0.003874
0.003052
0.003286
0.006063
0.003972
0.010703
0.006793
0.003819
0.003774
0.022323
0.010245
0.006222
0.009122
0.007921
0.032408
0.004417
0.009964
0.011073
0.003629
0.008126
0.006154
0.004935
0.005307
0.007224
0.005325
0.006851
0.006751
0.002889
0.003159
0.004773
0.004766
0.003164
0.010921
0.011215
0.005965
0.002736
0.009008
0.007426
0.010138
0.005142
0.005798
0.019865
0.0031
0.007242
0.003501
0.029741
0.007252
0.002666
0.005214
0.005257
0.003764
0.004556
0.005351
0.005486
0.006539
0.003569
0.007591
0.007706
0.003783
0.007812
0.006029
0.005042
0.007459
0.002412
0.003524
0.003303
0.002554
0.003502
0.005794
0.004758
0.007932
0.002952
0.004632
0.003966
0.011549
0.004654
0.002796
0.004556
0.009299
0.005202
0.011094
0.00935
0.006687
0.005573
0.006608
0.006406
0.004117
0.004878
0.004091
0.006065
0.009898
0.005394
0.005773
0.006364
0.005931
0.003044
0.004651
0.003244
0.004141
0.012632
0.007563
0.005488
0.005829
0.005654
0.006147
0.006653
0.003303
0.003309
0.003221
0.004233
0.005302
0.009452
0.005112
0.005978
0.013412
0.006806
0.009751
0.005226
0.003072
0.008994
0.005252
0.00792
0.002298
0.009847
0.015605
0.003018
0.016576
0.007569
0.007258
0.011295
0.005308
0.005177
0.007371
0.002432
0.00743
0.022432
0.007742
0.005364
0.003519
0.003978
0.005156
0.007022
0.007175
0.016614
0.016714