
0.0282843
0.084713
0.084713
0.0905475
0.0845344
0.10167
0.0907101
0.15671
0.0958551
0.00182849
0.0235887
0.0131425
0.0654793
0.117518
0.118995
0.118995
0.134444
0.0659974
0.0195179
0.0298615
0.0564042
0.00706628
0.00415197
0.0107876
0.0214011
0.013875
0.0240402
0.151032
0.151551
0.179625
0.160815
0.160815
0.160845
0.0456674
0.0108319
0.0189684
0.0391432
0.0712972
0.084261
0.0863753
0.0883215
0.0997409
0.0943212
0.0307789
0.00795593
0.0209567
0.0159103
0.0139089
0.0229128
0.0132324
0.021452
0.021452
0.0295941
0.0153379
0.0186822
0.041836
0.0388905
0.027071
0.0242859
0.0331188
0.0305391
0.0112605
0.0389825
0.0276788
0.0506331
0.0145503
0.0230561
0.011365
0.0248243
0.0248243
0.0448685
0.0536407
0.0122197
0.0128535
0.02068
0.0170721
0.0106764
0.0106764
0.0246947
0.0126481
0.0203781
0.01289
0.0660003
0.0237781
0.00693834
0.0145033
0.0409714
0.0160865
0.0120376
0.0120376
0.0382844
0.0195361
0.0220061
0.00334204
0.0173472
0.0063314
0.0265388
0.00943697
0.00439328
0.0297334
0.0169333
0.0372263
0.0407566
0.0106744
0.00578648
0.0133666
0.011962
0.0244232
0.0169076
0.0169076
0.00917995
0.0217289
0.0140951
0.0659999
0.0280876
0.0356706
0.00563978
0.00563978
0.0258886
0.0258886
0.0335569
0.0284742
0.00250003
0.0230023
0.0153341
0.0280852
0.0204597
0.045962
0.0862915
0.0609599
0.0554932
0.0299056
0.0629055
0.0629055
0.02478
0.0907799
0.0726047
0.0341807
0.0671807
0.0291409
0.0403698
0.0148249
0.0148249
0.0220668
0.0220668
0.0168134
0.00856236
0.0190579
0.00626588
0.0210467
0.0402844
0.03562
0.0144556
0.00575581
0.00575581
0.0128677
0.012895
0.0861209
0.0421027
0.0237156
0.0244333
0.00512401
0.0252355
0.0398456
0.0340805
0.0487776
0.0272349