
2e-06
1e-06
1e-06
2e-06
1e-06
1e-06
1e-06
1e-06
2e-06
1e-06
1e-06
1e-06
1e-06
1e-06
1e-06
2e-06
2e-06
1e-06
1e-06
1e-06
1e-06
1e-06
2e-06
1e-06
1e-06
1e-06
1e-06
1e-06
1e-06
1e-06
1e-06
1e-06
3e-06
1e-06
1e-06
1e-06
1e-06
1e-06
1e-06
1e-06
1e-06
1e-06
1e-06
1e-06
1e-06
1e-06
1e-06
1e-06
1e-06
1e-06
1e-06
1e-06
5e-06
3e-06
1e-06
2e-06
3e-06
2e-06
3e-06
3e-06
3e-06
3e-06
2e-06
2e-06
1.3e-05
2e-06
1e-06
2e-06
5e-06
2e-06
1e-06
2e-06
6e-06
6e-06
3e-06
0.068481
0.026148
0.022239
0.022186
0.023445
0.023496
0.063739
0.038097
0.024537
0.023565
0.023779
0.023643
0.040289
2e-06
3e-06
1e-06
3e-06
1e-06
1e-06
2e-06
2e-06
1e-06
4e-06
2e-06
2e-06
1e-06
3e-06
2e-06
2e-06
4e-06
0.08064
0.016008
0.016278
0.016199
0.070064
0.018161
0.067459
0.027782
0.01596
0.014575
0.015105
0.015436
0.017483
0.015105
3e-06
2e-06
3e-06
1e-06
3e-06
2e-06
3e-06
2e-06
5e-06
5e-06
3e-06
1e-06
7e-06
4e-06
4e-06
1e-06
1e-06
1e-06
3e-06
5e-06
3e-06
0.080883
0.020057
0.017398
0.016549
0.018379
0.018137
0.019683
0.019812
0.019627
0.036218
2e-06
2e-06
7e-06
2e-06
2e-06
1e-06
2e-06
7e-06
0.061692
0.079218
0.070845
0.036099
0.026128
0.024606
0.041768
0.023365
0.024898
0.027341
0.066378
0.029279
0.028406
0.028252
0.027107
0.024547
0.021926
0.020926
0.05662
0.024679
0.022051
0.084174
0.028276
0.023209
0.023439
0.023234
0.064174
0.026171
0.026464
0.028071
0.075385
0.039625
0.025033
0.024994
0.033252
0.027119
0.023708
0.023608
0.024775
0.021417
0.024037
0.023613
0.02437
0.025271
0.024981
0.044135
0.062845
0.052768
0.022154
0.022189
0.02153
0.019743
0.017718
0.021909
0.020049
0.016742
0.015715
0.044972
0.054749
0.068638
0.017916
0.013067
0.013382
0.016933
0.020749
0.058696
0.079461
0.021633
0.021462
0.02309
0.025839
0.024842
0.024488
0.024687
0.022515
0.024279
0.022417
0.023918
0.065352
0.030358
0.024471
0.023891
0.025198
0.063876
0.084353
0.021376
0.024917
0.02587
0.026426
0.024376
0.025133
0.019976
0.058621
0.034474
0.016281
0.016791
0.017793
0.017559
0.046623
0.032242
0.018236
0.017798
0.01602
0.013087
0.012949
0.013393
0.013225
0.017767
0.024328
0.060889
0.059931
0.069729
0.072589
0.073733
0.073293
0.022161
0.019225
0.018013
0.014428
0.074175
0.059406
0.07667
0.023802
0.014886
0.011963
0.06788
0.07669
0.063852
0.080547
0.068058