
0.00627
0.012155
0.005999
0.006131
0.00771
0.01202
0.005779
0.00613
0.015844
0.008677
0.010917
0.005609
0.005135
0.007911
0.005748
0.007437
0.008047
0.006016
0.011685
0.006474
0.005815
0.017423
0.005937
0.010359
0.007225
0.01077
0.011587
0.006882
0.007848
0.005641
0.006813
0.006407
0.005797
0.013525
0.005603
0.005716
0.011502
0.006516
0.006369
0.00922
0.006351
0.007995
0.005658
0.006488
0.005382
0.007979
0.005597
0.013619
0.005618
0.005308
0.00575
0.006234
0.0301
0.008433
0.015107
0.007482
0.030285
0.006792
0.010836
0.017852
0.013537
0.012161
0.017849
0.010195
0.041428
0.013667
0.006233
0.007269
0.020738
0.008246
0.011673
0.013577
0.019785
0.017211
0.019692
0.10113
0.044038
0.031595
0.034028
0.032696
0.032307
0.077833
0.04866
0.034561
0.032175
0.030655
0.033752
0.046883
0.006889
0.012077
0.006433
0.020433
0.006914
0.007262
0.008638
0.010008
0.006742
0.016758
0.007323
0.005951
0.005766
0.010633
0.019298
0.008742
0.021723
0.108259
0.024404
0.0224
0.02425
0.119658
0.02625
0.093455
0.038118
0.029131
0.02162
0.021626
0.024018
0.02755
0.021078
0.008728
0.009609
0.018753
0.010369
0.013143
0.019482
0.015569
0.010601
0.013864
0.011686
0.016484
0.01004
0.022086
0.030182
0.010908
0.007281
0.008308
0.012712
0.034553
0.018268
0.024021
0.106121
0.028678
0.026659
0.021951
0.023177
0.02307
0.032016
0.028649
0.043963
0.052038
0.008624
0.008752
0.042783
0.020153
0.015663
0.018035
0.017614
0.071985
0.072616
0.0957
0.094038
0.041838
0.038688
0.034206
0.05248
0.035017
0.040713
0.038034
0.081603
0.046136
0.035139
0.036351
0.037763
0.034433
0.029943
0.044153
0.087593
0.03776
0.028586
0.103902
0.044226
0.044977
0.033771
0.034371
0.108991
0.033438
0.040684
0.036809
0.137908
0.055593
0.031568
0.03532
0.045087
0.035233
0.032558
0.034132
0.038491
0.033736
0.033457
0.04035
0.040162
0.034625
0.041546
0.057295
0.07588
0.070463
0.027916
0.029979
0.029058
0.026441
0.024502
0.035716
0.027594
0.033348
0.022189
0.057491
0.06543
0.094995
0.02929
0.020387
0.020443
0.035263
0.035162
0.090824
0.101103
0.036285
0.03285
0.035768
0.038236
0.034149
0.035517
0.033559
0.03514
0.045569
0.033306
0.035882
0.079023
0.04199
0.031802
0.033217
0.032409
0.073891
0.110536
0.036885
0.036072
0.036631
0.037806
0.03556
0.039459
0.029092
0.066916
0.041908
0.02312
0.029245
0.034763
0.027731
0.057901
0.060653
0.035043
0.038806
0.026471
0.019831
0.032339
0.023258
0.028436
0.023067
0.043384
0.095192
0.066378
0.107416
0.093435
0.093325
0.102452
0.03523
0.030973
0.035831
0.020439
0.091549
0.103734
0.089896
0.031464
0.020763
0.018619
0.075835
0.092193
0.0769
0.108401
0.102517