0.007968
0.013824
0.007686
0.007692
0.00939
0.013674
0.007254
0.007616
0.017475
0.010372
0.012643
0.007114
0.00655
0.009412
0.007268
0.008977
0.009602
0.007546
0.013272
0.008116
0.007384
0.019199
0.00742
0.011843
0.008716
0.012267
0.013277
0.008663
0.009448
0.00721
0.008398
0.00803
0.007332
0.015101
0.007092
0.007227
0.012785
0.007777
0.007781
0.010615
0.00775
0.009481
0.007152
0.007928
0.00674
0.009446
0.007068
0.015203
0.007192
0.006924
0.012853
0.073373
0.045516
0.035232
0.043275
0.06822
0.036803
0.054946
0.0415
0.066959
0.033433
0.058695
0.040579
0.073591
0.050237
0.02989
0.045465
0.07623
0.030313
0.049018
0.045044
0.065835
0.03845
0.060537
0.185552
0.146967
0.071103
0.039922
0.061639
0.041036
0.059634
0.151626
0.066815
0.13345
0.055828
0.036581
0.141093
0.069679
0.05892
0.023973
0.091173
0.02881
0.051803
0.029494
0.090493
0.017883
0.100329
0.065997
0.014185
0.011218
0.063181
0.184362
0.042714
0.042968
0.102716
0.137851
0.031716
0.057098
0.179908
0.149699
0.087828
0.172693
0.114778
0.045592
0.051818
0.037298
0.064513
0.035023
0.09441
0.015969
0.060551
0.030052
0.072018
0.028992
0.069048
0.030973
0.089252
0.026759
0.061245
0.023708
0.110344
0.089613
0.048861
0.145694
0.019694
0.054897
0.040376
0.070277
0.030632
0.110395
0.135781
0.034575
0.052411
0.04126
0.053454
0.164362
0.046437
0.040121
0.098786
0.072777
0.035453
0.132949
0.07545
0.037278
0.040604
0.054895
0.246857
0.099697
0.101907
0.13742
0.124036
0.04759
0.046614
0.217651
0.068566
0.039811
0.048914
0.063514
0.103816
0.064738
0.04029
0.054535
0.04253
0.041824
0.039855
0.156559
0.112679
0.052588
0.085249
0.129487
0.059744
0.049393
0.049579
0.038831
0.262686
0.050969
0.058926
0.041534
0.213727
0.072353
0.041342
0.210557
0.062973
0.051839
0.037019
0.059933
0.042721
0.057225
0.038159
0.061589
0.044639
0.047202
0.209881
0.072449
0.159162
0.085501
0.050491
0.039111
0.060934
0.038727
0.05329
0.047219
0.170301
0.03674
0.101263
0.070939
0.083837
0.127628
0.032366
0.049692
0.042959
0.053335
0.155518
0.125554
0.136135
0.040071
0.047894
0.039955
0.057419
0.038549
0.061863
0.038124
0.053685
0.166009
0.048886
0.039974
0.109673
0.057567
0.038596
0.062106
0.038184
0.146903
0.249149
0.052239
0.040282
0.060856
0.04185
0.057698
0.15327
0.042025
0.074052
0.053446
0.026224
0.046
0.040645
0.115315
0.10828
0.077511
0.040672
0.046838
0.157712
0.022351
0.050336
0.057502
0.042546
0.062767
0.047567
0.120215
0.084223
0.12404
0.286499
0.163596
0.128161
0.048514
0.034473
0.053792
0.045803
0.225568
0.160635
0.107847
0.048805
0.036789
0.106065
0.134313
0.158077
0.139062
0.241321