
0.005207
0.018395
0.006391
0.012686
0.008003
0.014169
0.008874
0.016145
0.00514
0.018293
0.005853
0.010592
0.010263
0.028023
0.018227
0.018784
0.018455
0.062003
0.007716
0.017334
0.086517
0.0169
0.024433
0.037424
0.020736
0.036732
0.058922
0.03025
0.012342
0.01637
0.059748
0.017662
0.006471
0.018243
0.053735
0.05813
0.00872
0.011228
0.01253
0.013806
0.035368
0.018577
0.020377
0.018506
0.032865
0.026884
0.061097
0.05299
0.005018
0.007712
0.010799
0.018527
0.058651
0.016341
0.008382
0.002644
0.009612
0.048049
0.013436
0.073849
0.015813
0.009349
0.003524
0.01544
0.019066
0.021908
0.019227
0.002635
0.010834
0.012624
0.014841
0.012835
0.012211
0.002404
0.016512
0.009971
0.051018
0.017023
0.010615
0.01075
0.004703
0.012
0.012544
0.060815
0.011341
0.002687
0.012247
0.011037
0.011026
0.010961
0.010815
0.002678
0.01037
0.068517
0.010371
0.01045
0.01013
0.002681
0.007457
0.049547
0.008987
0.012307
0.019434
0.007136
0.002804
0.023001
0.020045
0.010529
0.010816
0.011161
0.00294
0.011032
0.02113
0.010948
0.011474
0.063361
0.005777
0.010775
0.011484
0.011195
0.00915
0.008168
0.008527
0.06158
0.046462
0.011194
0.002117
0.006467
0.007009
0.011574
0.015915
0.012839
0.00612
0.017695
0.058079
0.016635
0.009329
0.007319
0.002646
0.049793
0.012776
0.011005
0.054431
0.054838
0.057648
0.056642
0.00496
0.056027