
25
66
31
66
39
39
146
62
44
76
31
41
32
65
46
44
149
41
34
41
243
23
143
161
216
216
157
29
433
373
38
160
374
119
171
243
163
98
157
157
171
173
157
137
137
143
157
157
21
17
23
88
57
141
35
27
35
56
21
83
141
57
186
132
145
257
129
16
19
54
60
79
12
21
84
54
81
129
19
43
16
135
105
105
165
226
313
149
154
105
52
105
209
190
52
150
270
65
149
154
300
149
154
149
52
111
85
85
41
42
85
120
36
37
64
66
11
11
9
120
11
120
39
318
200
32
85
128
53
67
45
38
33
37
114
34
45
62
32
47
63
68
15
53
16
13
15
11
20
64
17
16
68
71
31
42
38
44
107
58
34
38
70
31
71
25
103
95
103
500
341
88
36
61
48
73
100
53
41
48
63
56
66
72
61
77
101
54
100
36
18
15
37
14
72
79
44
52
52
40
92
49
46
85
42
45
73
33
93
40
93
69
53
93
92
40
54
85
40
73
91
47
47
41
86
48
47
91
41
16
19
42
91
91
86
48
68
48
41
16
10
80
44
41
96
48
63
10
18
16
79
10
15
47
96
68
60
94
59
9
59
362
36
72
34
32
48
66
96
72
72
48
72
10
12
29
11
71
63
52
97
37
77
20
64
43
25
29
32
27
22
20
81
32
12
11
64
31
94
52
43
65
45
45
43
84
13
57
48
32
40
89
15
44
14
84
20
45
44
35
98
17
36
19
28
38
38
23
107
15
50
38
23
15
39
19
18
14
38
30
18
31
51
39
33
33
31
14
37
46
33
26
37
33
20
15
14
21
32
115
24
24
50
33
100
36
24
49
11
103
92
38
15
121
121
93
25
19
26
24
26
37
121
26
18
16
30
15
54
30
37
29
17
11
33
9
11
13
57
13
14
30
14
32
30
45
53
65
72
9
36
57
34
22
9
34
36
37
10
113
35
36
9
112
14
83
156
68
36
150
97
10
68
97
179
232
36
35
114
68
114
113
113
12
144
150
148
75
154
154
119
5
76
102
120
237
102
6