
146
112
152
112
187
187
146
151
433
358
243
151
143
161
216
216
157
156
433
373
121
146
142
155
256
141
157
151
115
158
129
143
137
151
259
246
138
144
172
155
105
52
105
296
140
262
165
176
162
142
85
85
263
261
85
120
152
147
153
295
243
252
261
435
42
114
157
328
149
143
247
499
46
441
93
107
144
95
161
489
504
61
334
449
500
100
139
105
176
488
504
68
325
261
40
92
134
69
476
42
505
500
324
260
50
86
132
506
480
50
505
154
318
455
84
80
130
254
474
189
504
169
504
362
123
72
62
245
165
109
504
268
115
198
48
64
70
237
62
64
504
486
124
205
42
57
76
100
368
89
505
339
59
238
248
50
374
115
439
99
507
333
59
289
92
46
308
115
92
476
504
323
72
114
100
36
298
129
488
103
67
29
76
247
126
29
362
212
120
32
149
23
129
137
233
22
354
233
129
76
156
68
36
150
97
10
68
97
179
232
148
75
154
154
119
5
76
102
120
237