
0.022813
0.002229
0.002434
0.00213
0.00217
0.002074
0.00327
0.002236
0.002892
0.001972
0.002227
0.001812
0.004952
0.003695
0.004867
0.001991
0.001662
0.003504
0.002753
0.003006
0.003286
0.00209
0.002524
0.001853
0.002247
0.002039
0.004996
0.002411
0.002004
0.005024
0.003484
0.002098
0.002205
0.005181
0.002881
0.003436
0.001901
0.002767
0.002309
0.001811
0.00302
0.003171
0.001885
0.002287
0.002202
0.002201
0.002361
0.002552
0.003999
0.002267
0.003061
0.001873
0.002277
0.001874
0.003065
0.00186
0.003525
0.001744
0.00185
0.001864
0.001963
0.002124
0.012643
0.002609
0.002294
0.00348
0.002573
0.005427
0.00879
0.00263
0.003559
0.008413
0.005107
0.004021
0.003502
0.003291
0.003317
0.007383
0.008712
0.002928
0.002515
0.001978
0.002356
0.007243
0.003069
0.002181
0.002242
0.004624
0.007186
0.006489
0.004199
0.003643
0.020575
0.001253
0.001527
0.001415
0.001767
0.002323
0.002367
0.001842
0.001604
0.002178
0.001595
0.008453
0.004883
0.00271
0.002112
0.00234
0.001301
0.002139
0.001617
0.003369
0.002467
0.002088
0.001552
0.002059
0.001798
0.003462
0.002118
0.002869
0.001813
0.002738
0.002192
0.022195
0.00107
0.000975
0.002284
0.00113
0.002317
0.004098
0.002117
0.002326
0.004995
0.00193
0.006532
0.002249
0.002222
0.002419
0.003197
0.003352
0.002332
0.005431
0.003123
0.002122
0.002055
0.003655
0.028389
0.001974
0.001105
0.001557
0.00169
0.002208
0.002191
0.001236
0.001083
0.001115
0.001479
0.003317
0.002348
0.001393
0.001631
0.001818
0.002248
0.006639
0.003167
0.009668
0.003209
0.002031
0.003423
0.018742
0.001334
0.001471
0.001708
0.002163
0.001578
0.0012
0.000922
0.001784
0.001587
0.009208
0.009261
0.004246
0.002042
0.00138
0.00553
0.006323
0.002578
0.001835
0.02071
0.002042
0.003211
0.003185
0.002745
0.003342
0.00427
0.002124
0.003099
0.004615
0.003276
0.005195
0.004326
0.004804
0.003798
0.003968
0.006749
0.003777
0.004834
0.00397
0.006528
0.003229
0.008155
0.004446
0.006851
0.00457
0.025546
0.001481
0.002337
0.00192
0.002104
0.002156
0.001301
0.001649
0.002082
0.00123
0.00255
0.001381
0.004042
0.001646
0.00378
0.005302
0.004487
0.002522
0.003975
0.00482
0.007903
0.003213
0.011073
0.002949
0.003051
0.00105
0.002514
0.00166
0.001839
0.02375
0.002583
0.002167
0.001338
0.002128
0.00221
0.00165
0.002114
0.002195
0.00171
0.002122
0.004122
0.002135
0.002422
0.001558
0.003842
0.003811
0.003196
0.001342
0.004048
0.003445
0.002204
0.001427
0.002104
0.001541
0.014951
0.005133
0.003198
0.004183
0.001205
0.001333
0.002259
0.001902
0.00164
0.001345
0.006106
0.001723
0.00531
0.003526
0.029654
0.002727
0.002186
0.002186
0.002076
0.002268
0.001576
0.001432
0.002064
0.002168
0.001678
0.0091
0.013963
0.005783
0.006359
0.002422
0.001857
0.00554
0.007574
0.00294
0.002011
0.00538
0.004149
0.027655
0.001922
0.002223
0.001509
0.002214
0.002377
0.001599
0.001444
0.002439
0.0022
0.001799
0.003253
0.002298
0.003575
0.002419
0.004866
0.00265
0.003609
0.001292
0.004499
0.003228
0.001631
0.003066
0.001554
0.002175
0.001612
0.001529
0.001835
0.002295
0.003143
0.002167
0.003179
0.001531
0.00172
0.002135
0.003068
0.004714
0.00126
0.00238
0.021262
0.001606
0.002114
0.001153
0.001302
0.001484
0.001428
0.002102
0.002567
0.002624
0.005257
0.003762
0.004738
0.00408
0.002546
0.001539
0.001488
0.003511
0.002473
0.002585
0.005032
0.002588
0.005223
0.001504
0.001395
0.001471
0.001518
0.001947
0.001535
0.003948
0.001487
0.008816
0.004267
0.005429
0.026823
0.001863
0.002626
0.001428
0.001435
0.002081
0.001438
0.001339
0.001555
0.002641
0.002306
0.001813
0.001363
0.004959
0.00121
0.001961
0.002084
0.020707
0.009921
0.004886
0.002548
0.001395
0.001444
0.00342
0.001134
0.024771
0.001581
0.002252
0.001348
0.001187
0.001309
0.001335
0.001457
0.001455
0.002675
0.002215
0.003371
0.002844
0.002344
0.001339
0.00305
0.001006
0.003712
0.001512
0.001616
0.002044
0.001557
0.001295
0.004341
0.001002
0.002149
0.002301
0.004976
0.002907
0.005254
0.001478
0.002321
0.002233
0.005253
0.002684
0.025034
0.001538
0.001002
0.001427
0.002252
0.001332
0.002132
0.001282
0.002145
0.002369
0.004057
0.002941
0.002915
0.002821
0.001468
0.003675
0.001437
0.002282
0.001329
0.001292
0.002184
0.001356
0.001985
0.001446
0.001417
0.001263
0.002048
0.001141
0.003871
0.003091
0.002977
0.020697
0.001498
0.002623
0.002328
0.00244
0.001187
0.001289
0.002478
0.001318
0.002272
0.002066
0.003652
0.001653
0.001435
0.00149
0.001678
0.001292
0.002665
0.003262
0.002106
0.002906
0.006832
0.004412
0.001823
0.001191
0.001251
0.001276
0.001569
0.002019
0.002968
0.006337
0.001429
0.001809
0.001451
0.002441
0.001431
0.02167
0.001404
0.001133
0.002136
0.002404
0.00121
0.001236
0.002144
0.00201
0.002074
0.002902
0.005148
0.002656
0.006304
0.005092
0.003406
0.004606
0.002541
0.003676
0.001532
0.004401
0.001115
0.0042
0.001212
0.00275
0.002088
0.003285
0.002468
0.002653
0.00119
0.003939
0.002196
0.004876
0.001764
0.001221
0.001563
0.025104
0.001321
0.001208
0.001344
0.002554
0.001445
0.001169
0.001184
0.001352
0.001289
0.002169
0.003649
0.00127
0.003868
0.001542
0.004173
0.001684
0.004036
0.00133
0.00172
0.001339
0.003071
0.001275
0.001837
0.001526
0.002118
0.002126
0.00863
0.001951
0.023602
0.00136
0.001218
0.001461
0.001213
0.00222
0.001214
0.001188
0.001427
0.001981
0.001099
0.005071
0.001498
0.003757
0.001417
0.00396
0.001299
0.003761
0.001435
0.004063
0.001186
0.004368
0.002725
0.022947
0.001553
0.001119
0.002417
0.002105
0.001065
0.001044
0.002292
0.001231
0.00189
0.002494
0.001695
0.001881
0.001822
0.001383
0.002744
0.003566
0.002748
0.002875
0.004158
0.001084
0.003278
0.001317
0.003985
0.001136
0.002372
0.00706
0.001687
0.001602
0.001146
0.003679
0.001366
0.00266
0.005091
0.001592
0.001154
0.001324
0.003468
0.001329
0.018087
0.002316
0.001261
0.002385
0.002216
0.002205
0.001196
0.001256
0.001246
0.002121
0.001173
0.001855
0.001236
0.003561
0.002966
0.001273
0.002284
0.003469
0.001262
0.005289
0.001256
0.001174
0.001188
0.006686
0.001497
0.010285
0.005309
0.001394
0.001374
0.006135
0.005638
0.006186
0.005042
0.005319
0.020088
0.002706
0.001239
0.002094
0.002371
0.002122
0.000998
0.001111
0.002111
0.002194
0.002125
0.004391
0.003709
0.007257
0.007176
0.003245
0.003272
0.003134
0.002997
0.001625
0.003643
0.001233
0.003085
0.001239
0.000992
0.004878
0.004206
0.022969
0.000896
0.007877
0.008839
0.008383
0.004353
0.003487
0.002068
0.002364
0.002964
0.003548
0.003335
0.004129
0.010112
0.018578
0.000993
0.007228
0.002954
0.003103