
0.018128
0.001362
0.001196
0.001295
0.002457
0.001608
0.003069
0.001043
0.00128
0.001462
0.001148
0.002477
0.000819
0.001017
0.001064
0.00237
0.000913
0.000838
0.000815
0.001069
0.000884
0.001009
0.003544
0.000896
0.000889
0.003485
0.000886
0.002853
0.001111
0.002478
0.000886
0.00106
0.000883
0.000908
0.000932
0.003554
0.001398
0.001287
0.000893
0.001068
0.000897
0.001425
0.001335
0.003606
0.001578
0.003594
0.001573
0.000881
0.001112
0.001116
0.000903
0.001228
0.000901
0.000895
0.001165
0.001362
0.001012
1.3e-05
0.001185
0.001167
0.00205
0.003323
3.7e-05
0.003442
0.003858
0.003306
0.003377
0.002401
0.003194
4e-05
0.003341
0.002948
0.004091
0.002686
2.5e-05
2.5e-05
0.00155
0.001811
0.004777
0.004877
0.004859
0.004244
0.002057
0.001731
0.001127
0.000904
0.000882
2.7e-05
3.7e-05
0.001627
0.002958
4.1e-05
0.003221
0.003547
0.00249
0.002165
0.003625
0.003542
0.002036
0.003162
4.1e-05
3.9e-05
0.00254
0.002988
0.00337
0.003342
0.007653
0.002524
0.001934
0.002585
0.00253
0.018647
0.000599
0.001297
0.000645
0.000606
0.001298
0.000446
0.000723
0.000878
0.000751
0.001155
0.000449
1.6e-05
0.001186
0.001159
0.000452
0.00132
0.000781
0.00078
0.001197
0.001304
0.000782
0.001176
0.000479
0.001035
1.4e-05
0.000831
0.002465
0.000852
0.000498
0.003432
0.000686
1.6e-05
1.4e-05
0.002517
0.001331
0.001215
0.0005
0.001196
0.001159
0.001176
0.0013
0.000477
0.000616
0.002373
0.000487
0.001191
0.001184
0.001669
0.000888
0.000502
0.003039
0.000849
0.001185
0.001193
0.020542
0.000448
0.001231
0.000868
0.000631
0.002727
0.001384
0.00079
0.001657
0.002553
0.00125
0.001343
0.000793
0.001309
0.001268
0.002306
0.001175
0.000356
0.001216
0.001214
0.00118
0.001194
0.001157
0.002478
0.001312
0.001117
0.001987
0.002
0.003915
0.002455
0.0017
0.001676
0.0043
0.000608
0.001336
0.00122
0.017794
0.001336
0.000556
0.004356
0.000395
0.002066
0.002107
0.004424
0.001923
0.000347
1.7e-05
0.00118
0.001919
3.3e-05
0.002824
0.000973
1.6e-05
0.001187
0.001269
0.001563
1.6e-05
0.001193
0.001154
0.001358
1.6e-05
0.001201
0.002145
0.001538
0.000858
0.00131
0.001136
1.6e-05
0.001269
0.001487
0.003295
1.8e-05
0.00145
0.001325
0.001413
1.9e-05
0.001734
0.001659
1.8e-05
0.001437
0.000856
0.003532
0.002765
1.8e-05
0.001316
0.016107
0.000335
0.000836
0.00165
1.6e-05
0.001168
0.002993
1.4e-05
0.001177
0.000989
1.5e-05
1.4e-05
0.000698
0.001379
3.6e-05
0.002959
0.009623
2.2e-05
0.001495
0.005173
2.7e-05
0.002783
0.004694
0.000467
0.005082
0.000449
1.8e-05
0.001255
0.003397
0.000821
0.002554
0.004276
2.7e-05
2.5e-05
0.001523
0.000444
0.00659
2.1e-05
1.8e-05
0.003182
0.000269
0.000933
0.000274
2e-05
0.001972
0.003149
0.000306
0.002843
2.2e-05
0.002105
0.001239
0.001035
4.2e-05
0.003528
0.017336
0.000272
0.000497
0.000294
0.001342
0.000627
0.001337
0.000628
0.001276
0.001004
0.000377
0.003549
0.000368
1.6e-05
0.003576
0.000617
0.004368
0.000444
2.3e-05
0.021072
0.003578
0.000678
1.6e-05
0.00066
0.001781
1.8e-05
0.001354
0.001692
0.001643
0.001498
0.001651
1.8e-05
0.000823
0.000818
0.001163
1.6e-05
0.000801
0.001375
0.002928
6.2e-05
0.001958
1.8e-05
0.00266
0.002342
0.000908
0.005599
3e-05
0.001085
0.000308
2e-05
0.002356
0.002048
0.000606
0.003075
6.6e-05
0.001506
1.9e-05
0.001375
0.000459
0.001054
0.009354
0.010377
0.001655
6e-05
0.001651
2.5e-05
0.001015
0.001348
0.020148
0.00057
0.001423
0.000506
0.00135
0.000385
0.001363
0.000576
0.000383
0.000793
0.001612
0.000787
0.000651
0.001342
0.00067
1.4e-05
0.007595
0.005422
4.1e-05
0.001473
3.2e-05
0.002843
2.9e-05
0.000672
0.002695
1.9e-05
0.001604
0.00083
2e-05
0.001165
0.014195
0.000637
0.001948
0.001863
0.000235
0.001824
0.000505
0.000412
0.000506
0.001304
0.002203
0.002412
0.002637
0.000553
2.3e-05
0.002819
0.001883
0.002104
0.000384
1.6e-05
0.001004
0.000885
0.000462
0.000447
0.000627
0.000674
1.9e-05
0.000901
0.003635
0.000883
0.002279
0.006095
0.002379
0.001215
0.001291
3.6e-05
0.001147
0.000382
0.00475
0.00209
0.000781
0.002921
2.8e-05
0.000797
0.000827
1.9e-05
0.016574
0.000507
0.001359
0.000595
0.001686
0.000596
0.000564
0.000458
0.000587
0.000584
0.000927
0.000646
1.6e-05
0.001426
0.000418
1.7e-05
0.002124
0.000575
0.000599
0.002072
0.001423
1.7e-05
0.001246
0.001336
4e-05
0.002081
0.003726
0.002376
0.004882
3e-05
0.002621
0.002642
0.001279
0.000625
2.4e-05
0.018435
0.000616
0.001652
0.001753
0.000739
0.001734
0.000777
0.000753
0.00076
0.000745
0.002209
0.002288
3.1e-05
0.001798
0.001465
0.00274
0.001873
4e-05
0.002609
0.001662
1.7e-05
0.001118
0.000619
1.8e-05
0.003575
0.002035
3.1e-05
0.00266
0.00075
0.002476
0.00228
3.1e-05
0.015315
0.000502
0.001574
0.000765
0.000509
0.001393
0.000563
0.001355
0.00055
0.000551
0.001487
0.004062
0.002018
2.6e-05
0.001985
0.001417
1.6e-05
0.005815
0.00844
0.002729
0.006149
2.7e-05
0.015455
0.000552
0.001605
0.000576
0.000525
0.000725
0.000565
0.001439
0.000616
0.000559
0.001586
0.001019
0.000539
1.6e-05
0.013827
0.000457
0.001635
0.000493
0.000433
0.000641
0.000541
0.001389
0.000537
0.000525
0.001555
0.00614
0.001646
4.9e-05
0.000863
0.000888
2.5e-05
0.004262
0.003535
0.002702
0.0058
2.6e-05
0.001919
0.001441
0.014917
0.001227
0.001636
0.00152
0.001266
0.000635
0.000496
0.001441
0.000648
0.000513
0.000491
0.002063
0.001525
1.6e-05
0.00134
0.001507
1.7e-05
0.001898
0.001466
0.001907
0.001518
1.9e-05
0.001519
0.001277
0.00181
0.001403
1.9e-05
0.000523
0.002311
0.000549
0.001743
0.002561
0.001676
1.9e-05
0.015955
0.001364
0.001397
0.001565
0.00137
0.000797
0.00047
0.001487
0.000642
0.000479
0.001549
0.000998
0.001516
1.5e-05
0.001045
0.000419
0.000658
0.000476
1.8e-05
0.001532
0.000447
0.002746
0.000737
2.1e-05
0.00266
0.00044
0.000641
0.000483
0.000447
0.000482
5.8e-05
0.001955
0.001627
2.5e-05
0.014187
0.001441
0.001288
0.001584
0.000653
0.000641
0.00044
0.001478
0.00065
0.000476
0.001107
0.000548
1.6e-05
0.002271
0.001583
0.001018
0.001352
1.8e-05
0.003837
0.005548
3.2e-05
0.01327
0.001415
0.001441
0.001405
0.00039
0.000592
0.000418
0.001453
0.000706
0.000431
0.001438
0.000394
0.000447
1.7e-05
0.002059
0.001516
1.8e-05
0.000414
0.000486
0.002782
0.002455
2.1e-05
0.001327
0.000545
0.000407
0.001078
0.000424
0.0014
2e-05
0.000495
0.000475
0.0154
0.001476
0.001492
0.001409
0.000446
0.001265
0.000418
0.001481
0.000552
0.00039
0.001676
0.000372
0.000396
1.6e-05
0.002096
0.000351
0.001554
0.000401
1.7e-05
0.001881
0.001449
0.000402
0.000416
2e-05
0.001404
0.000573
0.002858
0.001313
4.4e-05
0.00854
0.005899
5.8e-05
0.003165
0.001223
4.1e-05
0.012052
0.001452
0.001554
0.001455
0.000479
0.00036
0.00136
0.000539
0.000361
0.001733
0.006664
0.009312
0.00723
3.2e-05
0.001484
0.001404
5.9e-05
0.003898
3.7e-05
0.013626
0.001508
0.001556
0.001459
0.000515
0.001421
0.000356
0.001397
0.000516
0.000348
0.001744
0.001298
0.001327
4.1e-05
0.003996
0.003451
3.1e-05
0.014057
0.001543
0.001705
0.001581
0.000573
0.001411
0.000322
0.001436
0.000336
0.001758
0.001643
0.001436
1.6e-05
0.002333
0.001674
1.7e-05
0.002329
0.001765
0.002011
0.001602
3e-05
0.006434
0.005696
3.3e-05
0.013583
0.001567
0.001719
0.001436
0.000567
0.001366
0.00031
0.001398
0.000709
0.00034
0.001496
0.000587
0.000824
4.1e-05
0.028431
0.001593
0.001778
0.001491
0.000604
0.001369
0.000304
0.001431
0.000701
0.000311
0.001532
0.005155
0.004396
2.8e-05
0.013804
0.001585
0.001782
0.001476
0.000612
0.001434
0.000267
0.001475
0.000711
0.000309
0.001534
0.006877
0.005991
4.2e-05
0.019489
0.000244
0.000346
0.000938
0.000897
4.1e-05
0.00082
5.9e-05
0.000595
5.7e-05
0.005169
5.7e-05
0.00561
4.5e-05
0.033985
0.000173
0.000163
0.006379
0.005593
4.1e-05
0.027916
0.000149
0.000127
0.002913
0.002519
0.003705
0.003488
2.9e-05
0.001273
0.001156
0.001628
0.001565
0.011375
0.000174
0.00019
2.5e-05
0.002364
0.003305
3.6e-05
0.002631
0.002408
2.6e-05
0.00025
0.000265
0.023636
0.000169
0.000153
5.7e-05
0.004
2.7e-05