
3.7274e-05
2.7507e-05
2.1627e-05
3.2337e-05
5.586e-05
2.7653e-05
1.9648e-05
1.92e-05
2.3324e-05
3.1619e-05
2.8706e-05
1.9041e-05
2.5695e-05
4.071e-05
2.2507e-05
3.2494e-05
3.9135e-05
3.7314e-05
2.2612e-05
1.5019e-05
1.5905e-05
2.2922e-05
1.3101e-05
2.0023e-05
1.6952e-05
3.0257e-05
1.3339e-05
4.1963e-05
1.628e-05
2.3889e-05
3.8667e-05
2.4254e-05
2.1817e-05
2.3425e-05
1.5155e-05
2.5868e-05
3.2814e-05
2.5139e-05
2.248e-05
2.7266e-05
2.2817e-05
2.6323e-05
1.3987e-05
2.9001e-05
2.6417e-05
2.3005e-05
2.7266e-05
1.6429e-05
2.3657e-05
4.0691e-05
2.9353e-05
2.702e-05
3.4808e-05
7.2912e-05
5.861e-05
7.9132e-05
8.5033e-05
0.000111201
4.0426e-05
2.8042e-05
3.1644e-05
0.000166508
2.0225e-05
1.6015e-05
1.6077e-05
7.3954e-05
6.014e-05
9.4646e-05
4.5677e-05
6.475e-05
7.4737e-05
3.8758e-05
7.9222e-05
0.000112953
3.3944e-05
2.4716e-05
1.7237e-05
1.7236e-05
1.7237e-05
1.6785e-05
3.2648e-05
2.2416e-05
2.9852e-05
2.5411e-05
3.4369e-05
2.6619e-05
3.7174e-05
3.4365e-05
1.853e-05
2.9645e-05
1.7417e-05
2.7226e-05
2.6836e-05
1.6398e-05
3.164e-05
4.7864e-05
3.0024e-05
8.9818e-05
5.6956e-05
7.3289e-05
3.464e-05
1.818e-05
4.161e-05
4.3825e-05
3.7418e-05
1.6691e-05
4.4515e-05
2.3352e-05
2.9264e-05
3.7192e-05
2.6522e-05
2.9156e-05
3.4622e-05
2.7021e-05
3.4343e-05
4.2857e-05
2.4885e-05
2.1966e-05
2.8849e-05
3.3723e-05
0.000122022
6.3987e-05
3.9226e-05
5.9216e-05
4.3667e-05
2.7198e-05
3.2272e-05
5.9485e-05
4.8299e-05
3.7319e-05
2.5221e-05
4.4719e-05
3.9244e-05
2.0152e-05
5.4266e-05
3.8905e-05
2.3968e-05
3.3293e-05
4.7919e-05
1.4866e-05
3.4934e-05
5.2985e-05
3.4809e-05
4.3041e-05
5.9272e-05
4.7733e-05
2.3327e-05
2.1952e-05
3.6302e-05
4.0394e-05
6.2163e-05
3.9811e-05
0.000107689
6.4717e-05
5.3813e-05
3.1873e-05
4.6248e-05
0.000172932
4.6422e-05
5.7299e-05
4.0607e-05
0.000171242
3.9068e-05
4.3901e-05
1.5171e-05
2.7024e-05
3.1509e-05
2.4662e-05
3.1629e-05
5.1229e-05
2.6956e-05
2.0367e-05
3.4611e-05
1.698e-05
4.6295e-05
7.9413e-05
2.7446e-05
7.3582e-05
2.1569e-05
2.571e-05
2.5858e-05
3.4017e-05
2.7976e-05
2.6222e-05
0.000118384
2.6431e-05
4.6077e-05
5.5496e-05
3.0923e-05
3.9204e-05
2.4238e-05
1.7604e-05
7.9943e-05
3.0589e-05
3.3897e-05
9.1837e-05
1.8162e-05
0.00013439
2.5376e-05
7.0378e-05
2.7806e-05
0.000147467
1.7364e-05
2.7807e-05
2.0561e-05
2.5148e-05
1.7524e-05
1.7915e-05
2.4294e-05
3.3973e-05
3.0622e-05
3.2737e-05
3.2152e-05
2.6182e-05
3.4208e-05
3.9889e-05
2.1503e-05
3.4261e-05
2.6939e-05
2.0183e-05
2.9207e-05
8.3207e-05
1.5109e-05
1.7471e-05
1.4731e-05
3.187e-05
2.8177e-05
3.8752e-05
2.0346e-05
1.4638e-05
3.0584e-05
1.8658e-05
1.7825e-05
3.9961e-05
5.9196e-05
6.4652e-05
5.7113e-05
0.000137652
6.0184e-05
3.9925e-05
6.8972e-05
4.3168e-05
2.5203e-05
1.7534e-05
1.696e-05
2.0808e-05
9.0725e-05
3.2372e-05
7.0266e-05
6.8813e-05
6.9863e-05
6.2785e-05
3.3118e-05
7.2807e-05
5.2389e-05
8.9868e-05
8.201e-05
4.2786e-05
5.2529e-05
2.5304e-05
2.3437e-05
4.2912e-05