
2.24756
2.24756
2.23644
2.23651
2.24756
2.229
2.20349
2.20349
2.23644
2.20244
2.20244
2.17229
2.25047
2.17333
2.19227
2.06348
2.08367
1.94603
1.96513
1.89557
1.70629
1.64964
1.62117
1.50255
1.49102
1.43985
1.26786
1.26786
1.24568
1.21699
1.19703
1.19703
1.17787
1.15943
1.14797
1.13145
1.12085
1.10594
1.09669
1.08781
1.07515
1.06144
1.04183
1.03672
1.02622
1.01015
0.99919
0.982673
0.971484
0.943729
0.932691
0.9216
0.9216
0.892099
0.883553
0.875821
0.86556
0.856428
0.847862
0.842416
0.834256
0.831549
0.823482
0.810175
0.810175
0.796635
0.783987
0.777419
0.771759
0.76587
0.76372
0.761292
0.761341
0.768804
0.77088
0.781547
0.781547
0.788508
0.80406
0.811844
0.823648
0.839509
0.847555
0.868329
0.868329
0.891883
0.891883
0.907668
0.955098
0.988145
1.0167
1.0167
1.06263
1.09485
1.16292
1.16292
1.16292
1.20805
1.2358
1.25458
1.25458
1.28331
1.32216
1.32216
1.38188
1.40201
1.42269
1.42269
1.42269
1.51626
1.5695
1.59101
1.59101
1.63462
1.63462
1.72212
1.75532
1.8001
1.86745
1.91311
1.95904
2.06303
2.12162
2.12162
2.12162
2.21614
2.25802
2.29908
2.39486
2.53954
2.49954
2.57267
2.66141
2.67362
2.74701
2.85738
2.93131
2.97448
3.04886
3.04886
3.13813