
0.004
0.003833
0.003741
0.005305
0.010194
0.003524
0.0038
0.004278
0.003636
0.005342
0.00317
0.003467
0.003565
0.005043
0.003387
0.002953
0.005875
0.006075
0.007251
0.003221
0.00306
0.007222
0.00305
0.006035
0.00365
0.005389
0.003301
0.006952
0.003113
0.003338
0.007457
0.004109
0.003816
0.003468
0.003518
0.003487
0.004048
0.003996
0.007561
0.004394
0.00737
0.004306
0.003479
0.003623
0.003695
0.003244
0.00384
0.003268
0.003476
0.006723
0.003618
0.003533
0.005774
0.009847
0.010732
0.008386
0.009502
0.017412
0.007798
0.005179
0.006236
0.024854
0.004035
0.003307
0.003327
0.005828
0.008337
0.017016
0.006566
0.007128
0.008548
0.008419
0.009229
0.022415
0.006649
0.004332
0.004283
0.004029
0.003985
0.003692
0.007898
0.007145
0.005712
0.004153
0.006985
0.0057
0.006698
0.006599
0.004211
0.005467
0.003917
0.003858
0.005539
0.004044
0.003851
0.008672
0.006227
0.012797
0.009822
0.014438
0.006093
0.003729
0.007255
0.006519
0.008202
0.003096
0.006576
0.003972
0.006471
0.004178
0.004576
0.004198
0.00353
0.007567
0.006179
0.006855
0.006772
0.003718
0.002958
0.003843
0.020361
0.010803
0.009995
0.010585
0.009653
0.005555
0.008703
0.005277
0.013367
0.007049
0.003612
0.006709
0.00625
0.004677
0.004505
0.007746
0.007274
0.009059
0.009703
0.002939
0.004527
0.00729
0.004126
0.00302
0.005892
0.006047
0.006462
0.004442
0.005446
0.00776
0.011849
0.003947
0.012164
0.008306
0.006191
0.004296
0.004106
0.039169
0.005316
0.007639
0.005054
0.016796
0.006019
0.007534
0.002835
0.00577
0.004566
0.003274
0.004143
0.010818
0.006326
0.004726
0.008026
0.002819
0.01054
0.020661
0.003448
0.015407
0.003709
0.003508
0.003745
0.006993
0.004763
0.004882
0.01871
0.006278
0.009314
0.009478
0.004622
0.00607
0.005461
0.003584
0.012836
0.00594
0.00605
0.012165
0.004871
0.030716
0.003413
0.012649
0.004468
0.02184
0.004465
0.004795
0.004073
0.004411
0.004612
0.004306
0.004191
0.007082
0.006124
0.003247
0.0055
0.004003
0.005825
0.007865
0.002422
0.004929
0.003525
0.005098
0.00341
0.010561
0.002415
0.004952
0.002462
0.006288
0.003871
0.005112
0.002826
0.002312
0.006569
0.004423
0.002856
0.004434
0.007945
0.017426
0.008524
0.030757
0.008546
0.008865
0.008371
0.008992
0.003833
0.00518
0.005152
0.004576
0.014317
0.00433
0.011743
0.014372
0.007782
0.006484
0.004548
0.010968
0.01179
0.014492
0.014621
0.006878
0.007361
0.006131
0.003366
0.008383