
0.0282843
0.0282843
0.060498
0.060498
0.0746485
0.0746485
0.089396
0.089396
0.0896438
0.122644
0.122644
0.114363
0.104426
0.107029
0.0564817
0.0477236
0.0553194
0.101452
0.10098
0.105664
0.127718
0.127718
0.121089
0.131271
0.134146
0.134146
0.144113
0.144113
0.146596
0.146596
0.163903
0.155955
0.0199272
0.0379919
0.0568281
0.0567143
0.127027
0.136979
0.136979
0.161479
0.108713
0.113362
0.113362
0.127886
0.119471
0.118568
0.104446
0.126496
0.118574
0.0623284
0.0559335
0.0637465
0.0853233
0.078057
0.0871685
0.0801822
0.0345658
0.00551072
0.0109231
0.00889626
0.0118978
0.0118978
0.010797
0.0114764
0.0337654
0.0204957
0.0668369
0.0193736
0.00774513
0.0279799
0.0278747
0.0363016
0.0294979
0.0405122
0.0405122
0.0291139
0.0363191
0.00337054
0.0377157
0.0164053
0.0252773
0.0419166
0.0384362
0.066
0.0288133
0.0288133
0.0618131
0.0618131
0.0319542
0.0319542
0.0273839
0.066
0.0409668
0.00318273
0.0361824
0.0189886
0.0189886
0.0519883
0.033
0.00939959
0.0343464
0.00135736
0.073583
0.073583
0.073583
0.00647249
0.00647249
0.0239651
0.0364602
0.0407962
0.0407962
0.0153366
0.0230902
0.0230902
0.0560901
0.0115668
0.0166801
0.0153821
0.00592621
0.0119222
0.0482094
0.000568966
0.099
0.0352455
0.0352455
0.0682451
0.101245
0.0360948
0.00991904
0.0363096
0.00214189
0.0546165
0.0655115
0.0841133
0.0309775
0.087941
0.247477
0.203298
0.159803
0.143612
0.083018
0.0451308