
0.006327
0.006308
0.005391
0.008227
0.016444
0.005778
0.006068
0.006737
0.005947
0.00821
0.005183
0.005652
0.005987
0.007609
0.005655
0.005245
0.009164
0.01056
0.009889
0.005127
0.00491
0.009859
0.005075
0.00925
0.005686
0.008187
0.005134
0.011239
0.00505
0.005563
0.011408
0.006644
0.006115
0.005631
0.005823
0.005721
0.006142
0.006355
0.010629
0.007038
0.01016
0.006962
0.005496
0.005903
0.005943
0.005284
0.006547
0.005203
0.005789
0.011893
0.00595
0.005938
0.009277
0.016514
0.017537
0.015682
0.017232
0.030483
0.012403
0.008658
0.010151
0.047191
0.006997
0.005583
0.005677
0.00996
0.013395
0.029183
0.010088
0.013121
0.015564
0.013151
0.015181
0.038334
0.011732
0.034973
0.030192
0.031058
0.032769
0.032023
0.039566
0.035285
0.031152
0.029062
0.042318
0.03671
0.040607
0.040006
0.051269
0.038163
0.038152
0.036217
0.00922
0.007331
0.006979
0.014869
0.011252
0.02274
0.019634
0.025826
0.073401
0.048833
0.032526
0.030791
0.031308
0.022735
0.028908
0.024016
0.027332
0.026507
0.024836
0.031591
0.030193
0.032478
0.032565
0.031086
0.035293
0.026241
0.020136
0.006468
0.028454
0.018017
0.019911
0.02101
0.017159
0.009109
0.014154
0.012654
0.021279
0.013579
0.009234
0.013485
0.01025
0.008337
0.009089
0.015299
0.01408
0.017655
0.035236
0.024465
0.029519
0.038615
0.025968
0.021807
0.026528
0.024909
0.024091
0.027279
0.021529
0.027653
0.072916
0.008323
0.025248
0.013912
0.01024
0.009491
0.007044
0.071486
0.009362
0.0131
0.014495
0.038761
0.072701
0.083378
0.02124
0.021595
0.02421
0.020471
0.025938
0.036687
0.030863
0.023827
0.028413
0.01976
0.044056
0.110554
0.024398
0.091374
0.065011
0.024776
0.023938
0.028829
0.026601
0.013905
0.049153
0.009078
0.016531
0.023899
0.010403
0.013602
0.046681
0.021333
0.087748
0.029225
0.068994
0.101562
0.02545
0.158617
0.021722
0.05686
0.036186
0.143112
0.026145
0.02449
0.024736
0.024602
0.024112
0.024645
0.022984
0.032847
0.028797
0.021517
0.025861
0.020355
0.026254
0.035317
0.019289
0.040804
0.020723
0.024846
0.02208
0.107632
0.01761
0.022768
0.01861
0.029795
0.024252
0.026163
0.022102
0.01738
0.027275
0.022531
0.018512
0.024616
0.070556
0.09459
0.089016
0.120585
0.089311
0.088661
0.106181
0.097709
0.02111
0.023939
0.024431
0.023833
0.105469
0.083582
0.105745
0.112462
0.074382
0.087912
0.081186
0.09078
0.094596
0.097339
0.116655
0.032817
0.095103
0.071446
0.065889
0.085137