
1.50472e+09
0.007924
0.00787
0.006957
0.009893
0.018214
0.007419
0.007662
0.008358
0.007569
0.009734
0.006668
0.007073
0.007431
0.009002
0.007081
0.006626
0.010523
0.011917
0.011244
0.006487
0.006269
0.011209
0.006478
0.01073
0.007155
0.009761
0.006684
0.012743
0.006549
0.00702
0.013096
0.008315
0.0078
0.007252
0.00743
0.007369
0.007696
0.007972
0.012255
0.008688
0.011805
0.008666
0.007187
0.007537
0.007358
0.006716
0.007948
0.006613
0.006973
0.013168
0.012843
0.047123
0.069405
0.035174
0.069356
0.029436
0.065743
0.043239
0.045842
0.043553
0.083469
0.072341
0.011739
0.030212
0.060904
0.041772
0.066359
0.042236
0.064833
0.026554
0.062517
0.038678
0.070682
0.052211
0.172084
0.060524
0.036977
0.066489
0.039872
0.057347
0.046756
0.05615
0.038647
0.063871
0.049276
0.054489
0.04762
0.275006
0.088839
0.045786
0.071985
0.069794
0.016473
0.016245
0.094376
0.026894
0.125042
0.243255
0.071425
0.049954
0.162944
0.071079
0.053952
0.051311
0.035884
0.041822
0.066822
0.03312
0.069476
0.03108
0.073006
0.0572
0.035627
0.038378
0.13819
0.09578
0.058525
0.044922
0.037457
0.138294
0.098219
0.055427
0.028732
0.045597
0.022305
0.035557
0.073032
0.028242
0.06738
0.031089
0.080042
0.020468
0.062457
0.038368
0.199223
0.035294
0.038004
0.129517
0.052177
0.038152
0.062574
0.04402
0.056737
0.036666
0.059082
0.040928
0.08841
0.040952
0.025614
0.045104
0.100356
0.073605
0.034638
0.088624
0.028576
0.031094
0.055414
0.08887
0.022562
0.162138
0.081187
0.11066
0.144675
0.109981
0.030915
0.062333
0.038164
0.056657
0.160735
0.055905
0.036959
0.059266
0.040046
0.063429
0.051074
0.146446
0.029698
0.112935
0.180035
0.04141
0.050409
0.03855
0.100557
0.096057
0.076094
0.037353
0.22452
0.059838
0.028186
0.126467
0.06232
0.050447
0.114168
0.036155
0.246179
0.133552
0.09012
0.286149
0.166194
0.126769
0.110739
0.164184
0.144371
0.03889
0.051183
0.039199
0.061575
0.038372
0.061852
0.038384
0.163824
0.034405
0.050766
0.040961
0.063799
0.039868
0.084155
0.149766
0.034568
0.040707
0.105808
0.237173
0.031148
0.051445
0.03973
0.062445
0.037456
0.055004
0.148533
0.030042
0.051551
0.040107
0.061413
0.038636
0.13864
0.182794
0.24107
0.191231
0.173711
0.252552
0.182706
0.217699
0.033654
0.050126
0.04107
0.109331
0.263868
0.287832
0.264048
0.271046
0.146124
0.166103
0.152139
0.158916
0.321509
0.304162
0.13718
0.183333
0.11013
0.082636
0.266472