
0.005336
0.015057
0.019547
0.014878
0.006666
0.02783
0.011446
0.007676
0.014351
0.02078
0.010628
0.019756
0.015862
0.018177
0.02153
0.017662
0.013067
0.023688
0.010186
0.010465
0.026988
0.025502
0.02538
0.041472
0.092843
0.011322
0.039421
0.01774
0.077258
0.016912
0.016221
0.015742
0.016502
0.018706
0.022614
0.019509
0.008298
0.059111
0.017082
0.011393
0.08426
0.061269
0.028461
0.017323
0.02113
0.0182
0.029156
0.011605
0.020232
0.012634
0.007709
0.011594
0.012006
0.012589
0.008934
0.032296
0.009617
0.016708
0.057829
0.035238
0.011786
0.007321
0.006219
0.053114
0.056454
0.059845
0.016258
0.011407
0.005671
0.012623
0.009369
0.012195
0.018793
0.009337
0.005775
0.010779
0.010878
0.049815
0.066663
0.00846
0.006889
0.016932
0.068987
0.010194
0.010225
0.008422
0.008778
0.015435
0.057238
0.007132
0.004715
0.05752
0.064101
0.007081
0.009516
0.010416
0.011028
0.011253
0.004981
0.008445
0.009016
0.012955
0.03385
0.005392
0.009071
0.054442
0.009338
0.009051
0.010064
0.011824
0.00458
0.008532
0.009898
0.010984
0.057701
0.070512
0.010296
0.05573
0.067086
0.008335
0.061073
0.007772
0.008713
0.008654
0.057243
0.0069
0.009658
0.006028
0.010481
0.059136
0.065722
0.06117
0.058553
0.063101
0.06083
0.013543
0.056006
0.007672
0.00595
0.067181
0.058091