
57
39
111
49
39
69
128
146
161
85
27
27
88
88
71
148
31
113
46
30
72
53
23
162
29
99
25
34
108
41
47
67
14
91
34
86
70
245
53
154
266
175
152
254
142
36
266
237
439
46
151
48
254
31
137
136
28
28
137
160
145
150
136
149
48
230
136
145
48
149
48
281
106
181
48
69
340
293
96
284
135
330
48
173
63
75
37
129
135
96
263
114
60
75
248
332
30
30
452
135
285
476
28
496
30
29
30
233
135
57
34
21
35
41
45
46
47
45
123
54
54
45
54
488
111
111
82
39
33
39
56
56
145
62
138
345
159
294
254
58
243
27
58
27
113
71
50
71
254
57
120
111
58
33
55
39
55
12
41
49
16
107
88
55
107
43
86
190
103
302
182
103
103
30
59
47
17
38
11
41
11
101
94
131
13
44
13
31
43
101
101
93
50
12
11
51
45
102
27
206
49
45
104
95
39
17
95
45
49
14
206
95
50
96
96
50
147
206
28
23
38
41
39
53
89
130
42
89
39
89
35
76
62
24
33
74
34
23
83
74
30
51
85
58
38
85
68
22
57
59
68
24
90
26
21
61
83
63
37
83
75
22
17
87
25
16
54
78
60
33
78
72
65
77
56
57
59
34
93
66
35
51
72
66
53
72
19
74
77
59
68
36
52
73
67
56
46
50
77
50
48
68
70
51
68
76
72
52
69
16
53
52
68
68
38
57
38
81
50
46
65
74
48
65
107
20
99
44
45
49
55
49
13
40
61
77
46
61
53
63
79
63
93
18
60
48
60
56
63
57
17
33
53
78
37
53
95
54
79
54
61
54
31
16
62
18
62
67
62
23
77
48
43
33
48
101
77
101
48
77
67
73
67
27
47
42
49
23
42
108
44
103
72
109
72
31
53
38
61
114
38
114
54
115
115
67
54
73
111
54
32
55
38
53
52
38
66
37
77
116
65
35
60
35
56
54
35
70
62
79
118
65
35
62
33
63
54
33
71
59
142
119
127
113
122
21
119
143
21
136
21
20
20
115
279
153
123
133
289
134
9
125
152
9
145
45
156
125
136
293
138
6
93
152
6
147
90
70
89
76
152
123
131
131
133
10
87
152
10
143
53
47
12
156
129
136
135
131
6
93
156
6
147
228