
298
187
448
168
187
147
149
146
161
161
266
172
449
163
221
145
244
374
172
162
266
237
439
164
151
48
254
151
137
136
96
284
135
330
48
173
63
75
134
129
94
50
94
61
466
73
223
114
123
483
96
56
96
59
465
71
488
111
111
496
117
86
253
86
21
65
109
108
107
260
113
91
146
102
41
100
103
104
101
267
111
206
161
228
288
95
97
155
95
251
108
53
150
222
202
89
130
94
89
245
110
229
285
86
152
85
167
90
85
187
113
231
134
96
157
83
167
88
83
189
87
234
130
92
153
78
169
84
78
190
100
239
194
108
153
72
172
114
72
132
125
185
90
134
153
68
178
111
68
186
141
108
91
252
153
65
179
111
65
107
109
133
87
107
154
61
185
108
61
130
120
149
97
101
92
53
187
103
53
216
124
152
102
99
77
48
82
103
48
223
129
157
107
98
104
42
88
103
42
227
135
226
113
99
112
38
98
114
38
234
133
225
110
100
112
38
108
130
38
132
137
231
123
102
118
35
111
132
35
135
139
231
122
102
118
33
117
132
33
134
142
119
127
113
122
21
119
143
21
136
153
123
133
289
134
9
125
152
9
145
156
125
136
293
138
6
93
152
6
147
152
123
131
131
133
10
87
152
10
143
156
129
136
135
131
6
93
156
6
147