
0.000857
0.000507
0.00052
0.000482
0.000666
0.000605
0.000689
0.000579
0.000578
0.000615
0.000608
0.000635
0.000587
0.000562
0.000782
0.000556
0.000576
0.00057
0.000576
0.000558
0.000568
0.000549
0.000659
0.000554
0.000565
0.000629
0.000565
0.000641
0.000565
0.000572
0.000597
0.000552
0.000549
0.00068
0.000556
0.000654
0.000664
0.00054
0.000552
0.000576
0.000547
0.000567
0.000564
0.000759
0.000538
0.000602
0.000545
0.000657
0.000541
0.000535
0.000566
0.000587
0.000551
0.00059
0.000557
0.000596
0.000701
0.0006
0.000564
0.000565
0.000575
0.000552
0.000545
0.000607
0.000574
0.000562
0.000562
0.000795
0.00058
0.000547
0.000626
0.000587
0.000611
0.000762
0.000546
0.000561
0.000624
0.000638
0.000545
0.00054
0.000561
0.000574
0.000549
0.000543
0.000556
0.000564
0.000556
0.000645
0.000544
0.000553
0.00056
0.000566
0.000548
0.00057
0.000538
0.000533
0.000589
0.00069
0.000618
0.000546
0.000559
0.000581
0.000688
0.000624
0.000546
0.000659
0.000552
0.00055
0.000548
0.000538
0.000548
0.000579
0.000534
0.000547
0.00058
0.00063
0.000544
0.00054
0.000763
0.000563
0.000611
0.000543
0.000574
0.000544
0.000538
0.000618
0.000547
0.000693
0.000546
0.000533
0.000551
0.000556
0.000586
0.000529
0.000647
0.00055
0.000536
0.000597
0.000787
0.000556
0.000589
0.000549
0.000552
0.000535
0.000543
0.000583
0.000542
0.000535
0.000543
0.000546
0.000535
0.000627
0.000568
0.000556
0.000545
0.000549
0.000568
0.000826
0.000564
0.000545
0.000552
0.000607
0.000573
0.000548
0.00057
0.00055
0.000552
0.000622
0.0006
0.000535
0.000681
0.000532
0.000705
0.000581
0.000539
0.000591
0.000599
0.000614
0.000632
0.000643
0.000542
0.000562
0.000554
0.000589
0.000552
0.000548
0.000579
0.000558
0.000551
0.000614
0.000539
0.000543
0.000576
0.000544
0.000561
0.000585
0.00055
0.00059
0.000548
0.00054
0.000549
0.000547
0.000607
0.000577
0.000558
0.000574
0.00058
0.000561
0.000569
0.000569
0.000587
0.000544
0.000548
0.000601
0.000578
0.000567
0.000603
0.000556
0.000551
0.000546
0.00059
0.000547
0.000548
0.000557
0.000573
0.000626
0.000647
0.000543
0.000664
0.000552
0.000548
0.000548
0.000678
0.000543
0.000543
0.000545
0.0006
0.000588
0.000528
0.000579
0.000547
0.000543
0.000545
0.000543
0.00056
0.000569
0.000546
0.000534
0.000568
0.000529
0.000549
0.000537
0.000615
0.000624
0.000561
0.00075
0.000568
0.000563
0.000623
0.000609
0.000619
0.000557
0.000542
0.000556
0.000562
0.00056
0.000551
0.000546
0.000627
0.000625
0.000536
0.000628
0.000554
0.000589
0.000546
0.000626
0.000562
0.000606
0.000686
0.000651
0.000593
0.000558
0.000538
0.000558
0.000545
0.000552
0.000571
0.000768
0.000535
0.000546
0.00054
0.000555
0.00054
0.00064
0.000722
0.000708
0.00069
0.000677
0.000718
0.000763
0.000694
0.000729
0.000778
0.000748
0.00075
0.000685
0.000713
0.000693
0.000705
0.00071
0.000688
0.000687
0.000776
0.000711
0.000693
0.000854
0.000687
0.000689
0.000792
0.000729
0.000708
0.000884
0.000813
0.000778
0.000688
0.000821
0.000974
0.000684
0.000708
0.000926
0.000688
0.000771
0.000727
0.000678
0.000782
0.000957
0.000703
0.000771
0.000714
0.000723
0.000692
0.000698
0.000882
0.000675
0.000682
0.000895
0.000746
0.000681
0.00088
0.000705
0.000704
0.000755
0.00079
0.000679
0.000788
0.000703
0.00097
0.000752
0.000673
0.000704
0.000691
0.000753
0.000713
0.000797
0.000757
0.0007
0.000731
0.000687
0.000686
0.000692
0.000808
0.000711
0.000751
0.000704
0.000768
0.000679
0.000677
0.000713
0.000686
0.000705
0.000743
0.000689
0.000939
0.000714
0.000699
0.000673
0.000733
0.000723
0.000772
0.000711
0.000782
0.000692
0.000784
0.000683
0.000692
0.000687
0.000698
0.000803
0.000736
0.000793
0.000842
0.000699
0.000705
0.000701
0.000693
0.000757
0.00074
0.000733
0.000687
0.00082
0.000693
0.000713
0.000686
0.000707
0.000731
0.000696
0.000694
0.000697
0.000874
0.000711
0.000683
0.000729
0.000773
0.000774
0.000713
0.000729
0.00093
0.000702
0.000694
0.000705
0.000691
0.000753
0.000692
0.000759
0.000684
0.000713
0.000894
0.000684
0.000712
0.000937
0.00069
0.000692
0.00069
0.00069
0.000776
0.000713
0.000719
0.000724
0.000743
0.000835
0.00081
0.000752
0.000689
0.000697
0.000812
0.000758
0.000683
0.000705
0.000941
0.000687
0.000711
0.00069
0.000704
0.000765
0.000677
0.000759
0.000724
0.000939
0.000676
0.000767
0.000913
0.000731
0.000735
0.000764
0.000769
0.000953
0.000707
0.00075
0.000727
0.000697
0.000751
0.000928
0.000689
0.000742
0.000777
0.000704
0.00079
0.001
0.000732
0.000828
0.000693
0.000729
0.000674
0.000933
0.000979
0.000735
0.000707
0.000671
0.000728
0.000853
0.000721
0.000721
0.000743
0.000758
0.00069
0.000703
0.000693
0.000751
0.000735
0.000702
0.000972
0.000778
0.000749
0.000753
0.000913
0.000708
0.00068
0.000705
0.000698
0.000693
0.000781
0.000854
0.00072
0.000963
0.000705
0.00076
0.000682
0.00076
0.000707
0.000702
0.000753
0.000692
0.000695
0.000683
0.000797
0.000669
0.000943
0.000705
0.000685
0.000701
0.000697
0.000692
0.000676
0.000685
0.000911
0.000686
0.000743
0.000693
0.00075
0.000696
0.000694
0.00071
0.000928
0.00074
0.000699
0.000758
0.000677
0.000697
0.000679
0.000672
0.000688
0.000704
0.000678
0.000695
0.000689
0.000696
0.000706
0.000693
0.000751
0.000774
0.000788
0.000678
0.000687
0.000679
0.000733
0.000793
0.000768
0.000789
0.000696
0.000703
0.000689
0.000686
0.000679
0.000693
0.000753
0.000784
0.000782
0.000781
0.000764
0.000775
0.000921
0.00099
0.00083
0.001082
0.000815
0.00083
0.000868
0.000814
0.000919
0.000851
0.000862
0.000802
0.000834
0.000813
0.000938
0.000896
0.00078
0.00079
0.00089
0.000923
0.00085
0.000817
0.000791
0.000778
0.000844
0.000832
0.000875
0.00083
0.000876
0.000902
0.000795
0.000798
0.000799
0.000803
0.00078
0.000916
0.000791
0.000811
0.000857
0.000785
0.000805
0.000865
0.000827
0.000841
0.000787
0.000805
0.000851
0.000833
0.000895
0.000933
0.000865
0.0008
0.000825
0.000829
0.000802
0.0008
0.001121
0.001307
0.003124
0.002887
0.001379
0.001646
0.001951
0.001967
0.000812
0.001297
0.001755
0.001154
0.001549
0.001467
0.003186
0.001831
0.001698
0.003234
0.003246
0.000874
0.000946
0.000991
0.000866
0.000931
0.000796
0.000798
0.00098
0.000836
0.000804
0.000858
0.001335
0.000852
0.000908
0.000979
0.001971
0.003403
0.000864
0.002327
0.002268
0.001163
0.002585
0.00258
0.003521
0.001027
0.001109
0.000939
0.00102
0.001027
0.001289
0.001582
0.000837
0.001236
0.000834
0.000855
0.000847
0.00094
0.000895
0.000893
0.001127
0.003411
0.001264
0.000988
0.001503
0.00198
0.000841
0.000835
0.000988
0.000835
0.000837
0.001282
0.00325
0.001169
0.001135
0.003373
0.001452
0.001677
0.002686
0.00099
0.000874
0.000848
0.001065
0.000852
0.001385
0.001392
0.000832
0.001834
0.001003
0.000857
0.001428
0.000888
0.000991
0.001575
0.001155
0.000866
0.00089
0.001274
0.001302
0.000894
0.002449
0.003337
0.000862
0.000856
0.000848
0.000838
0.001436
0.002289
0.000954
0.001502
0.002261
0.001212
0.001035
0.001691
0.001498
0.004239
0.000832
0.000874
0.000856
0.001681
0.001689
0.001099
0.002981
0.000854
0.001234
0.00084
0.000846
0.000835
0.000853
0.000838
0.000864
0.001091
0.000843
0.000829
0.000991
0.000823
0.000845
0.00102
0.000844
0.000838
0.000894
0.000871
0.002616
0.001946
0.001207
0.001937
0.003402
0.002375
0.000965
0.003106
0.000933
0.002582
0.003301
0.003391
0.001046
0.000849
0.002013
0.000839
0.000847
0.000966
0.000862
0.000851
0.00085
0.000881
0.000834
0.000893
0.000836
0.000855
0.000844
0.000835
0.001089
0.002929
0.001155
0.000833
0.001406
0.000852
0.000845
0.000834
0.000843
0.000857
0.000838
0.000838
0.00336
0.000843
0.000861
0.00085
0.00087
0.001156
0.001131
0.001487
0.002236
0.005393
0.00084
0.001245
0.001876
0.001918
0.003456
0.003495
0.001927
0.001348
0.000837
0.000842
0.001258
0.001283
0.000866
0.001224
0.0023
0.001957
0.003305
0.000825
0.001294
0.003232
0.003321
0.001378
0.00136
0.000838
0.000819
0.000849
0.002938
0.000874
0.001058
0.00083
0.000901
0.000845
0.002414
0.002453
0.001115
0.001439
0.001944
0.000835
0.00084
0.000936
0.001056
0.001464
0.000944
0.001092
0.003659
0.000834
0.000831
0.000918
0.000971
0.000978
0.0009
0.00329
0.000843
0.001427
0.000856
0.000836
0.002518
0.002013
0.000821
0.000943
0.002101
0.00128
0.000849
0.003321
0.003394
0.000909
0.000828
0.001032
0.000855
0.000817
0.000868
0.000858
0.000861
0.000841
0.000844
0.001247
0.000869
0.000888
0.000822
0.000959
0.001321
0.001602
0.001663
0.001335
0.003257
0.005208
0.001031
0.000834
0.001936
0.003429
0.001039
0.000851
0.000908
0.002135
0.000912
0.002244
0.003341
0.003287
0.00323
0.003308
0.003254
0.00371
0.004578
0.0054
0.003551
0.003526
0.003245
0.003265
0.003645
0.003695
0.003627
0.003658
0.00367
0.003699
0.003786
0.003723
0.003813
0.003638
0.003388
0.003721
0.003664
0.00362
0.003681
0.004157
0.004091
0.003681
0.003644
0.003639
0.003629
0.003656
0.003617
0.003779
0.003735
0.003682
0.003728
0.003703
0.003636
0.003755
0.003682
0.003709
0.00371
0.003733
0.003681
0.003721
0.003928
0.003786
0.003631
0.004207
0.003718
0.003734
0.003699
0.003899
0.003762
0.003754
0.003739
0.003677
0.003725
0.003725
0.003271
0.003717
0.004138
0.003737
0.005547
0.004137
0.003739
0.003698
0.003696
0.003766
0.003741
0.003738
0.00376
0.003839
0.003717
0.003495
0.003685
0.003848
0.0037
0.003681
0.003739
0.00365
0.003681
0.003675
0.003811
0.004063
0.003726
0.0037
0.003286
0.000847
0.000932
0.001273
0.00084
0.000858
0.000834
0.000874
0.000845
0.000858
0.000842
0.000867
0.000842
0.001088
0.000859
0.001001
0.000974
0.001012
0.001138
0.000925
0.000823
0.000826
0.000855
0.000875
0.000859
0.000844
0.000833
0.000839
0.00084
0.000855
0.000869
0.000881
0.000828
0.000876
0.000918
0.000835
0.001032
0.000855
0.000847
0.000949
0.000856
0.000849
0.000838
0.000838
0.000847
0.000842
0.000845