
0.01623
0.001113
0.002623
0.000957
0.000933
0.001401
0.001434
0.00316
0.001713
0.000871
0.001218
0.001705
0.002221
0.000885
0.001647
0.002174
0.000921
0.001404
0.0012
0.002808
0.002205
0.000878
0.002754
0.002208
0.001438
0.001991
0.00095
0.00284
0.001979
0.001514
0.000919
0.0022
0.001372
0.001106
0.001367
0.002234
0.001148
0.003576
0.002214
0.003104
0.002478
0.001169
0.000882
0.000764
0.002004
0.002768
0.002015
0.001415
0.000897
0.002213
0.001251
0.002247
0.002224
0.00094
0.002212
0.000888
0.001189
0.002186
0.001029
0.001193
0.000948
0.001318
0.001168
0.001162
0.00116
0.001541
0.001541
0.002339
0.002055
0.004788
0.005947
0.007354
0.001741
0.001712
0.00155
0.001866
0.003549
2.9e-05
0.002419
0.001983
0.003848
0.003585
0.002901
0.002903
0.002232
0.004317
3.4e-05
0.002896
0.004907
0.001727
0.001607
0.001416
2.7e-05
0.002619
0.00261
0.002707
0.002673
0.002565
0.004436
0.001862
0.001809
0.002278
0.002257
0.001823
0.001848
0.004302
0.004903
0.002379
0.003913
2.9e-05
2.6e-05
0.001929
0.001864
0.001293
0.004895
0.005062
0.003395
0.013885
0.000557
0.000562
0.000374
0.001063
0.000439
0.000353
0.000534
0.00039
0.000543
0.000576
0.001203
0.001171
0.00092
0.002469
0.000403
0.000568
0.001187
0.001171
0.00125
0.000464
0.001951
0.000436
0.00119
0.001202
0.001955
0.000473
0.00124
0.001463
0.000535
0.000765
0.001196
0.00119
0.001114
0.000864
0.00086
0.000206
1.6e-05
1.4e-05
0.000859
0.000438
0.000849
0.000492
0.001405
0.00142
0.001622
0.0006
0.001372
0.000511
0.001188
0.00118
0.000857
0.000493
0.001004
0.000853
0.000445
0.000497
0.012289
0.000186
0.001896
0.001904
0.00122
0.001822
0.000343
0.001187
0.001524
0.00297
0.001411
0.001178
0.001254
0.001242
0.003125
0.001311
0.000926
0.002731
0.00272
0.002216
0.006547
0.002567
0.001858
0.003103
0.001166
0.001182
0.003537
0.003207
0.003165
0.001139
0.002298
0.001322
0.001342
0.010918
0.003154
0.001969
1.9e-05
0.003582
0.001634
0.003955
0.017061
0.000768
0.00087
0.001296
0.001384
0.001351
0.001495
0.001481
0.000747
0.001591
0.000172
0.001186
1.4e-05
0.001189
0.00173
0.000842
0.001325
0.001659
0.000898
0.001473
1.6e-05
0.001391
0.000548
0.001138
0.001354
2.8e-05
3.3e-05
0.000988
1.5e-05
1.3e-05
0.001645
0.001198
0.001247
1.6e-05
1.4e-05
0.000918
0.012842
0.001537
1.5e-05
1.5e-05
0.001665
1.5e-05
1.9e-05
0.001547
0.000869
0.001105
2.1e-05
1.9e-05
0.001109
1.5e-05
1.5e-05
0.000896
0.001518
0.001171
0.002355
1.8e-05
1.7e-05
0.003961
2.1e-05
1.9e-05
0.002432
2.4e-05
2.1e-05
0.00127
2.1e-05
1.8e-05
0.003707
0.002179
0.002531
2.7e-05
3.2e-05
0.00275
3.6e-05
3.3e-05
0.001032
1.4e-05
1.4e-05
0.002151
0.001707
1.6e-05
1.4e-05
0.001557
0.018342
0.00046
0.00077
0.001412
0.001378
0.000243
0.000738
0.000735
0.000756
0.001389
0.000753
0.000877
1.7e-05
1.4e-05
0.002201
0.000321
0.001446
0.001222
0.000482
2.5e-05
2.8e-05
0.001597
1.5e-05
1.3e-05
0.00221
0.000331
2.1e-05
1.9e-05
0.005846
0.00349
3.8e-05
2.4e-05
0.002109
0.001731
0.002054
3e-05
2.7e-05
0.002541
0.002548
0.004332
1.8e-05
1.7e-05
0.000939
0.003361
0.017221
0.000517
0.000355
0.000859
0.001422
0.000245
0.000541
0.000843
0.001081
0.000671
0.00084
0.000813
0.001109
2.2e-05
1.3e-05
0.001054
0.000826
0.015765
0.000414
0.000333
1.6e-05
1.4e-05
0.000878
0.003557
2.5e-05
2.7e-05
0.001272
2.3e-05
2.2e-05
0.001111
1.5e-05
1.3e-05
0.004118
0.002951
1.7e-05
1.3e-05
0.00111
0.001235
0.000867
0.000855
1.8e-05
1.6e-05
0.001302
0.002482
0.000961
1.8e-05
1.6e-05
0.001082
0.002963
0.003359
0.001686
2.8e-05
2.7e-05
0.003408
2.4e-05
1.4e-05
0.001848
1.6e-05
1.4e-05
0.000907
0.000277
1.4e-05
1.4e-05
0.002386
0.018958
0.000225
1.6e-05
1.5e-05
0.007944
2.3e-05
2e-05
0.002251
2.3e-05
1.3e-05
0.003021
1.6e-05
1.4e-05
0.000972
0.001311
1.5e-05
1.4e-05
0.002366
0.001205
0.000686
0.003155
3.9e-05
4e-05
0.001159
0.002105
0.000853
2.2e-05
2e-05
0.003917
0.003355
1.9e-05
1.7e-05
0.000841
1.9e-05
2.7e-05
0.001405
0.001337
0.004587
2.7e-05
2.7e-05
0.004288
0.003412
4.6e-05
4.6e-05
0.001279
0.001083
0.018023
0.000542
0.001042
0.000387
0.000233
0.001406
0.001351
0.001329
0.001352
1.6e-05
1.6e-05
0.001057
0.001402
0.002722
0.003672
0.002898
0.00032
3e-05
2.8e-05
0.001201
0.001933
0.019618
0.000291
6.3e-05
5.2e-05
0.004193
1.7e-05
1.4e-05
0.002235
0.00265
1.6e-05
1.3e-05
0.000923
1.6e-05
1.5e-05
0.002357
1.5e-05
1.4e-05
0.000809
0.002326
0.001514
1.6e-05
1.5e-05
0.000784
0.001167
0.002222
1.8e-05
1.5e-05
0.002954
0.00099
2e-05
1.8e-05
0.001188
0.002475
1.5e-05
2.8e-05
0.002526
0.001085
1.9e-05
1.6e-05
0.003369
0.000957
0.002537
0.020458
0.001652
0.000318
0.001369
0.000343
0.000693
0.001458
0.000666
0.000969
0.00139
0.001428
1.7e-05
1.5e-05
0.002471
0.000564
0.00256
0.001447
1.7e-05
1.4e-05
0.002258
0.000304
0.019929
0.000846
1.5e-05
1.3e-05
0.002587
1.7e-05
1.5e-05
0.000849
0.0018
1.5e-05
1.5e-05
0.002532
0.002493
0.002562
3.6e-05
3.3e-05
0.002747
3.7e-05
2.3e-05
0.00372
0.00489
0.000909
2e-05
1.9e-05
0.003059
0.003035
0.001155
5.8e-05
5.6e-05
0.014766
0.003167
2.2e-05
1.9e-05
0.001576
1.7e-05
1.6e-05
0.005741
0.004046
3e-05
2.5e-05
0.002828
0.002184
3.6e-05
4.3e-05
0.010086
0.001641
2.6e-05
1.9e-05
0.003613
0.029827
0.000634
0.001443
0.000592
0.00017
0.000629
0.000649
0.00147
0.000611
0.000815
0.000521
3.6e-05
3.3e-05
0.005368
0.003091
2.5e-05
1.9e-05
0.003213
0.000169
0.024148
0.00064
0.000613
0.000485
0.000649
0.000626
0.000496
0.000623
0.000875
0.000547
1.9e-05
1.6e-05
0.003694
0.000562
0.000635
0.000598
0.024327
0.000636
0.000596
0.000472
0.000603
0.000643
0.000464
0.000631
0.000843
0.001347
1.7e-05
1.6e-05
0.002662
0.000865
0.024662
0.00084
0.001457
0.000617
0.000512
0.000602
0.001455
0.00049
0.000653
0.00085
0.001399
1.5e-05
1.5e-05
0.001058
0.001463
0.023033
0.000839
0.001493
0.001869
0.000455
0.000644
0.001418
0.000483
0.000601
0.001107
0.001408
1.6e-05
1.4e-05
0.001483
0.00137
0.024453
0.000865
0.001484
0.001382
0.00046
0.000632
0.00144
0.000446
0.000655
0.000875
0.001403
3.5e-05
2.6e-05
0.000568
0.000604
0.02117
0.00071
0.001501
0.001429
0.000391
0.001354
0.000391
0.000557
0.001656
1.6e-05
1.5e-05
0.001688
0.001257
1.6e-05
2.8e-05
0.001732
0.002574
0.000931
0.001575
0.000682
1.6e-05
1.6e-05
0.002614
0.00039
0.001891
1.6e-05
1.5e-05
0.001889
0.001384
0.001582
1.6e-05
1.7e-05
0.00135
0.001399
0.001623
1.5e-05
1.6e-05
0.0079
0.019461
0.000651
0.00159
0.00189
0.000339
0.000661
0.001429
0.000353
0.00051
0.00168
0.001407
1.7e-05
1.4e-05
0.00263
0.000929
0.00167
0.000712
1.7e-05
1.6e-05
0.001991
0.001405
0.00052
0.000722
0.00053
0.001385
1.7e-05
1.5e-05
0.001951
0.000732
0.00083
0.000503
2.1e-05
1.9e-05
0.0013
0.000785
0.001805
0.00173
1.7e-05
1.6e-05
0.001286
0.001373
3.8e-05
3.5e-05
0.00354
0.000853
1.6e-05
1.5e-05
0.013434
0.000551
0.001613
0.001406
0.00045
0.000647
0.000602
0.000349
0.00057
0.000668
0.001434
0.004897
0.001601
3.5e-05
2.8e-05
0.002918
0.002125
2.3e-05
2.2e-05
0.003815
0.005537
2.6e-05
2.1e-05
0.002531
0.003102
3.4e-05
2.7e-05
0.000903
0.000895
0.015853
0.000503
0.001631
0.001419
0.000539
0.000632
0.000438
0.000303
0.000439
0.001398
0.001355
1.8e-05
1.6e-05
0.000424
0.000455
0.001181
0.00131
1.6e-05
1.5e-05
0.000595
0.000642
2e-05
1.4e-05
0.001075
0.000485
0.002046
0.001461
0.001947
0.001949
0.000623
0.001412
1.6e-05
1.4e-05
0.003832
0.002606
3.3e-05
3.1e-05
0.000542
0.000522
1.7e-05
1.5e-05
0.015294
0.00051
0.001645
0.00146
0.000605
0.000628
0.000429
0.00027
0.000406
0.001459
0.001586
0.004775
0.005905
2.8e-05
2e-05
0.004854
0.002305
2.6e-05
2.4e-05
0.002838
0.000644
0.000934
0.000685
2.5e-05
2.3e-05
0.000562
0.000595
0.002789
0.000631
1.6e-05
1.6e-05
0.002513
0.001568
0.00096
0.000538
0.019457
0.000497
0.001561
0.000546
0.00062
0.000633
0.000229
0.000412
0.001538
0.001237
1.7e-05
1.5e-05
0.000453
0.000481
1.7e-05
1.5e-05
0.002194
0.001729
0.000605
0.000526
2.3e-05
2.1e-05
0.000596
0.004624
0.000653
0.000975
0.017544
0.000527
0.000504
0.000634
0.000627
0.000608
0.00136
0.000246
0.00036
0.001554
0.00091
1.7e-05
1.3e-05
0.007351
0.001862
2.7e-05
2.1e-05
0.01871
0.000536
0.000445
0.000548
0.000511
0.000531
0.001404
0.000181
0.000364
0.001503
0.001694
0.001727
0.003347
3.4e-05
3.1e-05
0.001882
0.00217
0.00053
0.001686
1.7e-05
1.5e-05
0.000941
0.002198
0.000529
0.000358
1.8e-05
1.6e-05
0.000995
0.000521
2.6e-05
2.5e-05
0.000905
0.000352
1.9e-05
1.8e-05
0.001134
0.00038
1.8e-05
1.9e-05
0.009816
0.016019
0.000523
0.000385
0.000553
0.000544
0.000529
0.001402
0.000112
0.000287
0.001494
0.000593
1.8e-05
1.5e-05
0.00292
0.001633
0.001762
0.001442
1.9e-05
1.7e-05
0.000356
0.00017
0.000302
0.000373
2e-05
1.7e-05
0.002014
0.001582
0.001637
1.9e-05
1.7e-05
0.001766
0.001441
0.002388
0.001582
5.9e-05
5.8e-05
0.001939
0.001544
1.6e-05
1.6e-05
0.001278
0.004018
0.000785
0.000944
0.017034
0.00054
0.001237
0.000487
0.000543
0.000589
0.001435
0.000293
0.001514
0.000572
1.6e-05
1.4e-05
0.005839
0.001319
3.7e-05
2.8e-05
0.000243
0.000279
0.002525
0.000588
0.00147
1.9e-05
2e-05
0.005255
0.001545
3.1e-05
2.4e-05
0.002097
0.0014
0.019013
0.00063
0.000619
0.000482
0.000591
0.000604
0.001365
0.0014
0.000257
0.000631
0.000611
5.8e-05
5.9e-05
0.002728
0.002317
0.00072
0.001433
2e-05
1.6e-05
0.002571
0.001618
1.9e-05
1.7e-05
0.00182
0.002674
0.000641
0.00064
0.020536
0.000679
0.001458
0.000662
0.00061
0.000686
0.000657
0.000677
0.000266
0.000644
0.000658
1.6e-05
1.6e-05
0.002661
0.001494
0.00219
0.001465
0.020371
0.000665
0.00146
0.000652
0.000626
0.000654
0.000669
0.000673
0.000263
0.000706
0.000688
1.7e-05
1.5e-05
0.00227
0.001585
0.020363
0.000212
1.7e-05
1.4e-05
0.001638
0.003281
0.001078
0.002973
1.7e-05
1.4e-05
0.001887
1.4e-05
1.5e-05
0.002298
1.6e-05
1.4e-05
0.000191
0.002522
1.6e-05
1.5e-05
0.001751
0.003401
2.5e-05
2.3e-05
0.000354
2.9e-05
2.7e-05
0.002723
1.7e-05
1.6e-05
0.001143
0.000636
1.6e-05
1.5e-05
0.002467
1.7e-05
1.6e-05
0.001403
0.019065
1.6e-05
1.5e-05
0.014159
3.2e-05
3.1e-05
0.004023
2e-05
1.8e-05
0.003604
0.001548
0.00098
0.001155
0.001395
0.000366
1.8e-05
1.5e-05
0.000288
1.7e-05
1.4e-05