
3.1538e-05
2.851e-05
3.2003e-05
4.8591e-05
2.4792e-05
2.58e-05
3.2587e-05
1.6255e-05
2.6031e-05
3.4369e-05
2.5558e-05
1.3734e-05
5.5614e-05
2.5462e-05
2.3349e-05
2.281e-05
2.2712e-05
3.8967e-05
2.1575e-05
2.2009e-05
2.4026e-05
2.4389e-05
2.6042e-05
2.098e-05
2.4829e-05
4.6194e-05
2.5112e-05
2.244e-05
3.1209e-05
2.3051e-05
5.2572e-05
4.09e-05
3.2601e-05
5.1946e-05
5.6284e-05
3.3385e-05
2.8243e-05
5.4683e-05
2.5681e-05
5.0171e-05
2.3852e-05
4.2252e-05
2.2627e-05
1.7172e-05
2.3999e-05
1.406e-05
4.2698e-05
3.4107e-05
3.0782e-05
2.1095e-05
2.1746e-05
2.4831e-05
4.3193e-05
5.1793e-05
8.5094e-05
4.2564e-05
2.5843e-05
4.5497e-05
8.4738e-05
4.5588e-05
0.000105207
9.4402e-05
6.7805e-05
2.5802e-05
5.0243e-05
5.3358e-05
8.513e-05
5.7091e-05
3.9036e-05
6.3095e-05
8.5125e-05
5.5266e-05
6.8575e-05
5.887e-05
0.000121764
4.8538e-05
3.3192e-05
3.9594e-05
2.4289e-05
3.4977e-05
1.9572e-05
2.7671e-05
2.5051e-05
3.2576e-05
2.9798e-05
2.4414e-05
2.5753e-05
4.5546e-05
6.2407e-05
2.1164e-05
3.739e-05
3.596e-05
4.3571e-05
3.951e-05
7.3104e-05
2.1654e-05
5.9652e-05
2.5083e-05
3.0324e-05
0.000144467
3.2739e-05
5.593e-05
3.8117e-05
2.4214e-05
3.0207e-05
2.0168e-05
1.7857e-05
3.3491e-05
1.9735e-05
3.3722e-05
2.7625e-05
3.3118e-05
3.5353e-05
3.3985e-05
1.6391e-05
2.6255e-05
2.8633e-05
5.3477e-05
2.7568e-05
3.5824e-05
2.7525e-05
4.9245e-05
3.7638e-05
2.8407e-05
0.000106046
5.0577e-05
3.0357e-05
2.3286e-05
2.3272e-05
4.3322e-05
1.701e-05
2.2686e-05
4.7412e-05
5.4334e-05
2.2186e-05
0.000173977
4.2908e-05
7.3135e-05
8.4483e-05
3.5693e-05
4.5223e-05
1.467e-05
2.5841e-05
1.4605e-05
1.7261e-05
3.2091e-05
2.3994e-05
3.0348e-05
4.347e-05
4.1978e-05
4.8805e-05
1.6968e-05
4.3859e-05
1.4815e-05
5.3138e-05
4.3405e-05
3.6281e-05
2.3204e-05
2.1045e-05
2.8415e-05
6.6833e-05
2.6819e-05
2.2782e-05
2.2613e-05
2.7226e-05
3.1081e-05
3.7502e-05
4.7952e-05
3.8382e-05
3.9991e-05
0.000192492
1.4829e-05
3.9182e-05
4.3086e-05
3.9629e-05
6.102e-05
3.3606e-05
1.8487e-05
4.5284e-05
5.7278e-05
4.6722e-05
3.269e-05
4.1241e-05
2.0954e-05
8.6158e-05
3.4784e-05
3.5919e-05
3.4217e-05
4.022e-05
2.8621e-05
2.0401e-05
2.692e-05
3.3042e-05
2.064e-05
1.7637e-05
4.9476e-05
2.4419e-05
3.1187e-05
3.624e-05
2.1128e-05
3.1011e-05
2.2917e-05
3.2001e-05
2.5705e-05
2.4077e-05
2.4041e-05
2.2575e-05
5.7304e-05
3.1516e-05
5.6421e-05
5.0995e-05
3.6807e-05
2.5637e-05
0.000182628
2.3086e-05
8.691e-05
3.987e-05
2.9799e-05
7.8363e-05
4.2789e-05
4.6141e-05
2.6647e-05
4.5017e-05
3.2115e-05
2.9779e-05
3.3933e-05
1.4837e-05
2.1516e-05
2.1121e-05
4.4693e-05
2.2275e-05
2.3913e-05
2.7376e-05
3.3383e-05
2.3041e-05
2.281e-05
9.2646e-05
3.8432e-05
1.952e-05
3.8164e-05
3.0747e-05
2.6934e-05
3.6084e-05
2.6367e-05
4.6283e-05
3.3766e-05
6.5117e-05
3.5781e-05
0.000116209
6.4358e-05
2.6028e-05
1.5431e-05
2.2836e-05
1.9681e-05
1.7903e-05
1.9883e-05
3.7689e-05
3.4381e-05
2.1334e-05
0.000124494
4.5417e-05
6.8816e-05
2.1017e-05
3.4341e-05
2.4139e-05
3.0137e-05
2.2963e-05
1.9818e-05
2.0204e-05
9.3795e-05
7.6617e-05
5.2297e-05
3.9797e-05
3.125e-05
4.0916e-05
1.7438e-05
2.9607e-05
1.8004e-05
3.8666e-05
1.5617e-05
3.5117e-05
1.9681e-05
6.9613e-05
2.6769e-05
2.8389e-05
2.1198e-05
1.7553e-05
2.9583e-05
2.5083e-05
1.8482e-05
4.1823e-05
2.8353e-05
6.7148e-05
7.0515e-05
1.706e-05
2.6248e-05
1.8349e-05
5.1412e-05
3.2438e-05
7.6832e-05
2.9371e-05
5.6485e-05
3.8249e-05
3.3224e-05
4.1599e-05
2.558e-05
6.6521e-05
4.069e-05
2.1224e-05
3.3374e-05
1.5061e-05
2.946e-05
3.5185e-05
4.0505e-05
2.4621e-05
2.8708e-05
3.6098e-05
2.6022e-05
4.0467e-05
4.8958e-05
0.000158159
5.8061e-05
6.3909e-05
2.1094e-05
6.2496e-05
2.26e-05