
2.52155
2.53532
2.53472
2.53404
2.53404
2.48448
2.53404
2.53404
2.48151
2.53404
2.47851
2.47851
2.53404
2.42425
2.36805
2.34242
2.38102
2.35814
2.18167
2.12505
2.01273
1.94725
1.89695
1.86474
1.8036
1.7901
1.62889
1.62462
1.48507
1.41422
1.40461
1.38937
1.36145
1.34832
1.32927
1.32298
1.30472
1.29308
1.27609
1.26519
1.24936
1.23943
1.22503
1.2159
1.19492
1.19492
1.18336
1.16728
1.14591
1.14134
1.12252
1.11778
1.10832
1.09871
1.07512
1.05213
1.04312
1.03021
1.01763
1.00959
0.998375
0.991272
0.98131
0.975236
0.966839
0.96172
0.948919
0.947958
0.94732
0.947317
0.946923
0.946496
0.945672
0.945169
0.944341
0.943851
0.94143
0.931921
0.922608
0.897608
0.890289
0.880652
0.871968
0.866949
0.860589
0.854108
0.852876
0.850821
0.848992
0.848822
0.850434
0.852365
0.854933
0.859727
0.863025
0.863025
0.872864
0.875405
0.876353
0.876714
0.876399
0.875507
0.872935
0.863607
0.863607
0.854241
0.847033
0.842614
0.841129
0.844572
0.851303
0.859275
0.866765
0.872485
0.882153
0.889238
0.911865
0.916453
0.92838
0.949251
0.954777
0.984225
1.02327
1.05163
1.08897
1.10456
1.12055
1.14521
1.17075
1.18793
1.21465
1.24496
1.24496
1.25465
1.25821
1.26339
1.26569
1.27912
1.2854
1.30314
1.33289
1.35773
1.37392
1.38531
1.397
1.40303
1.4153
1.44634
1.4594
1.48997
1.51936
1.52699
1.55834
1.56636
1.60736
1.65824
1.667
1.70235
1.74803
1.77621
1.78588
1.83418
1.8837
1.93445
1.9759
1.99697
2.02851
2.06054
2.09291
2.09291
2.1367
2.16428
2.19769
2.24796
2.25918
2.30468
2.32734