
0.003606
0.005743
0.003654
0.006823
0.004127
0.006566
0.004381
0.003148
0.003808
0.004407
0.005223
0.003377
0.008956
0.003294
0.00395
0.003616
0.005854
0.007766
0.006035
0.005227
0.00414
0.004729
0.003377
0.005987
0.004831
0.007182
0.005044
0.004064
0.003572
0.003997
0.008519
0.007296
0.005761
0.011723
0.006495
0.003425
0.00487
0.010598
0.004238
0.003181
0.00531
0.008525
0.0054
0.003304
0.005334
0.003257
0.0085
0.00347
0.003877
0.003537
0.004003
0.003678
0.006012
0.006662
0.016319
0.004597
0.004977
0.008957
0.01442
0.008701
0.016279
0.011801
0.009584
0.004255
0.007687
0.007675
0.009983
0.009897
0.006051
0.006335
0.007611
0.009054
0.011231
0.005235
0.011301
0.008231
0.00417
0.004976
0.004867
0.007477
0.003659
0.003233
0.003241
0.003284
0.004932
0.003989
0.003517
0.005957
0.007981
0.006627
0.006829
0.007003
0.00655
0.006463
0.013304
0.006512
0.009888
0.004165
0.005511
0.031269
0.00764
0.012157
0.007607
0.004476
0.004485
0.004289
0.003781
0.004564
0.003681
0.00419
0.00338
0.004501
0.004697
0.00425
0.00316
0.003652
0.003663
0.006658
0.003554
0.005387
0.008863
0.006765
0.004376
0.00819
0.012241
0.006908
0.004045
0.005075
0.004486
0.004542
0.003204
0.005046
0.007818
0.004847
0.005118
0.025462
0.005884
0.010598
0.013193
0.009249
0.009536
0.003254
0.003768
0.002976
0.003409
0.008535
0.004733
0.003389
0.009857
0.006419
0.006827
0.003412
0.008803
0.003522
0.01304
0.005253
0.007127
0.004812
0.003168
0.006272
0.015632
0.005706
0.006473
0.003441
0.003933
0.005067
0.005928
0.009746
0.004241
0.008602
0.019706
0.003162
0.007771
0.009586
0.009133
0.007656
0.004218
0.003755
0.00386
0.014011
0.004284
0.008537
0.010056
0.003873
0.005395
0.007523
0.00401
0.002907
0.007883
0.006345
0.004274
0.003729
0.005495
0.005383
0.003625
0.010526
0.005461
0.005121
0.005521
0.005023
0.002849
0.005454
0.003109
0.004732
0.005552
0.005638
0.005699
0.008033
0.007629
0.01305
0.006626
0.006819
0.005807
0.03486
0.004074
0.020377
0.006104
0.005139
0.020579
0.007743
0.01156
0.006233
0.010151
0.005722
0.003515
0.005587
0.002768
0.004236
0.004508
0.008231
0.005578
0.004738
0.00442
0.003981
0.004192
0.004041
0.016471
0.008458
0.00472
0.004726
0.005272
0.003102
0.004749
0.004842
0.006109
0.007598
0.010167
0.006433
0.013346
0.007696
0.004494
0.002694
0.003744
0.003299
0.003672
0.004671
0.008267
0.008321
0.002927
0.013428
0.009868
0.009999
0.003252
0.005932
0.005869
0.003327
0.003349
0.005191
0.002704
0.011976
0.014822
0.006106
0.008396
0.003444
0.005138
0.002473
0.003319
0.002746
0.003457
0.002499
0.003857
0.002378
0.019134
0.006129
0.004227
0.002732
0.002493
0.004756
0.003996
0.004146
0.005073
0.004477
0.011452
0.011804
0.002305
0.005493
0.003693
0.011281
0.004758
0.010552
0.005785
0.009796
0.005965
0.005125
0.005225
0.003947
0.009857
0.006288
0.004728
0.005148
0.002282
0.005746
0.004293
0.007307
0.003571
0.006259
0.003551
0.003303
0.005645
0.005054
0.026638
0.008772
0.011035
0.003177
0.006988
0.00423