
0.005974
0.008662
0.005987
0.011648
0.00686
0.010056
0.006945
0.005183
0.006392
0.00726
0.008218
0.004956
0.014745
0.005455
0.006281
0.006111
0.008683
0.011567
0.009383
0.007805
0.006656
0.00773
0.005703
0.008722
0.007531
0.010843
0.00813
0.006506
0.005969
0.006271
0.01408
0.01138
0.008899
0.018597
0.010962
0.005632
0.007764
0.016482
0.006853
0.005479
0.008
0.013979
0.007725
0.004927
0.008213
0.004788
0.013901
0.005843
0.006327
0.005686
0.006488
0.006816
0.010476
0.01183
0.022536
0.008391
0.008552
0.015352
0.024483
0.013762
0.030521
0.019015
0.01525
0.007018
0.013306
0.013384
0.015296
0.017093
0.011409
0.011728
0.012469
0.015336
0.018113
0.009155
0.022288
0.040767
0.03127
0.032377
0.032001
0.041439
0.031793
0.029729
0.0236
0.022116
0.035226
0.029139
0.029076
0.035739
0.045344
0.033515
0.013661
0.011687
0.013279
0.012171
0.064687
0.010781
0.018641
0.006901
0.009151
0.097559
0.012341
0.020627
0.019934
0.011049
0.010695
0.011476
0.030679
0.023733
0.021737
0.045204
0.022124
0.024056
0.023839
0.024021
0.022394
0.024058
0.028596
0.02882
0.022127
0.02908
0.039083
0.096134
0.030639
0.034966
0.079479
0.079611
0.033649
0.02324
0.022793
0.024609
0.022674
0.026712
0.015759
0.048314
0.010978
0.041805
0.010357
0.019427
0.023606
0.012894
0.016037
0.008394
0.024787
0.023756
0.024246
0.070452
0.074984
0.029287
0.072811
0.037207
0.02989
0.024545
0.038071
0.023488
0.038804
0.070279
0.034988
0.042796
0.029996
0.0462
0.08955
0.058837
0.031687
0.028044
0.006374
0.008124
0.011095
0.019534
0.007914
0.013749
0.028906
0.004971
0.012866
0.015156
0.014546
0.012777
0.046212
0.01948
0.027986
0.091029
0.04618
0.05743
0.036543
0.048334
0.029265
0.033783
0.028312
0.023529
0.029845
0.028765
0.064721
0.025994
0.02635
0.026926
0.024359
0.039414
0.030617
0.033277
0.034867
0.03227
0.02696
0.028582
0.026112
0.028268
0.028689
0.008128
0.008025
0.013617
0.012013
0.021584
0.010426
0.010595
0.009023
0.051145
0.00694
0.033566
0.009297
0.008018
0.041766
0.012014
0.02501
0.011478
0.047384
0.039848
0.036343
0.082524
0.040629
0.02985
0.027014
0.040188
0.03142
0.027784
0.028155
0.029434
0.02553
0.028893
0.090034
0.04014
0.030729
0.032796
0.028934
0.023939
0.032954
0.029687
0.08242
0.058594
0.052376
0.046005
0.123627
0.072603
0.069401
0.019739
0.022708
0.037686
0.021503
0.024359
0.032483
0.101815
0.041823
0.104703
0.044148
0.049098
0.028723
0.029317
0.029312
0.024077
0.051914
0.028189
0.024075
0.0536
0.114078
0.076126
0.050456
0.02411
0.028242
0.020705
0.023484
0.021837
0.031632
0.021005
0.02508
0.0217
0.090197
0.030335
0.02826
0.025807
0.025885
0.03066
0.025072
0.026862
0.027395
0.035084
0.055075
0.102456
0.023843
0.02894
0.023758
0.09029
0.031123
0.063654
0.033308
0.041257
0.034496
0.03274
0.032649
0.026569
0.036539
0.029557
0.044264
0.027631
0.023019
0.040234
0.025743
0.071886
0.075726
0.034787
0.024636
0.023051
0.05165
0.061234
0.099908
0.040247
0.037451
0.022323
0.027783
0.043927