
1.50479e+09
0.007396
0.010232
0.007515
0.013201
0.00848
0.011808
0.008698
0.006841
0.008057
0.00879
0.009758
0.006501
0.016397
0.007034
0.00786
0.007599
0.010201
0.013058
0.010952
0.00939
0.008225
0.009272
0.007219
0.010259
0.008986
0.01232
0.009673
0.008066
0.007495
0.007793
0.015542
0.013047
0.010429
0.02032
0.012677
0.007265
0.009533
0.018353
0.008586
0.007125
0.009673
0.015656
0.009419
0.006607
0.009915
0.006896
0.015722
0.007589
0.008001
0.00725
0.016186
0.056538
0.039455
0.090555
0.04287
0.015176
0.052028
0.063167
0.036841
0.070708
0.059796
0.029573
0.037651
0.065268
0.037474
0.067357
0.031003
0.066474
0.034566
0.084304
0.021548
0.053414
0.041109
0.087415
0.173435
0.070525
0.037863
0.063174
0.038665
0.072019
0.038632
0.049572
0.030321
0.074453
0.042486
0.045592
0.035316
0.204733
0.072788
0.039152
0.062113
0.027183
0.098008
0.022138
0.121752
0.091323
0.08611
0.012966
0.111842
0.129416
0.034762
0.204708
0.025694
0.073405
0.028438
0.081485
0.049093
0.030781
0.044592
0.05714
0.07934
0.040958
0.040649
0.029057
0.045224
0.067819
0.045527
0.036413
0.050958
0.065618
0.108028
0.122524
0.053119
0.040916
0.113509
0.115548
0.049286
0.028849
0.051429
0.162018
0.043002
0.036613
0.12399
0.066575
0.106376
0.081185
0.023824
0.074712
0.034102
0.046267
0.159171
0.022493
0.043354
0.153641
0.031109
0.10219
0.106929
0.048834
0.086799
0.059416
0.036795
0.066078
0.058436
0.029142
0.046575
0.10643
0.099435
0.064729
0.092878
0.158238
0.162945
0.12082
0.052876
0.034252
0.025533
0.031973
0.052698
0.075793
0.021067
0.125156
0.048558
0.050189
0.037294
0.074659
0.026577
0.070082
0.051034
0.14523
0.033983
0.114503
0.248381
0.076855
0.097667
0.068484
0.050368
0.039771
0.058811
0.037075
0.063967
0.035892
0.086385
0.031449
0.045408
0.036831
0.066237
0.04621
0.180451
0.040396
0.057436
0.101004
0.046346
0.046994
0.031025
0.04634
0.033954
0.035748
0.12487
0.04763
0.019024
0.049378
0.017458
0.043126
0.109891
0.080845
0.089469
0.069903
0.024704
0.13152
0.071563
0.259912
0.052718
0.181945
0.24049
0.200024
0.191241
0.303423
0.182124
0.050505
0.035488
0.064529
0.037415
0.06259
0.035365
0.065992
0.034098
0.063778
0.248339
0.059609
0.036238
0.063071
0.037026
0.067188
0.039539
0.095611
0.167731
0.20635
0.12362
0.115682
0.152387
0.094228
0.199171
0.024316
0.105226
0.053776
0.026057
0.028992
0.094445
0.18418
0.193602
0.170039
0.071467
0.074367
0.035667
0.040283
0.034371
0.211772
0.071312
0.036644
0.058814
0.231696
0.254407
0.115918
0.067986
0.028934
0.032936
0.053149
0.036715
0.071096
0.036316
0.056414
0.036259
0.056199
0.225162
0.035157
0.064139
0.036169
0.064805
0.036006
0.063209
0.036085
0.090444
0.092356
0.218116
0.135827
0.028587
0.047941
0.067416
0.114985
0.241983
0.08406
0.046536
0.180379
0.040239
0.186172
0.156225
0.030827
0.050196
0.107692
0.061097
0.049972
0.040508
0.059545
0.037923
0.135059
0.106899
0.051377
0.028478
0.103961
0.060678
0.185865
0.133388
0.058627
0.041215
0.026493
0.103302