
92
52
12
147
66
11
44
16
47
98
12
48
28
68
69
40
85
106
25
22
30
32
31
29
19
29
184
119
132
165
184
73
199
86
111
17
52
184
380
181
78
371
168
50
169
492
380
182
132
248
492
132
369
182
434
81
105
53
52
58
64
88
81
88
11
99
51
81
21
144
155
179
155
154
117
172
183
172
146
148
146
102
172
150
173
363
172
117
435
172
172
112
89
183
188
172
23
77
53
51
30
77
77
77
62
85
142
44
169
72
169
43
169
142
92
102
154
166
92
320
142
401
24
52
92
69
29
24
85
129
52
83
129
136
133
106
60
401
330
43
142
155
141
171
170
141
175
141
64
183
371
106
162
140
140
175
141
374
469
87
464
183
34
370
469
371
463
54
23
366
85
61
168
167
368
366
371
85
98
256
152
69
138
112
366
138
85
155
138
168
152
500
256
107
142
142
96
27
127
46
26
53
96
56
58
58
54
60
12
44
195
148
233
35
80
168
376
250
500
136
500
233
301
130
255
130
255
82
72
148
233
203
130
153
260
268
137
334
130
273
72
41
60
32
57
60
55
117
53
60
30
61
42
86
266
92
214
274
266
274
129
155
500
105
234
228
105
500
129
154
246
154
291
220
52
329
46
61
40
13
46
46
63
102
82
27
39
13
47
166
41
72
47
44
72
100
84
29
41
101
47
166
40
70
40
45
70
99
85
53
85
84
69
40
69
40
65
69
97
85
55
61
82
71
63
67
41
66
67
95
85
56
96
80
72
64
65
41
63
65
94
86
57
94
73
67
58
57
104
54
57
86
103
102
36
125
103
68
56
117
120
90
156
89
155
64
90
60
48
60
57
48
77
107
54
110
63
61
79
55
69
27
41
91
79
74
37
93
59
22
55
23
44
72
62
60
61
54
50
42
73
31
94
57
33
55
19
37
66
58
45
67
46
67
32
72
55
58
82
66
27
95
63
42
50
16
32
60
57
80
64
51
42
60
60
50
71
33
24
81
35
47
47
91
28
57
69
37
57
96
29
57
47
21
26
45
45
45
52
25
54
75
98
46
39
20
39
39
39
49
18
47
71
116
54
39
89
114
39
43
111
43
87
43
114
43
219
34
10
34
34
34
65
8
36
70
44
104
62
11
39
58
74
58
85
77
30
47
33
35
25
33
43
60
81
34
80
43
43
33
43
81
44
55
44
44
20
35
44
62
47
30
44
44
45
45
62
45
45
47
67
47
37
47
47
47
28
47
47
68
62
47
63
47
38
47
47
47
26
47
47
89
222
235
309
222
309
144
242
15
268
222
107
425
90
353
107
235
14
260
91
195
14
309
75
60
179
70
339
403
500
69
65
80
50
15