
0.020093
0.002183
0.003883
0.00197
0.00197
0.002571
0.002477
0.004456
0.002665
0.001837
0.002295
0.002891
0.003319
0.0019
0.002721
0.003366
0.001892
0.002409
0.002188
0.00394
0.003315
0.001804
0.004073
0.003344
0.002463
0.003071
0.001848
0.004081
0.003065
0.002634
0.002156
0.003275
0.002404
0.002067
0.002416
0.003465
0.002289
0.004941
0.003484
0.004419
0.003707
0.002251
0.001876
0.001779
0.00315
0.004056
0.003254
0.002543
0.001834
0.003425
0.00228
0.003444
0.003472
0.001882
0.003428
0.001922
0.002214
0.003567
0.001953
0.002218
0.001967
0.0024
0.002137
0.003815
0.003878
0.010895
0.002697
0.003144
0.005639
0.003881
0.005998
0.005592
0.004452
0.006565
0.007404
0.003103
0.002998
0.00249
0.004657
0.004623
0.006577
0.003298
0.00317
0.003501
0.003527
0.004299
0.005852
0.003724
0.003594
0.002915
0.006645
0.017611
0.001639
0.001523
0.001254
0.002065
0.001536
0.001264
0.001441
0.0015
0.001458
0.001443
0.002014
0.003699
0.001458
0.001415
0.002364
0.001332
0.003042
0.001336
0.003
0.001308
0.002262
0.002564
0.001407
0.001742
0.002084
0.001753
0.00177
0.000986
0.001821
0.001295
0.001766
0.001322
0.00285
0.001662
0.00236
0.001399
0.001906
0.001312
0.001943
0.00185
0.001404
0.001365
0.015619
0.000932
0.002239
0.002884
0.001099
0.0042
0.002411
0.002236
0.004656
0.002311
0.001876
0.00392
0.009107
0.004377
0.00592
0.002322
0.003412
0.01495
0.005879
0.005085
0.002844
0.005451
0.020787
0.002078
0.001832
0.002172
0.002359
0.002191
0.002419
0.002444
0.001936
0.002592
0.001031
0.002433
0.002838
0.00184
0.002336
0.002745
0.002084
0.002626
0.001738
0.002389
0.002509
0.001987
0.002746
0.002228
0.002321
0.001946
0.016177
0.00269
0.002833
0.002544
0.001802
0.002062
0.002137
0.001859
0.00253
0.002136
0.003572
0.005624
0.004007
0.002467
0.005374
0.003633
0.004334
0.004427
0.002178
0.003331
0.002825
0.002655
0.022863
0.001675
0.001723
0.002262
0.002258
0.001145
0.00165
0.001645
0.001639
0.002209
0.001794
0.001856
0.003347
0.001244
0.002735
0.002341
0.001324
0.002871
0.003238
0.001679
0.009726
0.006866
0.003641
0.00326
0.003775
0.004455
0.004355
0.006247
0.001971
0.004727
0.021068
0.00159
0.001217
0.00173
0.002332
0.001204
0.001609
0.001758
0.002151
0.001779
0.001674
0.001858
0.002075
0.002112
0.001752
0.019783
0.0013
0.001275
0.001868
0.005356
0.002643
0.002052
0.006215
0.004337
0.00218
0.002275
0.001814
0.001676
0.002441
0.00372
0.002232
0.002087
0.004296
0.004795
0.003139
0.004763
0.003009
0.001871
0.001176
0.003933
0.023299
0.001101
0.011035
0.003551
0.004371
0.00202
0.00241
0.003461
0.00221
0.001573
0.005776
0.002458
0.003566
0.001953
0.006985
0.006157
0.001853
0.002577
0.002695
0.006402
0.006156
0.005035
0.002525
0.002033
0.02177
0.001523
0.001905
0.001188
0.001008
0.002355
0.00227
0.002266
0.002242
0.002136
0.002229
0.004429
0.005552
0.004585
0.001711
0.002413
0.00301
0.024073
0.001371
0.00577
0.003363
0.003799
0.002119
0.003562
0.001729
0.003421
0.002554
0.001644
0.002207
0.003255
0.004259
0.002368
0.002203
0.003618
0.003718
0.002138
0.004798
0.0022
0.003712
0.02473
0.002783
0.001193
0.002322
0.001188
0.001557
0.002233
0.001587
0.001977
0.002209
0.002214
0.00347
0.00141
0.003714
0.002523
0.003405
0.001241
0.024015
0.001675
0.003765
0.001829
0.002981
0.003679
0.003725
0.003749
0.004901
0.005247
0.006642
0.002048
0.004454
0.004447
0.003462
0.01914
0.005634
0.002512
0.007993
0.006448
0.004162
0.003353
0.014032
0.004768
0.005105
0.035002
0.001705
0.002332
0.001454
0.000935
0.001646
0.00169
0.002354
0.001556
0.001723
0.001433
0.00781
0.004971
0.004327
0.001073
0.028835
0.001865
0.001513
0.00148
0.001705
0.001596
0.001432
0.001676
0.00179
0.001362
0.00512
0.001785
0.001576
0.001442
0.029076
0.001854
0.001453
0.001567
0.001464
0.00176
0.001408
0.001602
0.002071
0.002407
0.003839
0.001803
0.029554
0.002105
0.002466
0.001641
0.001262
0.001542
0.002325
0.001407
0.001511
0.001887
0.00227
0.0021
0.002363
0.027586
0.002012
0.002473
0.002801
0.00133
0.001677
0.002419
0.001375
0.001577
0.00203
0.002381
0.003155
0.003185
0.0292
0.001994
0.002369
0.002415
0.001357
0.001613
0.0024
0.001342
0.001829
0.001969
0.002379
0.001501
0.001517
0.025151
0.001782
0.002432
0.002294
0.001272
0.002235
0.001326
0.001427
0.002441
0.00279
0.00207
0.002839
0.003681
0.00194
0.002534
0.001652
0.00375
0.001247
0.003012
0.002878
0.002344
0.002454
0.002497
0.002435
0.002749
0.011359
0.023377
0.001799
0.002488
0.002783
0.001329
0.00156
0.002312
0.001142
0.001444
0.002601
0.002432
0.003875
0.002088
0.002698
0.001578
0.003172
0.002348
0.001488
0.001541
0.001386
0.002394
0.003305
0.001746
0.001867
0.001378
0.002717
0.002098
0.002925
0.003013
0.003227
0.003503
0.005119
0.002092
0.016646
0.00168
0.00264
0.002259
0.001268
0.001577
0.001405
0.001123
0.001415
0.001472
0.002338
0.00696
0.003438
0.004313
0.003453
0.007472
0.009037
0.004495
0.004917
0.002414
0.002268
0.01953
0.001658
0.002509
0.002309
0.001427
0.001536
0.001302
0.001016
0.001486
0.002233
0.002415
0.00128
0.001335
0.002294
0.002299
0.001543
0.001756
0.002056
0.001501
0.003127
0.002359
0.003012
0.003118
0.001565
0.002364
0.005537
0.004208
0.00155
0.001455
0.018434
0.001524
0.00255
0.002362
0.001552
0.001454
0.001198
0.001062
0.001236
0.002427
0.00256
0.008156
0.009157
0.006706
0.003704
0.004457
0.002061
0.002366
0.002299
0.00165
0.001739
0.003985
0.001509
0.003882
0.002773
0.001875
0.001408
0.02323
0.001537
0.002471
0.001365
0.001529
0.001466
0.000959
0.001288
0.002446
0.002143
0.001576
0.001526
0.003333
0.00272
0.001439
0.00131
0.00179
0.006534
0.002092
0.002472
0.021052
0.001626
0.001425
0.001424
0.001648
0.001642
0.002205
0.001063
0.001325
0.002416
0.001895
0.010064
0.003965
0.022392
0.001713
0.001448
0.001629
0.001354
0.001343
0.00228
0.001097
0.001181
0.00235
0.00272
0.003352
0.005043
0.002872
0.003127
0.00128
0.002514
0.001917
0.00332
0.001468
0.00122
0.001935
0.00139
0.001926
0.001272
0.002205
0.001256
0.013566
0.019714
0.001729
0.001241
0.001347
0.001483
0.001417
0.002299
0.00098
0.001088
0.002443
0.001725
0.004162
0.002747
0.002766
0.002374
0.001379
0.000996
0.001247
0.001333
0.003093
0.002564
0.002591
0.002766
0.002345
0.00345
0.002584
0.002916
0.002371
0.002612
0.005623
0.001933
0.002424
0.020273
0.001633
0.002327
0.00127
0.001374
0.001572
0.002411
0.001145
0.00235
0.001555
0.008039
0.00306
0.001161
0.001182
0.003701
0.001549
0.002557
0.007621
0.003601
0.003176
0.002313
0.022929
0.001732
0.001542
0.001353
0.001392
0.001452
0.002353
0.002232
0.001026
0.001475
0.001416
0.004
0.003521
0.001869
0.002503
0.003811
0.002607
0.002961
0.003917
0.001532
0.001579
0.024699
0.00173
0.002301
0.001526
0.001475
0.001677
0.001727
0.001615
0.001152
0.001565
0.001532
0.003933
0.002611
0.003316
0.002291
0.024375
0.001865
0.002397
0.001517
0.00162
0.001483
0.001716
0.001588
0.001171
0.00156
0.001605
0.003437
0.002644
0.024322
0.001046
0.002659
0.004705
0.002053
0.004286
0.002919
0.003388
0.000989
0.003636
0.002776
0.004878
0.001565
0.00392
0.002092
0.001843
0.003723
0.002659
0.022773
0.018889
0.005686
0.00518
0.002542
0.001854
0.002227
0.00238
0.001394
0.002785