
150
136
152
147
165
44
213
73
205
156
184
119
132
165
184
73
199
86
111
156
167
361
134
187
188
254
111
167
111
150
172
147
127
183
155
110
184
172
172
136
88
156
138
320
175
156
156
156
198
131
94
157
389
331
169
94
143
129
159
159
106
159
401
330
175
142
155
141
171
170
469
371
463
54
162
366
85
61
168
167
96
135
127
150
163
163
96
246
500
267
195
148
233
138
80
168
376
250
500
136
204
324
242
134
192
282
142
117
500
267
198
266
237
147
247
264
143
105
500
264
239
274
254
152
489
208
187
102
281
324
241
166
256
397
490
210
303
100
283
327
240
166
255
395
491
211
301
99
284
339
315
192
255
394
490
223
300
97
284
341
313
194
129
392
490
225
298
95
285
342
311
195
131
390
490
225
296
94
286
343
304
196
131
382
104
227
288
86
297
102
293
160
208
373
99
205
279
77
301
163
100
162
60
139
94
80
275
72
174
170
97
165
93
136
148
77
268
66
160
107
95
169
99
135
144
76
263
60
121
197
96
170
101
321
141
91
259
57
125
219
98
56
337
319
139
119
256
54
128
236
336
50
331
313
133
121
249
47
130
247
333
41
328
206
130
127
36
36
273
207
332
75
40
205
293
128
81
34
167
206
207
328
36
208
294
197
92
30
253
207
211
244
298
211
298
132
229
28
257
211
211
216
298
212
298
132
230
26
257
211
222
235
309
222
309
144
242
15
268
222
252
101
80
78
87
149
66
15
102
120