
0.016183
0.0062
0.014524
0.006098
0.004085
0.007859
0.00909
0.005074
0.008821
0.009914
0.01185
0.005671
0.006832
0.007086
0.008139
0.007685
0.012809
0.01034
0.005535
0.004001
0.005997
0.003931
0.014007
0.007806
0.004135
0.007067
0.006095
0.007272
0.005627
0.009086
0.005423
0.011667
0.005232
0.010258
0.010123
0.009343
0.016077
0.016359
0.006007
0.014025
0.006472
0.008412
0.005267
0.005681
0.003882
0.009286
0.01846
0.005519
0.003539
0.011781
0.005971
0.012131
0.006339
0.009877
0.005567
0.006279
0.008722
0.005033
0.009174
0.005145
0.005408
0.005231
0.017583
0.011888
0.006714
0.008702
0.006835
0.007463
0.006304
0.005198
0.006058
0.009196
0.006101
0.005526
0.009808
0.012466
0.006049
0.006106
0.009254
0.00564
0.005754
0.006593
0.005615
0.006236
0.006442
0.005172
0.005674
0.006346
0.005159
0.004321
0.012333
0.00532
0.005441
0.006279
0.005982
0.00866
0.008571
0.012676
0.010401
0.005486
0.00435
0.004748
0.005449
0.005915
0.004436
0.011292
0.005878
0.004316
0.005578
0.004525
0.011391
0.006888
0.004697
0.003883
0.016682
0.004571
0.004224
0.009234
0.006383
0.005659
0.00775
0.004473
0.009888
0.009423
0.004809
0.008279
0.009192
0.00622
0.005828
0.0102
0.006759
0.006702
0.009664
0.008136
0.008164
0.005412
0.009609
0.005411
0.014443
0.008202
0.006796
0.004733
0.004771
0.005772
0.006516
0.012186
0.004595
0.010896
0.006249
0.010105
0.006749
0.004735
0.005362
0.010557
0.007676
0.006534
0.004836
0.005113
0.006236
0.004604
0.00417
0.009443
0.003576
0.009073
0.011469
0.015667
0.016865
0.00519
0.010183
0.00604
0.005472
0.009866
0.021858
0.00717
0.004634
0.006891
0.005219
0.005777
0.009734
0.009861
0.007981
0.004397
0.004222
0.004192
0.004895
0.004048
0.005305
0.005097
0.009555
0.013661
0.005794
0.00877
0.005709
0.008136
0.009418
0.005391
0.007093
0.011412
0.004761
0.014209
0.00348
0.005203
0.003517
0.009289
0.012201
0.007654
0.005857
0.008913
0.00677
0.021001
0.004845
0.012266
0.005066
0.006083
0.014725
0.007006
0.017241
0.008655
0.006599
0.005415
0.009033
0.007511
0.008145
0.010436
0.003171
0.0055
0.003087
0.007945
0.010893
0.010178
0.010677
0.011487
0.008431
0.00996
0.002822
0.012023
0.00593
0.009597
0.002879
0.008666
0.014532
0.011783
0.009411
0.010248
0.006222
0.0071
0.002881
0.00449
0.008759
0.006647
0.004764
0.010963
0.004637
0.004659
0.014031
0.00285
0.014903
0.010605
0.018326
0.012228
0.004889
0.014347
0.010986
0.013051
0.010436
0.011903
0.005248
0.004794
0.011816
0.005501
0.004859
0.005689
0.002587
0.002402
0.005281
0.014406
0.010347
0.008255
0.005515
0.006754
0.007189
0.005111
0.013098
0.005612
0.023282
0.011955
0.014818