
0.000945
0.001033
0.001033
0.000945
0.000974
0.001007
0.000886
0.000892
0.000886
0.000963
0.000847
0.000879
0.000883
0.000919
0.001202
0.00089
0.000931
0.000927
0.000941
0.000932
0.000891
0.000915
0.001171
0.000904
0.000912
0.000991
0.000903
0.00098
0.000817
0.000883
0.001037
0.000846
0.000871
0.00093
0.000752
0.000941
0.001196
0.001043
0.000849
0.001048
0.001001
0.000949
0.000838
0.000905
0.001046
0.000832
0.001123
0.000783
0.000935
0.001034
0.000919
0.000875
0.000941
0.00119
0.001439
0.001098
0.001032
0.000945
0.001044
0.001075
0.001163
0.001089
0.001209
0.001232
0.001239
0.001117
0.001019
0.001089
0.001408
0.001042
0.000965
0.001107
0.001065
0.001046
0.00143
0.000999
0.00109
0.000879
0.001037
0.001098
0.00103
0.00085
0.000953
0.001145
0.000962
0.001032
0.000925
0.00121
0.000799
0.000976
0.000936
0.000898
0.000874
0.000963
0.000949
0.001145
0.000981
0.001067
0.001038
0.000924
0.000987
0.001091
0.000862
0.001084
0.000951
0.001138
0.000877
0.000959
0.000821
0.00108
0.001082
0.000863
0.000971
0.001101
0.001097
0.000934
0.0008
0.000896
0.000853
0.000971
0.001148
0.001
0.001107
0.000802
0.001036
0.001247
0.000879
0.001134
0.000763
0.000902
0.00096
0.000915
0.001178
0.000974
0.001129
0.000847
0.00098
0.000817
0.001092
0.00082
0.00108
0.000897
0.000994
0.000791
0.000937
0.000915
0.000881
0.000887
0.00085
0.000958
0.000851
0.000856
0.000973
0.00091
0.001041
0.000848
0.000919
0.000804
0.00083
0.001001
0.000793
0.00101
0.000827
0.001113
0.000903
0.000993
0.001067
0.000964
0.000906
0.001249
0.001294
0.000985
0.00111
0.00088
0.00085
0.00099
0.000784
0.000823
0.000904
0.001041
0.000826
0.000996
0.000792
0.000881
0.000845
0.000971
0.000975
0.000804
0.000984
0.000896
0.000787
0.001159
0.001054
0.001135
0.001133
0.000798
0.001007
0.000902
0.000821
0.000979
0.000768
0.000839
0.000915
0.000986
0.000858
0.001108
0.000991
0.001054
0.000863
0.000892
0.000895
0.003
0.000907
0.001024
0.001033
0.001149
0.001055
0.000876
0.000945
0.000961
0.000969
0.000837
0.000848
0.000976
0.000915
0.000849
0.00108
0.000961
0.00092
0.00101
0.001055
0.000904
0.000917
0.001021
0.000861
0.001124
0.000783
0.000879
0.001036
0.000874
0.000959
0.001072
0.001005
0.001025
0.001149
0.000848
0.000837
0.00092
0.000934
0.000912
0.000855
0.001078
0.000885
0.001032
0.000837
0.000792
0.000895
0.000806
0.001047
0.000902
0.000914
0.000803
0.000935
0.000794
0.000942
0.000967
0.001157
0.001027
0.001143
0.000884
0.00105
0.000983
0.00115
0.000983
0.001166
0.001055
0.00098
0.000904
0.001103
0.00095
0.000989
0.001054
0.000957
0.001071
0.001065
0.001065
0.001104