
0.0282843
0.060498
0.0507747
0.0837747
0.0894387
0.0674336
0.100434
0.0896019
0.101493
0.0814932
0.114493
0.0839189
0.0505457
0.0291731
0.0104649
0.231421
0.0462752
0.0462752
0.0449294
0.0449294
0.0555504
0.0555504
0.0683066
0.0683066
0.100398
0.0928421
0.0432262
0.0322144
0.0126749
0.0162635
0.0341547
0.0341547
0.0173329
0.037188
0.00845734
0.029287
0.0388452
0.0164126
0.036903
0.0461778
0.0234977
0.0441343
0.00700805
0.0281357
0.0164093
0.0258165
0.00357008
0.0349733
0.00357243
0.0325509
0.00940164
0.0417796
0.00698119
0.0304363
0.0277023
0.0158507
0.0129877
0.0129877
0.0221425
0.0183875
0.0275737
0.00927852
0.0122628
0.0539262
0.0387364
0.0266273
0.0234199
0.0660178
0.0383536
0.0296629
0.0296629
0.0439295
0.00156224
0.00420104
0.0300682
0.014238
0.00556092
0.0113697
0.018624
0.0221517
0.0091831
0.0741092
0.011708
0.00757286
0.0398669
0.015259
0.015259
0.0113874
0.0534255
0.00366979
0.0364562
0.0349503
0.0648989
0.077558
0.0697917
0.036897
0.0278041
0.0353568
0.00292936
0.0151623
0.0283151
0.0272646
0.0397831
0.0322912
0.0356856
0.0118463
0.00558446
0.0132402
0.00204202
0.00286319
0.0155169
0.0046456
0.0534202
0.0355932
0.0291564
0.024047
0.0535486
0.0367892
0.00230331
0.0286989
0.0544089
0.0214355
0.0342177
0.0600102
0.0526098
0.0526098
0.0581277
0.0251928
0.0380395
0.0179417
0.0562086
0.0233202
0.0489076
0.0289169
0.0735425
0.00894443
0.0290355
0.00379756
0.0108751
0.00280555
0.0308431
0.0308431
0.0454229
0.0326615
0.0141097
0.0141097
0.0339776
0.0540551
0.0540551
0.0356784
0.00210432
0.00210432
0.0219136
0.0168964
0.0163742
0.0101804
0.0106592
0.0155857
0.00909726
0.0123371
0.0195401