
2e-06
1e-06
1e-06
1e-06
2e-06
1e-06
1e-06
1e-06
2e-06
1e-06
1e-06
1e-06
1e-06
1e-06
1e-06
1e-06
2e-06
1e-06
1e-06
1e-06
1e-06
1e-06
1e-06
1e-06
1e-06
1e-06
1e-06
1e-06
1e-06
1e-06
1e-06
0
2e-06
1e-06
1e-06
1e-06
1e-06
1e-06
1e-06
1e-06
1e-06
1e-06
1e-06
1e-06
1e-06
1e-06
1e-06
1e-06
1e-06
1e-06
0
0
1e-06
1e-06
1e-06
1e-06
1e-06
1e-06
1e-06
1e-06
1e-06
1e-06
1e-06
2e-06
4e-06
2e-06
8e-06
2e-06
1e-06
2e-06
2e-06
1e-06
1e-06
1e-06
1e-06
0.022293
0.024825
0.025099
0.022053
0.021727
0.022169
0.019107
0.016848
0.052615
0.019627
0.02043
0.019967
0.060065
0.020234
0.020924
1e-06
2e-06
2e-06
1e-06
1e-06
1e-06
2e-06
1e-06
2e-06
1e-06
2e-06
1e-06
1e-06
1e-06
1e-06
1e-06
2e-06
2e-06
1e-06
2e-06
1e-06
2e-06
2e-06
2e-06
1e-06
2e-06
1e-06
2e-06
1e-06
1e-06
1e-06
2e-06
1e-06
2e-06
1e-06
0.050686
1e-06
1e-06
6.2e-05
1e-06
1e-06
1e-06
1e-06
0.022612
0.019163
0.017449
0.016281
0.016151
0.016057
0.017184
0.017371
1e-06
1e-06
1e-06
1e-06
2e-06
1e-06
1e-06
2e-06
1e-06
0.025213
0.019817
0.02248
0.018468
0.058893
0.018917
0.01895
0.01888
0.023333
0.019355
0.018528
0.062522
0.019766
0.056137
0.018786
0.019018
0.019816
0.059931
0.019162
0.019359
0.024035
0.01938
0.018981
0.019159
0.017673
0.017526
0.01927
0.02332
0.018471
0.055599
0.019045
0.019122
0.018664
0.020869
0.016942
0.055947
0.01654
0.015374
0.015814
0.014331
0.014066
0.056352
0.051971
0.051945
0.052735
0.015138
0.019243
0.015381
0.018541
0.017897
0.016898
0.016868
0.054524
0.05465
0.016218
0.05501
0.055117
0.057716
0.02056
0.019965
0.021648
0.020266
0.021833
0.060629
0.016464
0.053591
0.016227
0.023649
0.023171
0.021012
0.01728
0.017385
0.015083
0.015441
0.05488
0.017864
0.055595
0.017504
0.022072
0.055245
0.058701
0.018078
0.019759
0.019219
0.025482
0.057106
0.021472
0.021618
0.027395
0.022813
0.023341
0.058156
0.059928
0.021879
0.018741
0.018983
0.017342
0.017806
0.016178
0.016199
0.016056
0.053094
0.016973
0.017021
0.016949
0.019993
0.025261
0.019948
0.059811
0.022723
0.019136
0.017769
0.017811
0.017161
0.020213
0.020392
0.022616
0.059853
0.058162
0.021066
0.021283
0.020955
0.054378
0.018091
0.054678
0.055162
0.017267
0.014871
0.054029
0.016942
0.015681
0.054043
0.015506
0.054624
0.018253
0.06077
0.062604