
0.021869
0.008472
0.020174
0.008424
0.005996
0.010488
0.01195
0.007342
0.011266
0.013518
0.015327
0.007973
0.009328
0.009643
0.010774
0.009861
0.016388
0.013359
0.007815
0.00618
0.00849
0.005977
0.019147
0.009961
0.006056
0.009578
0.008243
0.009882
0.007917
0.012024
0.007653
0.014111
0.006814
0.014611
0.013132
0.012261
0.021737
0.021907
0.008402
0.019885
0.009325
0.01118
0.006935
0.008422
0.00584
0.011808
0.023977
0.007801
0.005531
0.015022
0.008434
0.015602
0.008934
0.012541
0.008335
0.008987
0.011827
0.006986
0.012188
0.00788
0.008106
0.007826
0.024769
0.016687
0.009526
0.012329
0.010183
0.010955
0.009034
0.007801
0.008859
0.013643
0.008908
0.007474
0.013953
0.044664
0.037322
0.037026
0.043783
0.034805
0.033376
0.031076
0.030024
0.064177
0.033298
0.03226
0.031014
0.069478
0.027445
0.02764
0.016584
0.007294
0.008133
0.009293
0.008918
0.011852
0.011895
0.017062
0.016307
0.008253
0.006817
0.007301
0.008425
0.008862
0.006673
0.015027
0.008567
0.006542
0.008129
0.007911
0.014905
0.00974
0.008641
0.006031
0.022678
0.00684
0.007033
0.012998
0.009492
0.008121
0.010396
0.006556
0.012998
0.012683
0.007058
0.061982
0.011937
0.009272
0.008387
0.01386
0.009424
0.009739
0.012842
0.034028
0.030249
0.02531
0.029068
0.023974
0.03534
0.028662
0.026916
0.006334
0.007013
0.007869
0.009164
0.016019
0.006332
0.014333
0.012993
0.024259
0.035314
0.026971
0.033165
0.041709
0.074029
0.032095
0.028994
0.029862
0.036192
0.029638
0.028921
0.078747
0.027979
0.072256
0.041183
0.048417
0.050482
0.070905
0.036943
0.030791
0.034121
0.039217
0.056499
0.036539
0.027368
0.030922
0.029944
0.035093
0.036147
0.072915
0.033823
0.027403
0.02785
0.029743
0.027059
0.065899
0.027036
0.025481
0.033962
0.039558
0.025407
0.072533
0.063216
0.068443
0.070219
0.026993
0.03627
0.034484
0.028896
0.043378
0.026013
0.026892
0.062577
0.072407
0.03916
0.069704
0.067491
0.074734
0.034946
0.056162
0.032749
0.038606
0.031409
0.071627
0.043401
0.066795
0.048521
0.040656
0.037156
0.032384
0.034725
0.032348
0.032264
0.032683
0.062106
0.027615
0.062706
0.035217
0.039949
0.071942
0.075996
0.036591
0.035999
0.036056
0.032821
0.075869
0.033658
0.037543
0.033887
0.040177
0.048608
0.075777
0.078417
0.040737
0.027483
0.029035
0.021882
0.024471
0.030152
0.02532
0.023134
0.067655
0.023846
0.023212
0.035504
0.026122
0.044946
0.034149
0.083617
0.0383
0.029652
0.036271
0.032032
0.03435
0.0351
0.038585
0.029814
0.067
0.073708
0.02823
0.028453
0.029263
0.060315
0.023319
0.062324
0.073957
0.03115
0.026313
0.061023
0.027439
0.025892
0.061672
0.032858
0.061721
0.0491
0.076663
0.08077