
1.51128e+09
0.023381
0.009956
0.021622
0.009881
0.007351
0.011868
0.013435
0.008726
0.012647
0.014924
0.016827
0.009449
0.010828
0.01141
0.012194
0.011277
0.01793
0.014866
0.009329
0.007665
0.010007
0.007467
0.020649
0.011474
0.007564
0.011074
0.009769
0.011282
0.009328
0.013461
0.009044
0.015494
0.008216
0.016062
0.01467
0.013917
0.023416
0.023431
0.009889
0.021747
0.011163
0.01259
0.008346
0.009795
0.007127
0.013122
0.025354
0.009071
0.006728
0.016441
0.011338
0.054891
0.046168
0.05629
0.043455
0.056082
0.043849
0.056556
0.043516
0.056409
0.043555
0.056114
0.044537
0.0578
0.042155
0.057356
0.042626
0.055946
0.043478
0.056296
0.043793
0.056173
0.043725
0.056961
0.190493
0.07477
0.071134
0.063899
0.051269
0.069984
0.054983
0.037439
0.037059
0.088605
0.049073
0.039063
0.164712
0.130055
0.032568
0.049356
0.022033
0.058843
0.031919
0.067564
0.032447
0.068617
0.031502
0.068777
0.031146
0.067611
0.032316
0.067612
0.032326
0.052636
0.047332
0.138513
0.057699
0.009915
0.053209
0.041485
0.058454
0.041527
0.058443
0.04152
0.094578
0.010065
0.093317
0.015955
0.042682
0.043375
0.057172
0.042817
0.05707
0.043017
0.094318
0.067457
0.047998
0.163781
0.012729
0.050933
0.060693
0.03933
0.060506
0.039627
0.057693
0.041334
0.058707
0.041312
0.058705
0.041283
0.059245
0.040847
0.057962
0.042039
0.058613
0.041274
0.052557
0.190481
0.028705
0.044031
0.045469
0.212745
0.200136
0.056458
0.088505
0.037162
0.033724
0.039979
0.040953
0.249105
0.03477
0.093828
0.032447
0.08673
0.056056
0.053146
0.060489
0.238114
0.052023
0.040271
0.059535
0.043792
0.071026
0.040915
0.043544
0.040528
0.054392
0.045631
0.206496
0.088436
0.039023
0.060098
0.040134
0.052331
0.219377
0.078287
0.041577
0.052678
0.203049
0.051856
0.051797
0.080376
0.224023
0.075184
0.200576
0.032021
0.182525
0.218176
0.215824
0.093361
0.02981
0.038473
0.111438
0.084978
0.042963
0.076431
0.277205
0.088628
0.040151
0.070951
0.036726
0.053651
0.039217
0.224499
0.205928
0.299111
0.221142
0.045373
0.060464
0.038968
0.097793
0.175665
0.044161
0.044115
0.258867
0.192245
0.075004
0.041531
0.052315
0.308181
0.088372
0.040945
0.060155
0.040658
0.060012
0.082358
0.037345
0.211243
0.048575
0.044041
0.055261
0.274218
0.280045
0.207526
0.0774
0.032315
0.033435
0.037464
0.058231
0.041786
0.057844
0.070468
0.03479
0.036857
0.05952
0.040892
0.058954
0.040683
0.097269
0.194093
0.040916
0.049838
0.04182
0.059747
0.040229
0.060254
0.03969
0.117258
0.086072
0.050857
0.039927
0.0588
0.063053
0.076688
0.067492
0.193361
0.033541
0.057963
0.063386
0.076296
0.028313
0.071771
0.044
0.064345
0.06196
0.130246