
0.001122
0.003812
0.006257
0.005886
0.006197
0.006114
0.005911
0.007422
0.006982
0.006247
0.006012
0.005987
0.00629
0.021495
0.023371
0.019196
0.019337
0.013529
0.017635
0.008145
0.016929
0.055134
0.016381
0.017641
0.017182
0.018214
0.018341
0.017206
0.017249
0.002301
0.009623
0.045118
0.008088
0.00808
0.008041
0.044214
0.047214
0.006407
0.006834
0.006787
0.044067
0.001881
0.008404
0.010222
0.010062
0.008153
0.008321
0.008324
0.008494
0.007719
0.008336
0.00221
0.01015
0.003251
0.003231
0.009655
0.009482
0.009272
0.003165
0.010183
0.009904
0.009237
0.00982
0.003227
0.010812
0.009882
0.009609
0.009469
0.009063
0.003086
0.009339
0.010495
0.009424
0.002405
0.008216
0.002363
0.00806
0.009016
0.002465
0.00234
0.002143
0.002419
0.002494
0.045828
0.007664
0.044947
0.008347
0.002434
0.009707
0.009514
0.010214
0.010336
0.00217
0.002376
0.045048
0.009016
0.010005
0.047275
0.008159
0.002164
0.002088
0.008595
0.002303
0.044801
0.008635
0.00964
0.010129
0.00234
0.010358
0.002467
0.002553
0.002373
0.046457
0.008274
0.007856
0.007499
0.007732
0.008986
0.008984
0.00986
0.008042
0.007849
0.009156
0.00973
0.047035
0.008945
0.00954
0.008432
0.04828
0.00198
0.007674
0.007392
0.046143
0.007315
0.0082
0.009574
0.049861
0.010001