
32
57
146
85
111
86
47
34
51
39
112
42
25
53
148
97
42
21
97
61
85
149
26
155
166
155
175
401
149
163
156
138
13
165
155
65
422
155
155
172
158
247
256
431
155
142
155
85
92
135
142
92
362
158
58
148
5
377
167
15
61
5
377
65
60
61
147
183
145
204
73
294
288
74
223
288
148
294
234
239
125
289
269
177
150
83
125
157
319
177
151
269
221
227
139
285
142
311
124
232
152
124
99
157
170
232
124
124
361
32
70
75
124
64
46
79
21
93
80
83
79
124
160
99
31
69
75
124
63
23
77
20
85
79
33
28
66
71
120
60
42
29
39
82
76
83
121
59
68
42
40
49
119
49
58
64
112
52
34
23
45
64
69
112
53
19
49
19
50
70
114
53
49
46
41
54
59
106
47
29
11
64
82
64
80
30
42
55
42
64
64
107
30
30
57
54
41
64
25
51
58
102
43
26
16
60
80
60
71
61
17
28
27
39
22
49
55
36
41
25
34
25
80
58
99
35
34
26
49
20
47
52
34
21
95
41
21
32
55
42
53
35
59
43
17
45
54
32
40
92
62
19
31
53
46
21
63
16
45
52
31
41
91
64
18
31
53
47
18
92
15
45
52
31
41
90
65
15
47
53
51
51
43
49
28
38
87
79
14
45
51
35
45
35
64
21
29
80
74
104
57
45
80
45
81
13
80
102
28
81
31
53
24
32
60
39
46
74
79
50
50
43
99
74
26
93
63
27
20
24
25
33
53
20
30
72
52
41
41
25
74
27
25
33
53
20
30
72
52
20
20
26
35
24
31
18
40
53
69
58
43
43
24
31
116
45
28
19
37
52
65
60
43
114
52
38
34
46
112
90
28
26
29
59
45
61
74
28
122
97
111
41
61
32
24
32
112
49
59
80
43
126
100
24
52
43
52
111
50
55
79
41
126
99
56
55
51
33
33
53
33
48
123
52
47
85
33
127
143
33
32
56
30
47
29
58
25
62
23
31
31
70
43
25
25
137
20
45
125
24
26
26
129
23
25
31
75
42
25
25
23
24
133
133
23
25
31
76
42
25
25
23
24
115
225
2
12
148
206
30
12
12
10
147
121
190
29
68
9
148
158
74
346
76
68
500
10
500
354
29
400
400
99
134
372
96
146
18
372
283
75
500
38
500
283
462
96
146
16
96
76
372
134
76
136
19
19
96
500
110
144
140
106
6
8
140
140
500
86
316
233
110
110
7
207
101
455
110
289
500
383
455