
87
151
146
187
388
106
300
152
105
375
155
166
155
175
401
149
163
156
138
149
357
416
145
147
147
138
135
360
258
138
294
234
239
125
289
269
177
150
83
125
267
139
310
124
227
176
151
147
93
361
267
138
311
124
226
89
151
146
177
360
264
135
307
120
225
98
125
156
174
357
280
127
300
112
215
124
118
170
176
350
114
123
294
106
209
120
45
376
187
345
102
119
180
102
205
118
172
371
306
340
99
116
180
108
202
118
183
98
306
338
96
114
180
105
57
95
195
95
113
334
93
112
182
103
135
92
193
92
113
332
93
111
183
103
136
91
270
92
113
332
92
111
183
103
136
90
270
89
129
332
368
109
183
101
134
87
288
88
127
329
362
103
195
94
97
80
287
104
134
323
370
100
197
106
289
74
291
145
214
320
373
102
201
98
283
72
208
116
116
92
374
102
201
98
283
72
209
106
106
92
374
100
133
109
296
69
210
118
118
90
387
99
131
111
298
65
212
120
262
298
122
99
133
141
133
61
214
104
268
214
123
101
135
237
136
59
217
315
271
216
133
111
145
238
137
55
218
313
273
216
137
115
310
257
142
47
222
156
277
143
141
287
370
325
198
43
384
295
282
133
257
286
384
323
202
42
384
295
43
135
280
285
385
324
202
42
385
296
43
135
225
105
372
148
206
30
372
283
30
147
99
134
372
96
146
18
372
283
75
500
110
144
140
106
376
8
140
140
500
86