
0.0487
0.004559
0.008972
0.004587
0.006672
0.005223
0.004566
0.002804
0.006173
0.00738
0.003711
0.007128
0.003245
0.004594
0.009829
0.004245
0.005361
0.005574
0.006247
0.006104
0.010627
0.008408
0.004093
0.002745
0.004505
0.00267
0.003911
0.0075
0.006203
0.00289
0.005485
0.004597
0.00568
0.004243
0.007346
0.003907
0.009662
0.003886
0.003408
0.004744
0.008385
0.007537
0.006481
0.006806
0.008848
0.0046
0.004545
0.004333
0.007021
0.004675
0.006705
0.003959
0.004206
0.002558
0.007552
0.006238
0.009181
0.004178
0.002331
0.009599
0.004366
0.010083
0.004765
0.007809
0.00365
0.004568
0.006925
0.00364
0.007311
0.003612
0.003773
0.003682
0.005135
0.008937
0.00445
0.004639
0.004692
0.006652
0.004921
0.005444
0.004326
0.003686
0.004457
0.003237
0.003925
0.004474
0.00401
0.003908
0.003463
0.047622
0.002129
0.002374
0.003746
0.002835
0.003459
0.00292
0.002952
0.001937
0.001878
0.002202
0.010208
0.00355
0.004404
0.002172
0.004644
0.001896
0.003471
0.003786
0.00202
0.004107
0.004021
0.003389
0.004154
0.002114
0.005143
0.001792
0.004105
0.003539
0.004492
0.002521
0.004823
0.003037
0.0037
0.003758
0.004199
0.001867
0.04243
0.001213
0.004548
0.00387
0.003014
0.01017
0.003948
0.004062
0.004684
0.004425
0.006756
0.006809
0.010367
0.004009
0.004238
0.004061
0.002987
0.003272
0.004041
0.004274
0.003089
0.009089
0.05104
0.004392
0.003011
0.004224
0.003078
0.000962
0.009188
0.005257
0.00333
0.001257
0.002482
0.003132
0.010938
0.001228
0.003241
0.002979
0.002598
0.004866
0.004881
0.004142
0.005962
0.00314
0.007884
0.00776
0.003386
0.006261
0.007457
0.004359
0.047931
0.003411
0.003415
0.00442
0.008359
0.004976
0.005079
0.007424
0.006282
0.006321
0.004037
0.007758
0.004051
0.008338
0.003498
0.006649
0.005034
0.003439
0.003374
0.004419
0.004946
0.006541
0.003426
0.003307
0.00893
0.050253
0.002261
0.002749
0.002972
0.003351
0.002523
0.002906
0.002509
0.001834
0.002963
0.004747
0.002943
0.004756
0.003225
0.002426
0.004875
0.004961
0.003465
0.049921
0.002218
0.002684
0.002854
0.003514
0.002638
0.00179
0.00243
0.001773
0.003034
0.003468
0.003835
0.002036
0.049399
0.00219
0.002582
0.002818
0.003348
0.002467
0.002734
0.001809
0.002815
0.002876
0.002763
0.004923
0.003354
0.003063
0.003312
0.005973
0.003886
0.005006
0.00275
0.003506
0.002782
0.003814
0.002096
0.004779
0.003259
0.003198
0.003189
0.048405
0.003129
0.002387
0.00318
0.003134
0.002323
0.001964
0.001642
0.002792
0.003073
0.002643
0.00302
0.003344
0.007561
0.002471
0.002471
0.001682
0.00717
0.0031
0.002479
0.006984
0.001854
0.003128
0.009646
0.003264
0.002682
0.003279
0.006297
0.007804
0.002551
0.003082
0.003719
0.002348
0.047305
0.002313
0.002231
0.00242
0.002916
0.002346
0.001894
0.001501
0.002543
0.003623
0.00255
0.00833
0.00298
0.004159
0.002136
0.003693
0.002198
0.003886
0.003715
0.002779
0.002103
0.008861
0.009499
0.002826
0.003119
0.00294
0.002635
0.002981
0.001979
0.00337
0.001998
0.005195
0.0024
0.003921
0.002432
0.004378
0.002947
0.007912
0.00359
0.048847
0.002123
0.002237
0.002454
0.002995
0.002265
0.001978
0.001617
0.002464
0.002899
0.002617
0.007909
0.003391
0.006456
0.00324
0.003081
0.001436
0.003004
0.001777
0.002895
0.001804
0.003597
0.002119
0.044371
0.001968
0.002145
0.002498
0.002165
0.002105
0.001791
0.002675
0.001422
0.002756
0.002449
0.002764
0.003082
0.003832
0.002083
0.003822
0.002051
0.0038
0.003862
0.001571
0.002333
0.036268
0.002344
0.002247
0.002339
0.002026
0.0017
0.002646
0.00276
0.001676
0.001974
0.002376
0.005913
0.005391
0.002867
0.002349
0.00457
0.002335
0.006827
0.003361
0.004111
0.002206
0.036951
0.001841
0.002214
0.002467
0.001901
0.002325
0.002751
0.003431
0.001343
0.002102
0.002493
0.003542
0.002608
0.002192
0.001422
0.007459
0.003526
0.037951
0.001836
0.002179
0.002353
0.001983
0.002446
0.002713
0.003261
0.001392
0.001992
0.002375
0.004074
0.0023
0.002658
0.002575
0.001564
0.002827
0.039006
0.0019
0.002187
0.002244
0.002075
0.002139
0.002616
0.003418
0.001223
0.002362
0.002375
0.009408
0.002551
0.045425
0.00264
0.002251
0.0025
0.001986
0.002152
0.002547
0.003522
0.00118
0.00221
0.002388
0.003486
0.002105
0.047169
0.002331
0.001989
0.003233
0.001797
0.001932
0.002468
0.003535
0.003233
0.002343
0.002529
0.00923
0.002731
0.002271
0.002458
0.003353
0.003945
0.001771
0.002343
0.00242
0.007464
0.004212
0.007601
0.002445
0.001811
0.002567
0.005911
0.003422
0.004305
0.003148
0.053264
0.001968
0.001806
0.003111
0.002832
0.002872
0.002391
0.003616
0.003181
0.002967
0.002196
0.007062
0.00422
0.005212
0.003662
0.007998
0.00967
0.002008
0.003809
0.00352
0.003355
0.008337
0.001921
0.003711
0.001739
0.004569
0.001817
0.044553
0.002046
0.002065
0.00305
0.001803
0.002075
0.0023
0.003655
0.002882
0.002806
0.001774
0.002196
0.009992
0.002655
0.002317
0.044635
0.002117
0.002073
0.003017
0.00178
0.001967
0.002456
0.00307
0.001778
0.001698
0.00179
0.005199
0.002734
0.042951
0.002174
0.002069
0.00206
0.002849
0.003008
0.002342
0.003187
0.00291
0.002825
0.001766
0.006945
0.007361
0.002125
0.004404
0.049238
0.003184
0.00191
0.001754
0.002702
0.002944
0.002243
0.003228
0.002857
0.004363
0.003684
0.006512
0.002984
0.004866
0.002811
0.003957
0.003016
0.007153
0.004337
0.00603
0.003884
0.039981
0.002153
0.001829
0.001915
0.003146
0.003108
0.002263
0.003435
0.00199
0.004472
0.003857
0.00658
0.004462
0.008413
0.00227
0.002056
0.002076
0.046269
0.002207
0.001849
0.002047
0.004243
0.002914
0.002193
0.00357
0.002329
0.004571
0.003998
0.00415
0.001907
0.046597
0.003216
0.003105
0.003199
0.004214
0.003049
0.001941
0.00364
0.002286
0.004531
0.004102
0.001822
0.002098
0.001969
0.004249
0.002129
0.003027
0.008769
0.002163
0.008207
0.002142
0.04627
0.003255
0.002687
0.00309
0.004597
0.00307
0.001818
0.003609
0.002745
0.00444
0.008611
0.002039
0.009463
0.002039
0.00625
0.003192
0.008049
0.001849
0.001745
0.002394
0.009752
0.001724
0.004674
0.003246
0.007824
0.002025
0.060623
0.003799
0.001851
0.001965
0.002021
0.003461
0.001983
0.001532
0.001397
0.004799
0.001792
0.001687
0.001879
0.007038
0.004553
0.002554
0.009633
0.001817
0.00147
0.009593
0.001733
0.056475
0.004767
0.001873
0.001403
0.001977
0.003631
0.001811
0.001408
0.001551
0.001465
0.001878
0.007545
0.004826
0.058507
0.004912
0.001853
0.001365
0.00202
0.003618
0.001919
0.001398
0.00146
0.001459
0.001812
0.008392
0.004438
0.049145
0.001076
0.001054
0.00162
0.001131
0.00142
0.001214
0.004559
0.00565
0.001853
0.003202
0.001834
0.005101
0.001412
0.005203
0.003517
0.00885
0.003358
0.003264
0.011757
0.00183
0.001129
0.012111
0.008749
0.005693
0.010147
0.010099
0.05114
0.001318
0.003541
0.002731
0.012101
0.009185
0.010916
0.003667
0.004678
0.009783
0.001372
0.003641
0.003384
0.00955
0.004111
0.003413
0.004153
0.001333
0.001936
0.001312
0.001418
0.003688
0.011896
0.042313
0.001079
0.001086
0.00837
0.006482
0.004024
0.004062
0.001196
0.001168
0.005473
0.003599
0.010787
0.00413
0.007618
0.012049
0.009723
0.012379