
0.005908
0.005875
0.006253
0.005535
0.010306
0.010702
0.006863
0.006079
0.005593
0.010123
0.005559
0.00595
0.005954
0.005755
0.008726
0.005772
0.0052
0.005725
0.005549
0.006995
0.00569
0.006091
0.005764
0.005366
0.005298
0.005462
0.00643
0.005861
0.007057
0.006289
0.010491
0.012208
0.005399
0.005377
0.005115
0.006236
0.005115
0.006207
0.0051
0.00621
0.005217
0.006005
0.005318
0.006447
0.005928
0.011121
0.006896
0.005855
0.004847
0.006312
0.006508
0.005412
0.005118
0.005894
0.005326
0.007227
0.006304
0.004705
0.005983
0.005863
0.006086
0.006155
0.006057
0.00533
0.004795
0.005394
0.004674
0.006696
0.011156
0.005575
0.008831
0.005058
0.005318
0.006083
0.012084
0.005523
0.005209
0.006217
0.005599
0.007145
0.010675
0.00616
0.005336
0.004474
0.010045
0.005121
0.011104
0.005954
0.006416
0.009347
0.005932
0.015379
0.005824
0.014484
0.005297
0.00526
0.00904
0.00509
0.005806
0.011176
0.00758
0.009095
0.005783
0.00594
0.005242
0.005533
0.006991
0.006088
0.006879
0.004486
0.006569
0.006833
0.013132
0.011821
0.005241
0.007017
0.00639
0.006306
0.014809
0.006071
0.014001
0.012865
0.014746
0.007389
0.005342
0.00532
0.006249
0.006315
0.006422
0.005282
0.004714
0.005924
0.013403
0.006184
0.011606
0.008457
0.012225
0.007389
0.019146
0.013251
0.004732
0.006561
0.01146
0.006833
0.005764
0.017299
0.020677
0.028063
0.005005
0.004167
0.005201
0.008353
0.014164
0.005434
0.017732
0.006336
0.018589
0.00592
0.014594
0.004579
0.021708
0.00579
0.005508
0.006224
0.00886
0.006025
0.004176
0.006668
0.004628
0.007506
0.004354
0.016342
0.004757
0.008522
0.005054
0.005836
0.015103
0.020535
0.008085
0.005752
0.005896
0.004718
0.005903
0.00494
0.01429
0.004685
0.003903
0.008005
0.008448
0.010463
0.012204
0.019124
0.005768
0.004914
0.008972
0.00565
0.005719
0.004623
0.008783
0.006863
0.005213
0.011078
0.005776
0.008721
0.008988
0.005704
0.005369
0.008622
0.004387
0.004904
0.005352
0.006854
0.014548
0.004744
0.010697
0.005895
0.011638
0.004468
0.014453
0.006464
0.008521
0.012353
0.004624
0.006632
0.010323
0.005113
0.019475
0.012848
0.004886
0.004675
0.005111
0.009948
0.004497
0.004595
0.004249
0.010135
0.004597
0.008132
0.004773
0.004495
0.004388
0.00427
0.008408
0.004513
0.009652
0.004926
0.005661
0.004665
0.00403
0.003834
0.006043
0.003634
0.004852
0.004031
0.00535
0.003648
0.013888
0.003731
0.004338
0.006608
0.004361
0.007958
0.009241
0.003885
0.008016
0.00605
0.004084
0.010678
0.008243
0.004742
0.00589
0.015096
0.003781
0.010379
0.009613
0.012677
0.003425
0.004589
0.007931
0.012473
0.008387
0.00592
0.01061
0.005527
0.006978
0.004091
0.004617
0.00343
0.009204
0.005637
0.004122
0.003774
0.003183
0.003408
0.00801
0.011089
0.014082
0.004421
0.003017
0.014525
0.004204
0.004456
0.007433
0.010325
0.003888
0.014322
0.013144
0.005458
0.009564
0.009988
0.007979
0.005385
0.007938
0.020825
0.004501
0.00548
0.008008
0.003173
0.014334
0.002808
0.00543
0.005909
0.002975
0.005956
0.008665
0.002569
0.003713
0.004092
0.011664
0.012919
0.003967
0.002786
0.008359
0.008634
0.0138
0.002509
0.006935
0.013042
0.003913
0.003077
0.013214
0.004085
0.004018
0.010261
0.004263
0.005011
0.010324
0.009709
0.006009
0.008805
0.005439
0.003705
0.008566
0.002421
0.010136
0.00909
0.010443
0.00414
0.009396
0.002129
0.014923
0.011032
0.004786
0.008726
0.011162