
0.00087
0.001249
0.00085
0.000914
0.000914
0.001038
0.000939
0.000912
0.000932
0.000828
0.000959
0.000932
0.000854
0.000911
0.000931
0.000897
0.000855
0.000902
0.000989
0.000937
0.000904
0.000909
0.000804
0.000864
0.000876
0.001053
0.000874
0.000826
0.001076
0.000963
0.000746
0.0011
0.000951
0.000958
0.000798
0.000987
0.000825
0.000945
0.000801
0.001095
0.000812
0.000883
0.000882
0.000861
0.000862
0.001063
0.000816
0.000827
0.000955
0.000912
0.000844
0.001043
0.000819
0.001007
0.00093
0.001121
0.001034
0.001058
0.000972
0.000908
0.000972
0.0011
0.000889
0.001049
0.001068
0.001023
0.000974
0.000989
0.001004
0.001024
0.000849
0.001054
0.000899
0.000943
0.000864
0.001246
0.001058
0.001067
0.000991
0.001316
0.001077
0.00099
0.001037
0.001056
0.000965
0.000995
0.001219
0.000966
0.000895
0.001005
0.001038
0.001078
0.000996
0.001133
0.000881
0.000961
0.001071
0.000839
0.000929
0.001191
0.000921
0.000976
0.000866
0.001045
0.000865
0.000947
0.001225
0.000949
0.000997
0.00109
0.000897
0.001009
0.000822
0.001116
0.00085
0.000902
0.001076
0.000972
0.000995
0.001126
0.001045
0.00096
0.001175
0.000746
0.001021
0.000868
0.001074
0.000954
0.001115
0.000836
0.001047
0.000795
0.001187
0.000774
0.001088
0.001028
0.00137
0.001035
0.00083
0.001018
0.000752
0.001105
0.000867
0.000892
0.000911
0.000921
0.000903
0.000981
0.000813
0.001199
0.000872
0.001014
0.00087
0.001086
0.00108
0.001128
0.000982
0.000908
0.001025
0.00089
0.001272
0.001036
0.001008
0.000863
0.001335
0.000951
0.000852
0.001183
0.001063
0.001026
0.000947
0.000967
0.001032
0.000938
0.001005
0.000857
0.001103
0.001294
0.000911
0.000951
0.001086
0.000941
0.001126
0.000904
0.001261
0.000942
0.001088
0.000847
0.001082
0.000875
0.00353
0.000855
0.001061
0.000901
0.001084
0.00083
0.000991
0.000882
0.001046
0.000961
0.000895
0.00123
0.000974
0.001098
0.001092
0.000925
0.000862
0.001191
0.000843
0.000816
0.000915
0.000846
0.001136
0.001031
0.000973
0.001062
0.000993
0.000913
0.001219
0.000843
0.001189
0.001093
0.000921
0.001992
0.000889
0.000955
0.000943
0.000981
0.000893
0.001077
0.000878
0.001036
0.000973
0.0011
0.00111
0.001314
0.000894
0.001027
0.0011
0.000871
0.001
0.000874
0.001303
0.000896
0.000938
0.000876
0.001082
0.001135
0.001031
0.000751
0.000805
0.000961
0.000838
0.001005
0.001138
0.000875
0.000959
0.000932
0.000907
0.000807
0.001082
0.001027
0.000848
0.000897
0.000831
0.001196
0.001205
0.00105
0.00108
0.000886
0.001065
0.001244
0.001014
0.000896
0.001007
0.00101
0.000915
0.000987
0.000998
0.001137
0.000927
0.001267
0.001243
0.000975
0.000951
0.001015
0.001146
0.001018
0.001095
0.001051
0.000901
0.000803
0.000815
0.00096
0.000846
0.000997
0.000886
0.001164
0.00079
0.001114
0.000908
0.000909
0.001157
0.001153
0.000908
0.001002
0.000967
0.000992
0.000911
0.001187
0.000995
0.000974
0.000943
0.001045
0.000921
0.000854
0.001137
0.001117
0.000922
0.000844
0.000868
0.000893
0.001145
0.000901
0.00087
0.000869
0.000943
0.000867
0.001086
0.001215
0.000928
0.000801
0.000881
0.001169
0.001165
0.00084
0.000926
0.000902
0.000863
0.001181
0.001083
0.001012
0.000943
0.000908
0.000865
0.000901
0.000853
0.000854
0.00093
0.000972
0.000846
0.000922
0.000998
0.001026
0.000962
0.00107
0.001084
0.000831
0.001179
0.000874
0.000953
0.001037
0.000916
0.000924
0.001228