
0.0282843
0.0282843
0.0932422
0.116647
0.0894386
0.0675612
0.100561
0.101449
0.101449
0.104554
0.104554
0.0342318
0.0183581
0.0144
0.0463537
0.0164212
0.0286625
0.0286625
0.0408672
0.0452109
0.0452109
0.102805
0.11511
0.137275
0.137275
0.162676
0.256487
0.25746
0.259395
0.258955
0.260886
0.260557
0.262407
0.033
0.00669163
0.00669163
0.0249805
0.119247
0.124209
0.14992
0.120346
0.146393
0.126546
0.123285
0.059515
0.0482432
0.0266062
0.0359285
0.0262782
0.044446
0.0344592
0.0588341
0.0588341
0.0882418
0.0803138
0.0681797
0.0907935
0.10124
0.103344
0.0222645
0.0178981
0.0292354
0.0222464
0.0296252
0.0385512
0.0457601
0.292314
0.313494
0.324183
0.469975
0.422444
0.439825
0.45741
0.455248
0.416484
0.47059
0.440567
0.421246
0.0287617
0.0245084
0.0451639
0.0221576
0.0148919
0.0181973
0.0181973
0.0510188
0.0168959
0.0168959
0.0113509
0.0159637
0.0159637
0.0137687
0.0418651
0.0395893
0.0379148
0.0288454
0.0247234
0.0363405
0.0300137
0.0362988
0.0317913
0.0659994
0.0171382
0.00695276
0.045618
0.0218006
0.019193
0.0163836
0.0267544
0.0455377
0.0237859
0.021693
0.021693
0.00454378
0.0103465
0.0118726
0.019415
0.00948528
0.0659988
0.0158737
0.0361235
0.0237043
0.0231118
0.0231118
0.00964173
0.0150493
0.0344529
0.00296204
0.0169788
0.066
0.0211863
0.010687
0.010687
0.00192492
0.0109371
0.0550681
0.00890184
0.00187463
0.0144963
0.0185065
0.0324191
0.000900795
0.0122308
0.00485591
0.0274088
0.00211845
0.0163531
0.0117801
0.00228488
0.0317465
0.0190049
0.0138935
0.066
0.0348723
0.0220888
0.0094609
0.0298489
0.00434902
0.0241545
0.0445563
0.00645004
0.0266428
0.0138458
0.00848369
0.0403293
0.0111638
0.00918067
0.00918067
0.00397788
0.00397788
0.00176542