
3e-06
1e-06
1e-06
1e-06
1e-06
1e-06
1e-06
1e-06
2e-06
1e-06
1e-06
1e-06
1e-06
1e-06
1e-06
1e-06
2e-06
1e-06
2e-06
1e-06
1e-06
1e-06
1e-06
1e-06
1e-06
1e-06
1e-06
1e-06
0
1e-06
0
1e-06
2e-06
1e-06
1e-06
1e-06
1e-06
1e-06
1e-06
1e-06
1e-06
1e-06
1e-06
1e-06
1e-06
1e-06
1e-06
1e-06
0
1e-06
0
1e-06
1e-06
1e-06
1e-06
2e-06
1e-06
1e-06
1e-06
2e-06
1e-06
1e-06
1e-06
2e-06
3e-06
1e-06
1e-06
2e-06
1e-06
1e-06
1e-06
1e-06
1e-06
2e-06
1e-06
0.018639
0.0549
0.019282
0.019567
0.018971
0.018623
0.019313
0.018664
0.01883
0.018085
0.020243
0.019931
0.017849
0.015968
0.019338
0.02001
0.02009
0.022021
0.019851
2e-06
0.020966
0.019935
1e-06
2e-06
2e-06
2e-06
1e-06
1e-06
1e-06
1e-06
2e-06
1e-06
1e-06
1e-06
1e-06
2e-06
1e-06
1e-06
0.060792
1e-06
1e-06
0.020983
0.018994
0.019368
0.020474
1e-06
1e-06
1e-06
2e-06
1e-06
2e-06
1e-06
2e-06
3e-06
2e-06
1e-06
1e-06
1e-06
2e-06
2e-06
2e-06
2e-06
2e-06
1e-06
1e-06
2e-06
1e-06
2e-06
1e-06
2e-06
1e-06
1e-06
1e-06
2e-06
1e-06
1e-06
1e-06
1e-06
1e-06
1e-06
1e-06
2e-06
1e-06
1e-06
2e-06
1e-06
1e-06
1e-06
1e-06
1e-06
1e-06
2e-06
0.056098
0.055108
0.018209
0.01822
0.016201
0.01605
0.018581
0.022436
0.022393
0.022505
0.060817
1e-06
1e-06
1e-06
1e-06
1e-06
1e-06
1e-06
1e-06
1e-06
1e-06
1e-06
1e-06
1e-06
2e-06
1e-06
1e-06
1e-06
1e-06
1e-06
1e-06
1e-06
0.018112
0.017126
0.016754
0.0168
0.01695
0.052588
0.017046
0.015873
0.016187
0.015236
0.015291
0.015857
0.015441
0.053281
0.054491
0.01487
1e-06
1e-06
1e-06
3e-06
2e-06
1e-06
1e-06
2e-06
1e-06
1e-06
1e-06
2e-06
2e-06
1e-06
2e-06
0.01787
0.015651
0.011805
0.049934
0.050699
0.050741
0.013325
0.012081
0.012176
0.011989
0.01257
0.011909
0.047892
2e-06
1e-06
1e-06
1e-06
2e-06
1e-06
1e-06
1e-06
2e-06
1e-06
1e-06
0.050706
2e-06
2e-06
1e-06
1e-06
1e-06
0.050641
0.050633
0.012018
2e-06
0.013126
0.054063
0.053899
0.054516
0.051579
0.015168
0.053062
0.051016
0.052926
0.015645
0.014766
0.014378
0.015357
0.016305
0.051363
0.050523
0.014639
0.051902
0.053558
0.016423
0.016708
0.015823
0.051566
0.050591
0.0506
0.014133
0.0133
0.011787
0.012512
0.011568
0.011559
0.012425
0.012887
0.055727
0.013759
0.050218
0.017934
0.016732
0.017168
0.054584
0.012775
0.012947
0.015456
0.014434
0.013735
0.053384
0.01519
0.017196
0.015477
0.016491
0.02085
0.016245
0.01651
0.054465
0.014628
0.017007
0.016858
0.015436
0.015635
0.015391
0.015444
0.017164
0.016475
0.016284
0.052303
0.054529
0.015851
0.012948
0.013941
0.012909
0.052499
0.012157
0.012316
0.011825
0.013907
0.051014
0.050663
0.050691
0.013524
0.012631
0.014182
0.014076
0.014913
0.01486
0.016527
0.016311
0.016197
0.014586
0.01456
0.054594
0.014475
0.054154
0.052162
0.016054
0.048021
0.012439
0.012395
0.054018
0.016803
0.01416
0.054492