
0.008572
0.008302
0.0087
0.008001
0.013336
0.015426
0.009273
0.008623
0.007901
0.013204
0.008047
0.008429
0.008525
0.008021
0.011401
0.007624
0.007225
0.008197
0.007792
0.009544
0.007482
0.008565
0.007334
0.007662
0.00793
0.007812
0.009064
0.007448
0.009879
0.008849
0.015013
0.017657
0.007519
0.007559
0.006594
0.008866
0.00746
0.008758
0.006799
0.008489
0.007399
0.008373
0.007595
0.008988
0.008086
0.015645
0.009664
0.008175
0.007047
0.008839
0.008908
0.007788
0.006644
0.00841
0.007184
0.010267
0.008521
0.007068
0.008537
0.008157
0.008788
0.00832
0.008328
0.007431
0.006917
0.007457
0.006854
0.009744
0.015741
0.008131
0.012052
0.007591
0.006861
0.008385
0.016436
0.031031
0.066954
0.033259
0.031017
0.032377
0.039324
0.03269
0.028653
0.028133
0.036618
0.032167
0.034772
0.026524
0.025057
0.032357
0.028867
0.041296
0.030769
0.040406
0.007511
0.028998
0.036373
0.007938
0.008835
0.019548
0.010892
0.012164
0.008618
0.008918
0.00811
0.012661
0.013404
0.013461
0.014204
0.010779
0.014181
0.009988
0.017391
0.076662
0.008012
0.0107
0.03048
0.027892
0.039326
0.029004
0.019507
0.017117
0.019222
0.010166
0.007565
0.007437
0.008765
0.009156
0.009227
0.007991
0.006932
0.010493
0.017775
0.008671
0.015316
0.01052
0.016452
0.010052
0.023599
0.017449
0.00713
0.009189
0.01488
0.009731
0.008257
0.022623
0.027367
0.034923
0.007455
0.006297
0.007651
0.011662
0.018937
0.007951
0.022974
0.010821
0.033534
0.012286
0.022825
0.009868
0.040053
0.011561
0.011845
0.012774
0.02052
0.013687
0.010034
0.066177
0.062208
0.028648
0.024588
0.037545
0.023473
0.030748
0.030339
0.031351
0.043919
0.089074
0.011363
0.009002
0.008864
0.007356
0.00915
0.00764
0.020959
0.007133
0.006359
0.010983
0.011292
0.013369
0.016967
0.024024
0.00838
0.007476
0.012156
0.008023
0.011133
0.010013
0.015935
0.030711
0.027235
0.039452
0.029943
0.036989
0.067944
0.028301
0.023744
0.029715
0.021745
0.022632
0.026182
0.025436
0.071382
0.060979
0.029076
0.008571
0.016974
0.006772
0.018983
0.009416
0.013035
0.017802
0.006849
0.008159
0.014069
0.009828
0.034899
0.024901
0.010049
0.008774
0.02566
0.030717
0.018464
0.056867
0.057345
0.065683
0.023972
0.024144
0.021814
0.018919
0.019539
0.020799
0.061712
0.008796
0.013027
0.007357
0.008445
0.009479
0.006044
0.005593
0.013111
0.007934
0.010538
0.008651
0.058665
0.005627
0.019741
0.005506
0.006855
0.009134
0.057191
0.061592
0.024443
0.007887
0.02713
0.061735
0.059413
0.068289
0.062672
0.022164
0.06059
0.074348
0.062198
0.036536
0.03361
0.038438
0.023879
0.025265
0.064891
0.072954
0.028757
0.062746
0.072723
0.02704
0.030612
0.024601
0.060887
0.058303
0.06601
0.024973
0.019553
0.020832
0.017344
0.016627
0.02232
0.029963
0.037548
0.064423
0.021184
0.075886
0.025516
0.02706
0.03256
0.073715
0.020368
0.038146
0.039879
0.025492
0.029524
0.066421
0.030771
0.02783
0.030602
0.055587
0.03036
0.027573
0.032258
0.061322
0.038495
0.023449
0.026839
0.02738
0.022034
0.027521
0.032021
0.023216
0.023699
0.024459
0.076014
0.079182
0.023539
0.019146
0.030573
0.029901
0.071582
0.017902
0.027662
0.036787
0.02197
0.0572
0.072881
0.058912
0.021548
0.032565
0.02205
0.025839
0.034739
0.034415
0.028564
0.03371
0.029175
0.023522
0.034186
0.059791
0.036182
0.072031
0.071517
0.024112
0.06055
0.017101
0.033933
0.070706
0.025117
0.02611
0.069457