
1.51128e+09
0.009982
0.00966
0.010095
0.009309
0.014711
0.016734
0.010591
0.009934
0.009191
0.014575
0.009344
0.009706
0.009823
0.009313
0.012757
0.008971
0.008573
0.009949
0.009116
0.010766
0.008737
0.009792
0.008562
0.008889
0.009392
0.009007
0.010288
0.008668
0.011146
0.010128
0.016442
0.019091
0.008936
0.008867
0.0079
0.010163
0.008745
0.010042
0.008108
0.009769
0.008714
0.009669
0.008857
0.010283
0.009381
0.016951
0.010984
0.009504
0.008357
0.010124
0.011532
0.054492
0.046421
0.056078
0.043872
0.056084
0.043913
0.055994
0.043964
0.055793
0.044289
0.055896
0.044054
0.053954
0.046046
0.056115
0.043905
0.055905
0.044071
0.055871
0.044093
0.053591
0.046393
0.055873
0.166748
0.05549
0.128733
0.096193
0.054655
0.038255
0.063534
0.03859
0.067578
0.034257
0.057273
0.14939
0.090841
0.03166
0.085641
0.055189
0.034276
0.066415
0.036167
0.062811
0.033111
0.066903
0.041838
0.058637
0.03272
0.061923
0.038115
0.067921
0.032046
0.057748
0.178586
0.038267
0.031382
0.059198
0.198089
0.027134
0.11683
0.030861
0.079741
0.09946
0.086885
0.014965
0.043825
0.036176
0.095593
0.031791
0.030562
0.042049
0.059246
0.040805
0.059002
0.040911
0.060237
0.039759
0.05901
0.041054
0.05256
0.127508
0.032179
0.049613
0.03991
0.059858
0.040151
0.098174
0.027608
0.036771
0.037424
0.098578
0.01891
0.08071
0.012143
0.05039
0.039234
0.098922
0.011564
0.050941
0.038587
0.060184
0.039934
0.053082
0.243589
0.027337
0.055033
0.032797
0.072
0.028471
0.071405
0.028511
0.068689
0.031621
0.058989
0.176605
0.032995
0.088954
0.083401
0.033827
0.062685
0.042661
0.053282
0.118694
0.053266
0.054096
0.048583
0.115156
0.049693
0.029709
0.069168
0.030907
0.069063
0.03082
0.067315
0.032758
0.058299
0.041535
0.059195
0.040881
0.058644
0.041312
0.060289
0.040603
0.052358
0.180992
0.023411
0.04176
0.100078
0.082924
0.031446
0.059076
0.041065
0.058021
0.074885
0.135273
0.035079
0.050051
0.042137
0.058421
0.041573
0.057979
0.118744
0.07199
0.042668
0.058706
0.041045
0.098159
0.032283
0.019496
0.050058
0.058285
0.041782
0.052274
0.189441
0.060277
0.049305
0.028565
0.025971
0.096057
0.038083
0.034269
0.031519
0.107193
0.103856
0.18181
0.03369
0.043589
0.057219
0.04274
0.056629
0.043135
0.109172
0.012146
0.035342
0.043391
0.056728
0.043266
0.051816
0.144957
0.02377
0.049932
0.043112
0.095695
0.107937
0.008832
0.05237
0.042883
0.095926
0.011989
0.104016
0.169308
0.034776
0.050191
0.042703
0.072149
0.107331
0.07895
0.113319
0.025242
0.066048
0.202242
0.114563
0.087847
0.156881
0.050245
0.050235
0.041689
0.07683
0.08443
0.042254
0.07436
0.085044
0.041557
0.052627
0.162643
0.108929
0.108006
0.115956
0.035204
0.022663
0.053183
0.042373
0.052403
0.157988
0.039823
0.043369
0.113004
0.02438
0.087946
0.050302
0.04104
0.096517
0.083952
0.042922
0.052497
0.203161
0.035821
0.050965
0.072217
0.034057
0.168873
0.042503
0.062192
0.033706
0.201819
0.035284
0.066521
0.190597
0.17531
0.032455
0.187289
0.157066
0.032717
0.19214
0.028728
0.199899
0.027546
0.125745
0.08997
0.050083
0.041945
0.057021
0.042944
0.080623
0.020275
0.051296
0.168648
0.068544
0.104087
0.120289
0.067803
0.050501
0.043684
0.051718
0.166455
0.083898
0.044871
0.031131
0.036235
0.048698
0.042455
0.09671
0.069819
0.042609
0.082103
0.076393
0.167141
0.068748
0.050462
0.043464
0.081137
0.027154
0.087079