
0.001009
0.003391
0.005878
0.005843
0.005777
0.005608
0.005748
0.003366
0.005909
0.005732
0.005703
0.003378
0.005617
0.017304
0.054661
0.055153
0.01706
0.017966
0.016894
0.008102
0.050085
0.055008
0.016941
0.017535
0.016575
0.01648
0.016958
0.011478
0.01755
0.007411
0.018241
0.008656
0.008286
0.016475
0.057454
0.017789
0.054521
0.008693
0.045107
0.007736
0.008812
0.008496
0.009812
0.008554
0.002194
0.010179
0.009617
0.009353
0.047639
0.012047
0.047985
0.047718
0.010007
0.048207
0.010673
0.009673
0.002505
0.010501
0.015069
0.021184
0.020892
0.018157
0.008399
0.016929
0.016668
0.016021
0.012215
0.008127
0.017875
0.017649
0.020056
0.019754
0.018653
0.018684
0.016903
0.007978
0.008726
0.008286
0.009137
0.002193
0.008082
0.049488
0.047929
0.008565
0.007734
0.002469
0.007654
0.007545
0.007983
0.007611
0.043813
0.007495
0.008516
0.047683
0.009145
0.007911
0.002039
0.046327
0.009937
0.045551
0.00826
0.046463
0.042709
0.001796
0.006364
0.006961
0.006376
0.044454
0.006452
0.006514
0.001891
0.006892
0.006703
0.045707
0.045737
0.006658
0.045968
0.043746
0.001874
0.006805
0.006935
0.006935
0.0444
0.007099
0.047069
0.002008
0.008004
0.047864
0.046398
0.007768
0.007912
0.00738
0.007482
0.007626
0.008208
0.002281
0.044433
0.046037
0.046286
0.006749
0.007207
0.002052
0.006541
0.044476
0.008294
0.008345
0.046007
0.006888
0.002169
0.006915
0.007661
0.002024
0.008204
0.002481
0.008009
0.001881
0.002088
0.002099
0.00195
0.001898
0.002081
0.008022
0.04653
0.007639
0.007293
0.006686
0.006349
0.001851
0.044079
0.044371
0.044661
0.006168
0.006664
0.002039
0.046377
0.007537
0.007106
0.046318
0.006984
0.007232
0.001986
0.005973
0.006268
0.007676
0.044975
0.043884