
82
16
146
85
18
20
67
10
31
43
147
147
110
40
51
50
20
88
28
22
98
149
165
76
153
170
156
166
39
301
155
262
355
155
188
280
154
322
153
137
154
280
153
129
51
153
123
150
146
50
180
272
137
133
129
74
129
93
20
117
62
36
77
90
26
77
54
98
48
56
23
93
50
116
63
34
75
88
97
57
93
189
402
383
124
185
166
164
164
292
154
200
166
185
200
500
185
150
150
164
166
166
129
82
19
500
142
382
179
392
136
500
500
85
182
382
167
136
137
392
197
500
387
392
127
61
131
238
500
129
500
61
50
45
37
93
119
35
18
20
85
15
18
93
13
37
45
17
53
50
23
63
41
17
119
35
58
61
40
113
135
14
12
15
57
145
113
145
107
145
107
107
296
92
244
115
146
120
257
500
163
229
136
136
69
136
135
136
265
77
54
156
236
231
137
115
500
133
110
255
144
30
53
28
46
43
50
46
58
17
52
41
28
60
33
26
52
52
72
60
31
28
44
109
500
86
91
34
148
108
91
133
258
132
66
108
115
108
37
187
500
115
342
140
122
177
90
500
177
90
91
66
274
91
109
336
6
90
15
12
53
12
90
12
73
83
12
97
11
90
10
33
20
98
157
71
109
89
66
157
71
36
85
33
36
68
37
36
37
42
25
38
89
89
42
89
79
36
89
72
34
286
115
109
36
90
90
29
15
37
37
35
35
21
82
160
18
72
25
37
33
92
55
284
92
78
78
164
78
212
23
38
15
64
26
28
15
72
34
82
267
40
62
121
66
276
225
93
121
42
31
17
11
18
27
39
24
79
27
48
80
80
31
109
25
33
19
13
22
52
18
72
21
42
23
45
72
19
23
74
24
34
13
94
13
67
28
31
11
29
11
22
82
11
65
15
36
26
66
19
12
76
44
60
60
231
41
37
41
34
15
18
35
57
34
30
25
112
14
59
117
15
36
95
113
16
117
36
23
75
32
128
96
68
15
37
54
46
105
41
25
68
75
87
30
43
29
132
97
92
72
86
51
48
27
87
104
132
25
38
23
27
134
98
106
58
110
48
50
27
99
48
97
22
25
104
99
99
61
112
46
55
25
47
21
24
105
99
99
63
113
45
56
24
24
63
38
22
107
21
100
64
113
43
64
22
42
88
18
110
19
101
66
115
40
65
20
67
94
35
17
111
17
101
68
116
39
117
20
39
17
52
10
107
9
119
63
111
31
112
12
17
17
111
32
65
27
23
115
115
242
140
31
121
119
17
61
15
20
14
123
126
124
23
43
30
22
23
16
23
21
14
144
21
71
71
12
14
254
14
148
10
16
73
40
150
149
72
123
104
14
104
14
17
123
16
122
40
14
167
73
50
128
60
69
154
5
248
124
263
5
5
481
5
278
3
278
333