
173
46
146
152
146
149
153
103
227
252
165
76
153
170
156
166
151
301
155
262
164
129
125
117
261
271
149
146
141
263
179
238
125
189
258
272
147
144
139
143
199
8
192
196
274
292
154
89
152
156
179
263
77
161
126
157
500
155
500
157
500
500
81
492
119
163
121
47
125
227
500
211
163
113
135
64
115
45
123
145
500
306
138
267
128
289
155
21
138
156
227
102
488
147
66
133
111
58
126
159
109
500
86
91
128
148
108
91
133
258
100
287
61
88
329
88
500
88
184
194
141
234
139
86
68
109
86
109
152
94
56
85
92
92
271
97
62
82
160
82
206
121
72
177
263
92
49
72
71
82
211
91
79
107
261
104
59
79
236
227
205
101
74
101
258
109
53
72
230
221
85
96
230
96
67
204
96
65
223
215
230
61
237
109
60
63
83
57
109
210
75
56
500
294
68
62
83
54
116
105
100
53
500
295
213
72
86
51
112
119
73
51
500
296
225
125
223
48
114
119
74
50
215
298
489
127
224
46
120
117
74
49
216
298
489
129
226
45
120
115
83
47
218
123
489
131
225
43
133
113
88
44
221
121
489
133
227
40
132
110
100
43
222
119
488
134
228
39
250
110
111
36
224
111
500
137
230
31
252
102
148
23
30
253
245
202
248
23
83
109
160
12
45
254
41
325
363
16
116
243
167
73
50
128
60
69
154
5
248
124