
0.041195
0.00445
0.004125
0.004793
0.004091
0.008444
0.003902
0.004561
0.005311
0.004561
0.004148
0.008319
0.004071
0.004452
0.004411
0.004304
0.006899
0.004301
0.003875
0.004263
0.004043
0.005489
0.004216
0.004577
0.004355
0.003995
0.003881
0.003893
0.00484
0.004437
0.005266
0.004672
0.008714
0.005063
0.004583
0.003939
0.003905
0.003848
0.004616
0.003792
0.00464
0.003826
0.004532
0.003908
0.004514
0.003936
0.004856
0.004456
0.004166
0.004589
0.00532
0.004435
0.003452
0.004806
0.005016
0.003856
0.003828
0.004337
0.003866
0.005499
0.004577
0.003325
0.004407
0.004356
0.004498
0.004471
0.004574
0.003807
0.003347
0.003874
0.003325
0.005013
0.004332
0.004493
0.004044
0.007008
0.00347
0.003947
0.00455
0.004959
0.004843
0.038389
0.003194
0.001536
0.003688
0.003199
0.001296
0.001649
0.002542
0.001502
0.001838
0.002078
0.003815
0.003822
0.003709
0.003862
0.004531
0.003343
0.004085
0.002086
0.005204
0.002437
0.004616
0.003794
0.002356
0.001274
0.004549
0.003115
0.003826
0.001485
0.003055
0.001736
0.008138
0.003324
0.003677
0.003759
0.043071
0.001737
0.00883
0.004404
0.004864
0.007479
0.004329
0.008501
0.004136
0.004263
0.004376
0.007446
0.003932
0.003806
0.003173
0.003839
0.001954
0.003745
0.004281
0.004276
0.004485
0.001978
0.005755
0.007298
0.004367
0.004365
0.003856
0.043214
0.002924
0.003158
0.001673
0.003497
0.002569
0.001678
0.003784
0.003063
0.001807
0.004031
0.002962
0.005107
0.002505
0.004567
0.003443
0.005205
0.003383
0.044854
0.002644
0.00175
0.003211
0.003253
0.003466
0.002519
0.001715
0.002863
0.003534
0.00312
0.003029
0.003298
0.005001
0.003337
0.041041
0.005136
0.011098
0.00955
0.0039
0.005255
0.004673
0.004704
0.004524
0.007645
0.004355
0.00515
0.0063
0.005065
0.005332
0.0121
0.005974
0.003854
0.003966
0.004591
0.004711
0.004677
0.003912
0.003259
0.004603
0.001444
0.052463
0.010754
0.004842
0.009381
0.006775
0.009716
0.005793
0.016857
0.01077
0.003517
0.004773
0.009401
0.005212
0.004307
0.005038
0.00964
0.005812
0.011739
0.01039
0.013776
0.003714
0.00266
0.003836
0.006594
0.011761
0.003871
0.011716
0.002837
0.056369
0.003142
0.002918
0.003572
0.00309
0.003347
0.002706
0.001642
0.001794
0.002971
0.001601
0.004774
0.001772
0.011687
0.003699
0.003185
0.001927
0.004443
0.002889
0.012092
0.003144
0.003294
0.001798
0.006069
0.012101
0.003417
0.004059
0.004189
0.001922
0.003963
0.002565
0.004767
0.002913
0.003356
0.003281
0.001932
0.003185
0.00448
0.003772
0.041852
0.003462
0.003306
0.002817
0.004543
0.001569
0.001429
0.001579
0.002429
0.002974
0.003172
0.004997
0.003167
0.005918
0.003044
0.003099
0.010937
0.003301
0.006697
0.050182
0.003578
0.004383
0.005309
0.007271
0.011934
0.004863
0.006459
0.004229
0.004248
0.003416
0.004214
0.003596
0.004275
0.007247
0.003395
0.002542
0.006507
0.006534
0.008869
0.00395
0.003613
0.016807
0.004189
0.003541
0.007091
0.004282
0.041456
0.002116
0.003073
0.001811
0.003185
0.002861
0.003099
0.00283
0.001368
0.002995
0.004201
0.002096
0.003312
0.001909
0.006954
0.003269
0.005392
0.002021
0.003847
0.001783
0.004273
0.004451
0.002438
0.002988
0.004237
0.003686
0.003412
0.003316
0.002576
0.00188
0.006979
0.002153
0.004109
0.002115
0.045766
0.001815
0.004
0.002857
0.003681
0.003142
0.003629
0.003925
0.001798
0.005223
0.011913
0.003319
0.008703
0.004246
0.003839
0.005473
0.003166
0.011677
0.004933
0.003154
0.003295
0.002603
0.007403
0.003285
0.004196
0.008423
0.047999
0.001266
0.00376
0.001551
0.001859
0.001877
0.001561
0.00378
0.001623
0.003712
0.003714
0.003693
0.001561
0.011664
0.004574
0.004217
0.001715
0.00808
0.002619
0.003732
0.001511
0.003535
0.002194
0.003237
0.001279
0.003774
0.004781
0.003031
0.003163
0.003107
0.002813
0.004766
0.002927
0.034277
0.002858
0.003855
0.002632
0.002704
0.002771
0.002688
0.002637
0.002837
0.001473
0.003293
0.002839
0.003247
0.002999
0.003263
0.001846
0.003216
0.003001
0.003027
0.001739
0.003285
0.002944
0.003223
0.001583
0.007787
0.003581
0.004065
0.00314
0.002786
0.002685
0.002786
0.030005
0.002091
0.001715
0.002883
0.002672
0.001967
0.001931
0.001707
0.002463
0.001332
0.004596
0.003575
0.002364
0.001499
0.003586
0.002716
0.002715
0.002166
0.003766
0.002454
0.007626
0.003661
0.00251
0.003058
0.00527
0.002932
0.006204
0.032963
0.001924
0.003375
0.001311
0.003324
0.001774
0.001795
0.001828
0.002758
0.001571
0.007579
0.002659
0.001719
0.006482
0.002248
0.004424
0.002583
0.00878
0.006361
0.00346
0.004405
0.011978
0.002019
0.039164
0.002177
0.001658
0.001094
0.001641
0.001865
0.002029
0.001875
0.002858
0.001844
0.002371
0.002512
0.002983
0.002364
0.006153
0.00302
0.001927
0.007713
0.004303
0.039068
0.002075
0.002754
0.001672
0.001545
0.001681
0.003039
0.001624
0.002393
0.001861
0.002055
0.006356
0.003975
0.0018
0.002958
0.00227
0.002443
0.003237
0.001665
0.00624
0.001904
0.002472
0.007713
0.002537
0.001727
0.006706
0.001997
0.004133
0.001648
0.00841
0.004023
0.004052
0.001671
0.005436
0.00336
0.00276
0.001865
0.038941
0.002794
0.001533
0.00186
0.001418
0.00175
0.003558
0.001849
0.002149
0.001629
0.001977
0.0031
0.00189
0.002188
0.002172
0.007288
0.001839
0.004107
0.002042
0.002887
0.002613
0.002315
0.00215
0.002228
0.006451
0.033127
0.003113
0.002085
0.002728
0.002784
0.001632
0.00157
0.00286
0.002068
0.00267
0.002051
0.009193
0.001986
0.011759
0.004502
0.002933
0.001688
0.002018
0.00222
0.011908
0.004704
0.002979
0.00161
0.003175
0.003391
0.005523
0.003965
0.008242
0.004331
0.002655
0.001623
0.011863
0.004543
0.003223
0.007652
0.002932
0.001799
0.037931
0.002038
0.00461
0.003283
0.002644
0.002651
0.00192
0.002991
0.004093
0.002886
0.007783
0.002037
0.004326
0.003703
0.006307
0.003987
0.003928
0.001951
0.043684
0.003186
0.001955
0.004578
0.003285
0.004071
0.001915
0.003067
0.001826
0.006318
0.003233
0.006441
0.011169
0.004176
0.004585
0.003198
0.001924
0.004139
0.002757
0.045173
0.002125
0.001888
0.004621
0.003299
0.004236
0.003134
0.004213
0.001968
0.003152
0.001874
0.006196
0.00406
0.001891
0.001898
0.011971
0.003408
0.045264
0.002125
0.001811
0.004302
0.003832
0.003275
0.003349
0.004226
0.001871
0.003249
0.00179
0.001809
0.001831
0.046537
0.001963
0.001725
0.00411
0.003327
0.003344
0.003374
0.004234
0.001838
0.003082
0.001853
0.004075
0.00147
0.004578
0.00335
0.04187
0.002948
0.001719
0.00435
0.001524
0.003358
0.003492
0.004186
0.001802
0.003449
0.001953
0.001674
0.001769
0.04184
0.00171
0.004157
0.001396
0.003282
0.003312
0.004367
0.001798
0.003217
0.001793
0.004616
0.003447
0.007031
0.00356
0.044297
0.002299
0.001672
0.004249
0.001267
0.003315
0.003405
0.006698
0.001729
0.004391
0.001768
0.001561
0.001771
0.002512
0.001709
0.045498
0.003322
0.001501
0.004057
0.001188
0.004339
0.00337
0.005376
0.001559
0.004294
0.001546
0.002897
0.001658
0.002912
0.006553
0.0017
0.004276
0.001627
0.00887
0.001718
0.003449
0.002852
0.001603
0.0018
0.001359
0.006728
0.004362
0.006703
0.004482
0.006829
0.004313
0.001539
0.001519
0.005287
0.004512
0.007121
0.003596
0.00441
0.001615
0.036149
0.003547
0.001284
0.001331
0.001607
0.004323
0.004444
0.004481
0.001461
0.002997
0.00246
0.002861
0.001806
0.001778
0.001462
0.009082
0.001576
0.001284
0.00149
0.002879
0.001738
0.00283
0.001641
0.00838
0.005018
0.003208
0.001758
0.003611
0.003656
0.040422
0.00368
0.001529
0.001525
0.004872
0.001579
0.001346
0.003446
0.002771
0.008445
0.005281
0.007971
0.005274
0.004492
0.003368
0.007076
0.004616
0.004075
0.004162
0.002617
0.002929
0.004178
0.002597
0.004681
0.001617
0.001307
0.001237
0.00681
0.001346
0.004489
0.001546
0.007217
0.004607
0.008261
0.002811
0.003079
0.001595
0.031098
0.0011
0.007402
0.001181
0.001145
0.001104
0.011369
0.001334
0.001098
0.007965
0.001287
0.003581
0.001088
0.006919
0.00858