
0.011337
0.005552
0.004226
0.009133
0.004034
0.003601
0.003979
0.003775
0.003414
0.006334
0.004558
0.007688
0.006235
0.008442
0.004414
0.004594
0.005857
0.005132
0.005688
0.006408
0.004806
0.005178
0.011447
0.004768
0.009437
0.00498
0.005185
0.009081
0.005045
0.007936
0.012209
0.008518
0.007083
0.004582
0.004676
0.010382
0.005316
0.010268
0.004502
0.008241
0.005378
0.004394
0.005219
0.010818
0.00826
0.005445
0.006347
0.004607
0.005359
0.003557
0.005434
0.007882
0.007237
0.012917
0.009768
0.015213
0.008987
0.004544
0.008274
0.010099
0.013478
0.010673
0.016821
0.015543
0.010353
0.023868
0.005593
0.013904
0.005427
0.011401
0.015008
0.005514
0.02416
0.006951
0.00556
0.00475
0.018402
0.014073
0.007818
0.007243
0.006642
0.008697
0.007984
0.006782
0.00706
0.010059
0.005792
0.009743
0.005449
0.005647
0.005625
0.008288
0.007036
0.007762
0.017301
0.01324
0.004749
0.006726
0.00497
0.004869
0.00528
0.009367
0.029463
0.004459
0.005089
0.007399
0.006967
0.006961
0.004977
0.009375
0.009534
0.010964
0.006396
0.03457
0.009773
0.003897
0.006719
0.008058
0.008705
0.006333
0.014101
0.014307
0.008915
0.009708
0.006954
0.008651
0.005071
0.011168
0.004783
0.004915
0.004805
0.010351
0.006582
0.003706
0.004906
0.00431
0.004019
0.00476
0.003618
0.005594
0.00453
0.008935
0.009058
0.023356
0.021657
0.003925
0.015308
0.010759
0.009129
0.0364
0.003457
0.008694
0.00749
0.006267
0.010015
0.006805
0.009663
0.011836
0.003664
0.003896
0.02048
0.005719
0.01018
0.03831
0.007472
0.013326
0.01232
0.024734
0.006411
0.004658
0.005124
0.00881
0.00945
0.009787
0.003517
0.004999
0.025956
0.016773
0.006952
0.00978
0.004593
0.008844
0.005091
0.008332
0.009788
0.009083
0.017862
0.00767
0.003348
0.010371
0.010857
0.012011
0.006458
0.009597
0.008845
0.009294
0.003149
0.007115
0.005813
0.009273
0.014076
0.020313
0.009644
0.02476
0.005196
0.00371
0.008749
0.010912
0.009321
0.002555
0.007766
0.010677
0.00524
0.016625
0.007261
0.04359
0.0119
0.002404
0.009694
0.023567
0.014674
0.0086
0.007874
0.008622
0.006578
0.004382
0.0089
0.00253
0.004666
0.006583
0.023604
0.002445
0.009795
0.005116
0.009041
0.005225
0.007869
0.009459
0.006322
0.008255
0.022573