
0.000983
0.001101
0.000919
0.00118
0.001105
0.001
0.001111
0.00096
0.000788
0.000801
0.000928
0.001024
0.001179
0.000957
0.000811
0.001001
0.001049
0.000995
0.000962
0.001219
0.000979
0.000976
0.000961
0.001095
0.000924
0.001144
0.001045
0.001016
0.001216
0.000935
0.001038
0.000873
0.001241
0.001019
0.000987
0.001002
0.000943
0.00116
0.00094
0.000926
0.001295
0.000912
0.000849
0.000851
0.000955
0.001087
0.001057
0.000995
0.000918
0.000866
0.001169
0.001034
0.001452
0.002159
0.001587
0.001946
0.002142
0.001239
0.001124
0.001559
0.001925
0.001403
0.001806
0.001732
0.001521
0.001677
0.001044
0.001276
0.001147
0.002131
0.002062
0.001102
0.001565
0.001559
0.00097
0.001254
0.001415
0.001876
0.001236
0.001786
0.00098
0.001227
0.001256
0.001059
0.001558
0.001113
0.001075
0.001357
0.001075
0.00106
0.001134
0.001624
0.001407
0.001011
0.001087
0.001421
0.001051
0.001368
0.000958
0.001063
0.001155
0.001168
0.002444
0.000911
0.001091
0.000972
0.001114
0.001273
0.000948
0.001691
0.00176
0.00146
0.00128
0.00307
0.001158
0.000952
0.001465
0.001011
0.000945
0.001474
0.001404
0.002182
0.001096
0.002292
0.001558
0.001391
0.001025
0.002026
0.000962
0.000957
0.001061
0.001986
0.001015
0.000985
0.001115
0.001201
0.001038
0.001247
0.000925
0.000933
0.001129
0.001046
0.000966
0.003266
0.002488
0.000986
0.002492
0.002251
0.001447
0.00321
0.000888
0.000909
0.000949
0.00086
0.001005
0.001051
0.002015
0.002024
0.001088
0.000945
0.002138
0.001547
0.002688
0.002623
0.000902
0.00203
0.002476
0.001919
0.001433
0.001076
0.000911
0.001058
0.000887
0.001068
0.000933
0.00114
0.002647
0.002025
0.000915
0.002456
0.001503
0.000984
0.001026
0.001085
0.001085
0.000931
0.001176
0.000883
0.000943
0.001037
0.000939
0.001242
0.000902
0.001411
0.001264
0.000915
0.000841
0.000959
0.001251
0.001478
0.001497
0.00231
0.001245
0.003276
0.001513
0.001341
0.001187
0.001281
0.000887
0.000961
0.001507
0.001
0.001704
0.001668
0.001527
0.003814
0.001077
0.000874
0.001419
0.00239
0.005301
0.001058
0.00082
0.001347
0.000883
0.000824
0.000883
0.001186
0.000998
0.001002
0.001559
0.001062
0.000958
0.000978
0.001034
0.000951
0.000995
0.003219
0.002241
0.001565
0.003367