
0.093498
0.0677746
0.101578
0.104812
0.0980977
0.0165879
0.00847993
0.030221
0.0103665
0.0217594
0.0151688
0.0151688
0.0278179
0.0175491
0.0392039
0.0402241
0.0820728
0.0782488
0.101154
0.110595
0.101464
0.132732
0.12299
0.154601
0.133964
0.0550841
0.0334274
0.0334274
0.0557208
0.0228346
0.0339043
0.0339043
0.0329887
0.000493118
0.0106503
0.000873354
0.0104884
0.0119697
0.0210902
0.00994926
0.0317418
0.00217036
0.0199892
0.0417094
0.0327457
0.00937072
0.0072353
0.0100278
0.0191053
0.0129142
0.0129142
0.0129142
0.0114452
0.00621613
0.00664419
0.0298631
0.0275049
0.0188718
0.026061
0.0245248
0.0428241
0.0514217
0.0367808
0.0341361
0.0400492
0.0248993
0.0214227
0.0214227
0.00580303
0.00580303
0.0264886
0.0143312
0.0350306
0.0438252
0.0492217
0.0217806
0.0293915
0.029356
0.0223069
0.0391244
0.018763
0.043013
0.00948893
0.00751847
0.0186291
0.0233589
0.0164715
0.0249244
0.0249244
0.02087
0.0148646
0.0209653
0.0284492
0.0284492
0.0366482
0.0262328
0.0307057
0.0137863
0.0182257
0.0144027
0.0272964
0.0524365
0.0594118
0.0250574
0.0268498
0.0417301
0.017358
0.0470222
0.0396368
0.0521052
0.0450244
0.099016
0.036267
0.0567272
0.0444291
0.0403233
0.072502
0.0446834
0.0446834
0.0525536
0.041315
0.0485456
0.0485456
0.00558651
0.0236709
0.0391136
0.014765