
3e-06
1e-06
1e-06
1e-06
1e-06
1e-06
1e-06
1e-06
2e-06
1e-06
1e-06
1e-06
1e-06
1e-06
1e-06
1e-06
2e-06
1e-06
1e-06
3e-06
1e-06
1e-06
1e-06
1e-06
1e-06
1e-06
1e-06
1e-06
1e-06
1e-06
1e-06
1e-06
2e-06
1e-06
1e-06
1e-06
1e-06
1e-06
1e-06
1e-06
1e-06
1e-06
0
1e-06
1e-06
1e-06
1e-06
1e-06
1e-06
1e-06
1e-06
1e-06
2e-06
4e-06
3e-06
3e-06
5e-06
1e-06
1e-06
4e-06
3e-06
2e-06
3e-06
2e-06
3e-06
3e-06
2e-06
2e-06
1e-06
4e-06
3e-06
1e-06
2e-06
2e-06
1e-06
0.031605
0.031017
0.080255
0.033289
0.081824
0.034388
0.026722
0.026923
0.03382
0.073149
0.026891
0.030392
0.0268
0.02859
0.028654
0.026189
0.070143
2e-06
2e-06
2e-06
1e-06
1e-06
1e-06
1e-06
1e-06
1e-06
0.050105
0.062876
3e-06
1e-06
2e-06
2e-06
2e-06
2e-06
4e-06
3e-06
2e-06
2e-06
4e-06
1e-06
2e-06
3e-06
2e-06
2e-06
0.039356
0.055464
0.066394
0.017484
0.064504
0.060289
0.051946
0.022093
0.070016
0.016217
0.014305
0.015967
0.056094
0.012221
0.012865
0.012968
0.022106
0.013764
0.012601
0.011385
0.011531
0.013808
0.011959
0.01116
0.06815
0.05814
0.013712
3e-06
0.061763
0.018427
0.06295
0.012003
0.011936
0.012399
0.013372
0.013024
0.014085
0.030687
0.06274
1e-06
0.013697
5e-06
0.055656
0.073494
0.062189
0.013478
0.063318
0.070892
0.088745
0.024337
0.014354
0.014958
0.012752
0.013188
0.013335
0.013269
0.013475
0.082855
0.076317
0.016381
0.063262
0.052494
0.012816
0.01329
0.013619
0.017613
0.016123
0.016284
0.016162
0.01742
0.019771
0.017366
0.017554
0.017245
0.037477
0.012938
0.014523
0.01364
0.013811
0.015936
0.055372
0.072729
0.069156
0.022459
0.062122
0.057752
0.071609
2e-06
2e-06
2e-06
1e-06
0.066499
2e-06
4e-06
3e-06
0.069699
0.078254
4e-06
1e-06
8e-06
1.4e-05
0.075128
0.021463
0.015629
0.054908
0.018906
0.016656
0.01608
0.017258
0.01787
0.016009
0.067479
0.018925
0.014102
0.014904
0.013385
0.013871
0.014271
0.063557
0.076816
0.075262
0.077093