
0.014673
0.007616
0.006504
0.014359
0.006054
0.005646
0.005989
0.005826
0.005032
0.0087
0.006761
0.010951
0.008916
0.011761
0.005946
0.006548
0.00831
0.007083
0.007644
0.009685
0.007173
0.007622
0.016209
0.007095
0.01279
0.00735
0.00693
0.011986
0.007325
0.010959
0.016771
0.010666
0.00977
0.0061
0.007032
0.013566
0.007767
0.012762
0.006626
0.012753
0.007256
0.0065
0.007504
0.014046
0.01145
0.007032
0.009245
0.006941
0.006964
0.005638
0.006985
0.012132
0.010925
0.019372
0.015518
0.025153
0.011985
0.007247
0.012714
0.014462
0.018551
0.018825
0.025656
0.025933
0.016029
0.032858
0.008611
0.018641
0.008262
0.016038
0.021945
0.00882
0.035551
0.01015
0.007996
0.043167
0.103645
0.103836
0.050047
0.098903
0.047767
0.043147
0.042396
0.047411
0.092324
0.045174
0.042034
0.044459
0.039035
0.041061
0.036942
0.08876
0.010964
0.011525
0.066056
0.02504
0.007863
0.010346
0.00846
0.008273
0.008023
0.070996
0.104387
0.010064
0.010994
0.014482
0.014744
0.014576
0.010933
0.026381
0.018537
0.021501
0.013097
0.055688
0.017828
0.009357
0.013148
0.018144
0.016351
0.050528
0.080046
0.100155
0.037136
0.091135
0.075345
0.0633
0.032339
0.094266
0.026531
0.024346
0.025212
0.077715
0.021452
0.020983
0.022775
0.032005
0.023259
0.022583
0.019943
0.019542
0.023273
0.027016
0.026489
0.108117
0.097618
0.022788
0.030142
0.083818
0.04162
0.119273
0.020595
0.026457
0.027374
0.02244
0.031973
0.030061
0.048379
0.084714
0.008706
0.022113
0.038822
0.070855
0.096426
0.127958
0.026915
0.094586
0.096811
0.128865
0.037142
0.023927
0.025566
0.029252
0.028936
0.031494
0.021025
0.02413
0.125127
0.109423
0.029991
0.086858
0.06254
0.029875
0.022878
0.030306
0.03538
0.033331
0.049775
0.031867
0.022762
0.039407
0.036223
0.039225
0.026114
0.056767
0.031086
0.032303
0.020399
0.025512
0.028529
0.067781
0.091965
0.101867
0.038118
0.093745
0.06755
0.07938
0.011125
0.014932
0.016384
0.005353
0.080624
0.014503
0.011324
0.022128
0.081106
0.13432
0.023103
0.005374
0.014156
0.033564
0.099783
0.032894
0.027922
0.066522
0.028035
0.024886
0.031945
0.02203
0.02632
0.027147
0.114953
0.02375
0.032734
0.026391
0.028527
0.02465
0.032568
0.076813
0.090281
0.086253
0.109685