
1.5163e+09
0.01623
0.009168
0.008193
0.015699
0.007367
0.006982
0.00721
0.006887
0.006104
0.009819
0.007859
0.012353
0.010122
0.013114
0.007313
0.007927
0.00963
0.00841
0.009101
0.011462
0.008479
0.00888
0.017402
0.008286
0.014137
0.008638
0.008213
0.01331
0.008546
0.012207
0.018017
0.011921
0.011109
0.00746
0.00844
0.015045
0.009287
0.014251
0.008067
0.014225
0.008595
0.007797
0.008785
0.015439
0.01287
0.008448
0.011264
0.00835
0.008383
0.007378
0.009809
0.053276
0.061387
0.052547
0.049835
0.064012
0.033289
0.041198
0.053998
0.057657
0.04741
0.05583
0.05048
0.051406
0.047042
0.048669
0.043823
0.04633
0.060042
0.052689
0.040019
0.057462
0.058303
0.03208
0.43259
0.07929
0.148069
0.127325
0.393846
0.145131
0.076368
0.071796
0.077938
0.06779
0.415164
0.08164
0.110204
0.079123
0.073849
0.060573
0.302116
0.128456
0.048874
0.045294
0.112039
0.064457
0.014255
0.063162
0.049541
0.034661
0.096539
0.089609
0.254939
0.035788
0.044773
0.087753
0.037999
0.044807
0.072183
0.107768
0.050111
0.028488
0.110384
0.205963
0.03125
0.07589
0.028485
0.164398
0.074344
0.062933
0.138435
0.131624
0.087272
0.106178
0.21158
0.081752
0.085678
0.116281
0.042917
0.051655
0.043178
0.229911
0.032328
0.051133
0.072335
0.043609
0.034045
0.049145
0.049893
0.065134
0.034846
0.049816
0.089989
0.28451
0.112509
0.109662
0.093436
0.110666
0.097417
0.242993
0.031438
0.050094
0.050634
0.049626
0.050662
0.091705
0.103681
0.231546
0.019951
0.089955
0.099875
0.139428
0.159805
0.268291
0.078479
0.15728
0.165992
0.155304
0.0433
0.039842
0.175504
0.039691
0.049978
0.050021
0.050161
0.098673
0.189314
0.120639
0.186101
0.279313
0.206028
0.039962
0.045213
0.050947
0.200846
0.036293
0.061118
0.039012
0.060363
0.051019
0.039225
0.057999
0.092415
0.06692
0.050309
0.049972
0.04515
0.050414
0.213769
0.12686
0.149146
0.122374
0.086817
0.152972
0.125494
0.084905
0.050593
0.183976
0.018593
0.102806
0.090702
0.092988
0.066021
0.079641
0.139079
0.262053
0.031927
0.055779
0.063949
0.09438
0.118725
0.043214
0.050178
0.082723
0.174543
0.035524
0.050669
0.051251
0.0484
0.092276
0.128819
0.046734
0.050436
0.049582
0.045073
0.050088
0.169594
0.147218
0.152804
0.141982