
0.001088
0.001349
0.009155
0.013377
0.013188
0.022754
0.012344
0.004279
0.006492
0.013384
0.012575
0.017208
0.016127
0.016837
0.016273
0.008928
0.009012
0.007039
0.013418
0.016134
0.009595
0.015468
0.014541
0.007494
0.016818
0.028041
0.034247
0.013978
0.012683
0.033136
0.021071
0.021027
0.027943
0.012778
0.026726
0.029106
0.060697
0.027092
0.027062
0.012395
0.053652
0.031151
0.030578
0.026019
0.036562
0.029913
0.029725
0.029367
0.014159
0.058975
0.01231
0.005497
0.019032
0.013199
0.051155
0.015352
0.021065
0.053868
0.060937
0.019248
0.058123
0.004486
0.0087
0.025539
0.009521
0.002465
0.052608
0.007663
0.051659
0.01519
0.045464
0.003991
0.003289
0.011692
0.048132
0.01178
0.007695
0.00872
0.002462
0.004126
0.006927
0.007556
0.022123
0.007252
0.006569
0.006856
0.006767
0.012641
0.006735
0.006566
0.046123
0.004906
0.008738
0.062714
0.051415
0.017735
0.04982
0.003229
0.007032
0.006923
0.007402
0.007162
0.007673
0.048892
0.048171
0.004142
0.007296
0.046725
0.051915
0.058848
0.05285
0.003931
0.047493
0.054282
0.058009
0.015775
0.002093
0.002472
0.006465
0.007041
0.006769
0.006926
0.006938
0.054708
0.054025
0.003358
0.005113
0.002636
0.006791
0.002025
0.00249
0.007835
0.008005
0.009551
0.008182
0.008251
0.049939
0.007007
0.007078
0.00712
0.002112
0.002331
0.048119
0.054724
0.052199
0.013997
0.045553
0.05224
0.05294
0.002131
0.002427
0.005227
0.051406
0.006946
0.049103
0.048757
0.052219
0.05141
0.002122
0.006177
0.010783
0.022168
0.055176
0.013612
0.007336
0.008174
0.011411
0.007496
0.007731
0.008071
0.009244
0.007911
0.049459
0.00988
0.007077
0.007339
0.007017
0.002134
0.002145
0.044214
0.061244
0.056305
0.051179
0.013249