
49
47
42
66
95
49
9
47
47
146
149
91
12
52
52
54
53
54
62
500
54
186
53
54
83
17
54
53
54
54
70
60
59
60
59
9
63
59
59
60
77
60
19
80
19
61
19
242
50
144
239
198
54
245
500
308
96
93
139
177
137
500
139
83
97
171
98
94
97
70
67
80
59
95
157
63
70
84
72
70
31
65
65
65
41
52
52
65
122
20
70
41
95
65
16
44
59
60
82
41
66
21
59
118
93
118
25
25
59
28
52
34
51
82
43
59
34
52
110
82
20
62
22
56
56
114
56
134
49
17
50
56
49
56
18
49
107
134
44
18
52
19
18
22
28
42
32
29
50
52
14
32
43
101
98
15
44
100
101
42
101
95
45
50
17
55
39
37
50
69
34
35
59
50
36
36
46
38
22
40
94
41
93
36
30
39
99
44
34
88
35
31
35
87
39
81
97
100
87
30
31
31
104
22
32
104
23
27
80
27
23
22
26
17
57
81
81
58
30
9
27
27
62
20
20
74
20
23
27
30
22
75
25
29
35
25
35
42
42
42
34
12
14
66
14
17
42
73
42
16
25
17
34
25
46
45
30
28
74
55
15
77
65
49
17
165
23
20
27
36
56
69
17
63
17
35
86
29
16
26
37
57
33
37
26
37
36
89
89
31
120
35
7
45
37
49
36
121
16
49
95
87
49
49
121
109
52
83
84
78
84
126
20
51
29
17
50
18
12
41
39
117
38
148
58
116
39
96
224
217
106
217
110
8
8
155
8
41
117
220
32
40
32
108
109
40
43
35
42
47
50
32
33
47
258
33
47
101
44
85
25
16
25
89
47
57
51
57
128
47
21
57
25
57
21
50
236
140
24
108
174
16
13
16
98
67
13
91
126
135
13
16
36
18
14
14
57
100
17
137
55
14
43
140
15
15
65
137