
224
500
190
112
504
228
152
484
226
146
229
500
269
108
500
234
186
492
334
103
234
500
273
233
91
105
238
496
338
97
242
142
144
239
198
96
245
500
308
96
80
95
157
128
500
84
384
500
173
85
122
188
118
125
257
182
371
142
79
118
130
111
86
116
261
190
371
86
72
110
134
108
76
114
288
194
363
79
69
107
73
63
88
119
287
199
106
90
63
101
164
58
232
147
80
95
59
198
56
56
113
52
230
277
86
90
88
61
51
92
357
45
223
284
43
82
80
53
43
45
33
258
219
334
48
74
74
46
84
132
204
270
230
104
41
68
66
40
73
144
280
264
74
133
66
77
65
49
76
165
63
264
74
136
69
74
63
46
84
194
60
263
74
138
88
97
61
253
87
197
50
279
77
227
104
275
51
284
95
274
39
117
38
148
58
116
39
96
224
217
32
47
32
227
109
47
101
151
44
100
25
31
25
417
114
214
108
57
262
51
16
45
16
426
150
133
182
243
271
256
15
67
15
214
442
62
65
92
125
130