
0.036739
0.009271
0.003878
0.002913
0.002856
0.00401
0.002612
0.002341
0.002612
0.002493
0.002367
0.004917
0.003159
0.005748
0.004393
0.006525
0.003138
0.00322
0.004237
0.003574
0.004156
0.004295
0.003308
0.003652
0.003513
0.005612
0.003182
0.007471
0.003326
0.00359
0.007254
0.00328
0.006214
0.006362
0.003367
0.00682
0.005175
0.003098
0.003189
0.008406
0.003799
0.008128
0.003067
0.003001
0.003231
0.003537
0.003024
0.003816
0.008908
0.006516
0.003786
0.004544
0.00311
0.003868
0.002381
0.00367
0.002633
0.0034
0.004962
0.00926
0.00707
0.00504
0.006335
0.006048
0.002932
0.002826
0.003377
0.007369
0.010271
0.004479
0.003433
0.006978
0.005923
0.005624
0.006119
0.007655
0.005893
0.013303
0.003924
0.0066
0.004468
0.00369
0.008005
0.005538
0.005676
0.003828
0.006144
0.013286
0.00471
0.003978
0.062048
0.003433
0.00324
0.010074
0.004122
0.003429
0.006434
0.002931
0.005975
0.005864
0.005286
0.003059
0.00301
0.003573
0.011437
0.003016
0.001818
0.010952
0.003563
0.005761
0.003389
0.061129
0.003893
0.003226
0.004052
0.002579
0.00414
0.004045
0.005532
0.003506
0.00479
0.003039
0.004952
0.003273
0.006747
0.003568
0.006017
0.00336
0.005014
0.003222
0.004598
0.004055
0.053527
0.003775
0.003285
0.0039
0.003536
0.001185
0.002484
0.00428
0.003421
0.006188
0.004624
0.007946
0.003483
0.004164
0.001731
0.007415
0.002752
0.00381
0.001799
0.003958
0.002512
0.003914
0.001774
0.046217
0.001779
0.001867
0.005792
0.004282
0.004954
0.006068
0.003224
0.011008
0.005646
0.004687
0.003094
0.003304
0.00474
0.003565
0.003383
0.003671
0.003988
0.003148
0.002307
0.002581
0.024794
0.004275
0.047917
0.001994
0.002357
0.003694
0.002443
0.003704
0.002757
0.002209
0.003179
0.002363
0.003606
0.002315
0.005741
0.003234
0.005074
0.002941
0.004902
0.002759
0.003555
0.002314
0.006533
0.007955
0.006839
0.003322
0.008421
0.005147
0.004508
0.003196
0.016954
0.011007
0.008359
0.037119
0.002022
0.003159
0.001802
0.002447
0.003823
0.00294
0.001856
0.001812
0.001852
0.002485
0.007594
0.002849
0.002586
0.002652
0.004652
0.002531
0.00311
0.003024
0.002003
0.001853
0.035665
0.002972
0.001578
0.002837
0.00218
0.004008
0.00307
0.001905
0.002822
0.001684
0.002482
0.006964
0.004141
0.004364
0.002149
0.011383
0.003614
0.010496
0.007342
0.003517
0.003206
0.00276
0.002413
0.006477
0.008139
0.004686
0.003764
0.038618
0.001775
0.001967
0.002196
0.001802
0.003367
0.001641
0.001855
0.00175
0.002566
0.006452
0.003531
0.001782
0.008109
0.004961
0.003459
0.002471
0.003502
0.002031
0.003342
0.001801
0.007364
0.004148
0.040361
0.003092
0.001968
0.002679
0.002643
0.002111
0.003464
0.001673
0.003031
0.001896
0.002345
0.005077
0.002431
0.001845
0.003403
0.002351
0.002745
0.002658
0.002628
0.002557
0.003106
0.002122
0.00238
0.002333
0.004204
0.003076
0.001999
0.007033
0.002181
0.007264
0.002074
0.017695
0.006807
0.031779
0.003287
0.00203
0.003003
0.003356
0.002826
0.00139
0.002963
0.001373
0.001388
0.017094
0.005962
0.002694
0.002888
0.011284
0.005285
0.007485
0.004142
0.003277
0.003409
0.003856
0.002295
0.030706
0.010834
0.028698
0.00325
0.001804
0.002077
0.00407
0.002949
0.001929
0.002403
0.001947
0.001899
0.002304
0.002266
0.002506
0.007049
0.002331
0.005826
0.003759
0.004853
0.007979
0.003823
0.002268
0.002842
0.002152
0.001876
0.007028
0.003319
0.009064
0.004291
0.037065
0.004071
0.001976
0.001736
0.004067
0.001781
0.001748
0.002057
0.001725
0.001668
0.001904
0.002293
0.002057
0.002609
0.001846
0.016595
0.009076
0.003676
0.004301
0.006682
0.006201
0.025616
0.00656
0.006732
0.004445
0.037477
0.001722
0.001843
0.001958
0.003397
0.001857
0.001777
0.002091
0.001857
0.001715
0.001788
0.005921
0.0021
0.005523
0.004171
0.004125
0.004229
0.008765
0.005834
0.019605
0.005877
0.004477
0.003291
0.003178
0.001954
0.003732
0.003065
0.040476
0.003177
0.003079
0.003117
0.003099
0.001482
0.002081
0.001985
0.00159
0.001794
0.002904
0.006916
0.003554
0.007714
0.002871
0.002756
0.005064
0.00165
0.001666
0.002283
0.001719
0.003456
0.002944
0.021077
0.006838
0.012901
0.007552
0.005314
0.00322
0.034644
0.00214
0.00193
0.00316
0.001521
0.001897
0.00168
0.006515
0.00552
0.045394
0.002295
0.002023
0.002786
0.003014
0.00122
0.001857
0.001211
0.002761
0.00338
0.002752
0.002229
0.040186
0.001563
0.00183
0.002804
0.003025
0.002902
0.002912
0.001295
0.003183
0.002957
0.003859
0.007031
0.003885
0.003745
0.002529
0.006443
0.004027
0.007958
0.003655
0.046298
0.001445
0.003159
0.002986
0.003176
0.002828
0.004319
0.00177
0.003196
0.00392
0.007299
0.003612
0.007751
0.007081
0.003285
0.004461
0.006055
0.00414
0.00214
0.008346
0.004051
0.00891
0.003578
0.003759
0.005902
0.003606
0.005104
0.005472
0.001847
0.001911
0.002175
0.004737
0.002008
0.001904
0.001637
0.007529
0.003556
0.002055
0.001649
0.005519
0.001287
0.004051
0.003425
0.0362
0.002003
0.007228
0.011244
0.011352
0.004788
0.002767
0.007505
0.001453
0.019927
0.003293
0.001871
0.002151
0.002096
0.006942
0.008593
0.037741
0.001773
0.002853
0.001279
0.004033
0.00323
0.003245
0.002876
0.00286
0.003332
0.00777
0.003445
0.001464
0.001437
0.001902
0.003797
0.001841
0.008618
0.00322
0.003208
0.005355
0.008369
0.005207
0.037716
0.005432
0.037299
0.001687
0.001778
0.001301
0.003793
0.003291
0.003157
0.003459
0.004399
0.003485
0.004752
0.005032
0.0017
0.003191
0.001415
0.001655
0.00755
0.01956
0.003319
0.008663
0.005617
0.006797
0.004888
0.001488
0.001321
0.006686
0.005134
0.043621
0.001689
0.001553
0.001232
0.003683
0.003593
0.001565
0.003759
0.004345
0.004291
0.001684
0.003251
0.001738
0.007193
0.00299
0.001258
0.00123
0.003443
0.001527
0.00514
0.001644
0.005251
0.014065
0.004917
0.005694
0.00129
0.00129
0.007997
0.004812
0.003717
0.003436
0.007095
0.001841
0.003954
0.003106
0.005935
0.005433
0.041426
0.005733
0.003804
0.004219
0.006244
0.017007