
1.58296
1.56669
1.56669
1.56077
1.56077
1.58838
1.58296
1.58838
1.58838
1.55951
1.60854
1.57775
1.59418
1.59418
1.59417
1.59417
1.60134
1.60134
1.58296
1.56669
1.58505
1.58505
1.60666
1.58505
1.58505
1.54994
1.52818
1.58204
1.58204
1.55034
1.52361
1.52361
1.50715
1.4929
1.45003
1.44128
1.4172
1.42212
2.06578
2.05708
2.03683
2.03029
2.00459
1.99542
2.02676
1.94643
1.89651
1.96117
1.9709
1.93597
1.9446
1.91302
1.87653
1.89468
1.85027
1.76503
1.75566
1.72134
1.72134
1.57713
1.58513
1.58136
1.63185
1.61631
1.53702
1.5223
1.50953
1.47706
1.53312
1.53312
1.44472
1.42291
1.40112
1.38844
1.46432
1.4101
1.39875
1.44965
1.38028
1.35841
1.32187
1.33475
1.30054
1.30054
1.26555
1.28307
1.26384
1.26384
1.23579
1.23579
1.21778
1.22197
1.19614
1.19614
1.17965
1.17545
1.15155
1.13473
1.08608
3.28874
3.25045
3.22707
3.21526
3.21821
3.19787
3.08152
3.12774
3.13196
3.0065
2.99509
2.90881
2.90881
2.74505
2.72179
2.7069
2.60189
2.57861
2.52709
2.26271
2.21593
2.12299
1.93889
1.85712
1.71097
1.66707
1.52714
1.50375
1.50961
1.4868
1.44006
1.1697
1.12416
1.06773
0.975662
0.953838
0.944886
0.925031
0.890945
0.891565
0.891565
0.912068
0.898396
0.890819
0.863492
0.818082
0.804175
0.771118