
0.000885
0.000894
0.003056
0.00085
0.001013
0.000933
0.001014
0.001144
0.001
0.00107
0.000944
0.000945
0.000903
0.001262
0.000889
0.000786
0.00099
0.00101
0.001113
0.001135
0.000719
0.001066
0.000894
0.00094
0.000952
0.000896
0.00093
0.001258
0.00097
0.00093
0.000882
0.001055
0.001247
0.000847
0.001216
0.00084
0.001028
0.000911
0.00103
0.001001
0.001022
0.001147
0.001075
0.000867
0.000985
0.001108
0.001192
0.00094
0.000998
0.000966
0.00093
0.000906
0.002229
0.001281
0.001202
0.000995
0.001073
0.001418
0.001021
0.001202
0.001169
0.001285
0.001314
0.001777
0.001026
0.00199
0.001084
0.001186
0.001091
0.00125
0.001286
0.001439
0.001073
0.001078
0.000956
0.00111
0.000959
0.001198
0.001489
0.000987
0.001154
0.00123
0.001155
0.003336
0.000901
0.000941
0.00123
0.001306
0.000832
0.000929
0.001336
0.001204
0.001201
0.000999
0.001104
0.000938
0.001017
0.001125
0.001348
0.001189
0.001217
0.001035
0.001391
0.001033
0.00115
0.001151
0.001307
0.001041
0.001014
0.001091
0.00097
0.001103
0.000918
0.00098
0.00112
0.001212
0.001098
0.003412
0.00095
0.001026
0.001141
0.000856
0.001205
0.000979
0.00129
0.001332
0.001212
0.001057
0.00089
0.001809
0.001324
0.001227
0.001051
0.000857
0.000947
0.00123
0.001141
0.001281
0.001117
0.001611
0.001501
0.001261
0.001525
0.001268
0.001651
0.001093
0.001
0.001238
0.001139
0.00102
0.001115
0.001499
0.001268
0.001656
0.001024
0.001117
0.001049
0.00112
0.000959
0.00142
0.001432
0.001244
0.000965
0.000962
0.001055
0.00107
0.001223
0.000979
0.000974
0.001367
0.001164
0.001391
0.001207
0.000941
0.001017
0.00107
0.001062
0.002866
0.001123
0.00114
0.001084
0.001276
0.000892
0.001401
0.001151
0.00107
0.001068
0.001451
0.001185
0.000995
0.001363
0.001552
0.001299
0.001719
0.001767
0.001896
0.001319
0.000866
0.001174
0.001245
0.002115
0.001208
0.00094
0.000965
0.001097
0.001379
0.001014
0.001019
0.001529
0.001028
0.001071
0.001019
0.000981
0.000833
0.001206
0.000766
0.001243
0.00085
0.00115
0.00145
0.001308
0.001252
0.001001
0.003352
0.000952
0.001005
0.002759
0.001023
0.001033
0.00085
0.001292
0.000923
0.000996
0.001165
0.001773
0.001093
0.000982
0.001031
0.001083
0.001043
0.001032
0.001349
0.001024
0.00101
0.002239
0.002273
0.001363
0.001677
0.001468
0.002083
0.001626
0.001217
0.002599
0.001884
0.000943
0.001087
0.00102
0.001076
0.000903
0.000962
0.001393
0.001312
0.000887
0.001861
0.001341
0.000946
0.001213
0.001156
0.001051
0.000928
0.002332
0.001339
0.001196
0.001749
0.000882
0.001254
0.001899
0.001863
0.001844
0.001767
0.001091
0.001568
0.00342
0.001039
0.001115
0.00093
0.001235
0.000955
0.002624
0.001253
0.001001
0.001122
0.001334
0.001058
0.000789
0.001068
0.001864
0.000899
0.001047
0.000982
0.001992
0.001019
0.000985
0.001142
0.000991
0.001225
0.001266
0.001179
0.001175
0.001092
0.001147
0.00104
0.001066
0.000972
0.001244
0.001525
0.000925
0.000936
0.002004
0.001161
0.000933
0.001067
0.002092
0.001166
0.001224
0.001591
0.001271
0.001364
0.001151
0.00111
0.001261
0.001137
0.003758
0.000962
0.00083
0.001262
0.00105
0.001535
0.001847
0.001797
0.001732
0.00183
0.003997
0.001698
0.001644
0.002024
0.001633
0.002249
0.001483
0.001023
0.001609
0.00165
0.001403