
0.005523
0.006174
0.007563
0.004948
0.006211
0.004734
0.005239
0.006047
0.005427
0.004834
0.004503
0.01078
0.005699
0.004818
0.005173
0.004553
0.011521
0.004746
0.009112
0.011792
0.005828
0.011412
0.005512
0.005283
0.004619
0.005304
0.005512
0.004908
0.004631
0.004547
0.009157
0.004938
0.006403
0.003683
0.01035
0.003535
0.014226
0.004921
0.006517
0.006644
0.003698
0.011107
0.006004
0.00348
0.016013
0.004001
0.004648
0.004529
0.005946
0.004506
0.004338
0.005453
0.0269
0.005488
0.014782
0.010511
0.006769
0.014846
0.006068
0.013582
0.011765
0.005146
0.005923
0.012684
0.015308
0.018819
0.006351
0.013349
0.004914
0.016114
0.006495
0.012939
0.00624
0.009257
0.010964
0.0043
0.006388
0.004553
0.004384
0.004365
0.01014
0.008597
0.011022
0.023289
0.005827
0.004606
0.00526
0.008791
0.005752
0.004974
0.007236
0.007833
0.015643
0.005223
0.014054
0.011151
0.005027
0.00597
0.005247
0.006917
0.006334
0.01138
0.006155
0.004862
0.005168
0.005014
0.005248
0.004287
0.004833
0.011731
0.004618
0.01375
0.004516
0.005167
0.010873
0.014324
0.006263
0.015406
0.004999
0.005964
0.009343
0.005946
0.006585
0.005802
0.006644
0.010255
0.007494
0.009633
0.005251
0.00988
0.005341
0.006578
0.008505
0.005442
0.008113
0.008027
0.007349
0.005848
0.007264
0.008037
0.01439
0.00686
0.024362
0.0062
0.00927
0.008569
0.00408
0.016566
0.010317
0.009813
0.004724
0.00572
0.007051
0.012776
0.009317
0.010237
0.010995
0.00554
0.004722
0.015062
0.005777
0.006555
0.005495
0.005034
0.006423
0.012792
0.00484
0.008215
0.006091
0.005148
0.012375
0.021472
0.016287
0.011757
0.008704
0.003659
0.005801
0.013013
0.009116
0.005033
0.006148
0.014606
0.004697
0.007718
0.005017
0.006152
0.00603
0.007379
0.006819
0.003961
0.009538
0.008046
0.007437
0.007374
0.008752
0.010128
0.006336
0.004312
0.005841
0.011386
0.035655
0.008864
0.011998
0.004596
0.005558
0.013149
0.007645
0.013792
0.009776
0.005504
0.009974
0.008288
0.012213
0.007976
0.010775
0.009274
0.005359
0.00802
0.013126
0.017939
0.011308
0.011611
0.003378
0.020344
0.008346
0.011937
0.050028
0.015509
0.004586
0.00826
0.014946
0.010042
0.008744
0.015131
0.014317
0.007919
0.014956
0.006842
0.013336
0.00426
0.010468
0.01711
0.00869
0.003595
0.013253
0.023554
0.005227
0.010803
0.010938
0.025594
0.006074
0.006199
0.020095
0.026371
0.003599
0.005914
0.007743
0.008933
0.003645
0.003677
0.005718
0.008886
0.010429
0.012839
0.017286
0.009069
0.010578
0.015448
0.008761
0.005651
0.023893
0.012461
0.006625
0.016513
0.002894
0.010286
0.017516
0.019326
0.016194
0.01672
0.01025
0.013544
0.02295
0.005566
0.008199
0.007778
0.007697
0.004905
0.029063
0.012615
0.006128
0.006602
0.019179
0.009669
0.007281
0.005077
0.028785
0.007365
0.00718
0.010584
0.021357
0.009909
0.005426
0.024629
0.005318
0.012704
0.018158
0.007374
0.011235
0.006577
0.003816
0.011657
0.010774
0.004933
0.011628
0.013457
0.006267
0.00744
0.025776
0.006991
0.007659
0.002729
0.013899
0.011963
0.007129
0.009708
0.010111
0.004827
0.005847
0.018881
0.003193
0.005601
0.014096
0.00781
0.005172
0.008189
0.008794
0.014233
0.014499
0.016743
0.013985
0.010519
0.037306
0.01505
0.009714
0.01142
0.006977
0.025743
0.011249
0.007135
0.00838
0.015814
0.011019