
0.0282843
0.060498
0.0891908
0.0637738
0.0967738
0.107214
0.0859763
0.108485
0.0888687
0.081465
0.0310888
0.062863
0.0526991
0.0896709
0.0904128
0.0808149
0.110898
0.0561654
0.0243939
0.013365
0.0354679
0.0137523
0.0250703
0.0141891
0.0251153
0.0251153
0.0360954
0.0372811
0.00735563
0.064634
0.0714311
0.0714311
0.0731827
0.101452
0.0798243
0.0978377
0.0763688
0.105836
0.103319
0.0819193
0.00424923
0.0158521
0.00946763
0.0438871
0.0415848
0.049997
0.0475653
0.0475653
0.0559281
0.0758499
0.0531362
0.0505105
0.00650334
0.0196745
0.076135
0.070934
0.126615
0.137424
0.196124
0.217196
0.200117
0.229833
0.233478
0.233478
0.245815
0.227787
0.248616
0.248616
0.00758826
0.0175174
0.0134874
0.0124707
0.0243701
0.0243701
0.048314
0.0400852
0.0584923
0.0415754
0.059549
0.0508127
0.0699484
0.0134574
0.0297507
0.0124912
0.0218547
0.0240818
0.0240818
0.018804
0.0259574
0.0821801
0.0711896
0.0810151
0.0583528
0.0911549
0.0571682
0.0899883
0.0667703
0.0883146
0.0654318
0.0754511
0.00640004
0.00640004
0.00496745
0.0159105
0.10353
0.10353
0.106597
0.103524
0.118009
0.111599
0.126551
0.113556
0.127844
0.121095
0.0187959
0.0281567
0.0261463
0.0160159
0.0351445
0.0328689
0.0225686
0.0225686
0.0415247
0.0213828
0.0392313
0.0290229
0.0480237
0.0271707
0.0451604
0.0346176
0.0535904
0.00925878
0.0300703
0.00935244
0.0395012
0.0180247
0.0270546
0.0261243
0.0261243
0.0447535
0.0344948
0.0337882
0.0417756
0.0417756
0.0406538
0.048351
0.048351
0.0466845
0.0466845
0.00876915
0.0294128
0.0087541
0.0259939
0.0145004
0.0121522
0.0121522
0.0201006
0.0175766
0.0253329
0.0223312
0.0145111
0.0270214
0.0344796
0.0241722
0.00855195
0.00712226
0.00912764
0.0272532
0.0139174
0.021212
0.0171832