
2e-06
1e-06
3e-06
1e-06
2e-06
1e-06
1e-06
1e-06
2e-06
1e-06
1e-06
1e-06
1e-06
1e-06
1e-06
1e-06
2e-06
1e-06
1e-06
1e-06
1e-06
1e-06
1e-06
1e-06
1e-06
1e-06
1e-06
3e-06
1e-06
1e-06
1e-06
1e-06
2e-06
1e-06
2e-06
1e-06
1e-06
1e-06
1e-06
1e-06
1e-06
1e-06
1e-06
1e-06
1e-06
2e-06
1e-06
1e-06
1e-06
1e-06
0
1e-06
4e-06
1e-06
2e-06
1e-06
1e-06
1e-06
1e-06
2e-06
1e-06
1e-06
1e-06
1e-06
5.8e-05
1e-06
1e-06
1e-06
1e-06
2e-06
1e-06
1e-06
1e-06
1e-06
1e-06
0.033256
0.02915
0.030229
0.030319
0.027446
0.023829
0.024566
0.022208
0.071165
0.019311
0.019449
0.017028
0.017044
1e-06
1e-06
2e-06
2e-06
2e-06
1e-06
1e-06
1e-06
2e-06
2e-06
1e-06
1e-06
1e-06
1e-06
0.026811
0.027546
0.027205
0.02278
0.030892
0.019009
0.018587
0.018388
0.022723
0.022493
0.02306
0.021948
0.019583
0.021587
0.019147
0.062734
1e-06
1e-06
2e-06
1e-06
1e-06
1e-06
2e-06
2e-06
1e-06
1e-06
2e-06
2e-06
1e-06
0.059818
0.022395
0.019341
1e-06
2e-06
2e-06
2e-06
2e-06
4e-06
2e-06
2e-06
2e-06
2e-06
4e-06
1e-06
1e-06
2e-06
2e-06
1e-06
1e-06
3e-06
2e-06
1e-06
0.018451
0.017092
0.01759
0.019058
0.021418
0.058619
0.0242
0.059759
0.028253
0.022904
1e-06
1e-06
0.022569
1e-06
1e-06
1e-06
1e-06
1e-06
1e-06
1e-06
1e-06
1e-06
0.025489
0.081533
0.026017
0.02621
0.026286
0.024347
0.027105
0.066024
0.032751
0.026142
1e-06
2e-06
0.023532
1e-06
1e-06
1e-06
1e-06
2e-06
3e-06
2e-06
0.026156
1e-06
0.02299
1e-06
0.071725
0.024138
1e-06
1e-06
1e-06
0.029232
0.020748
0.021151
0.065746
0.027059
0.020589
0.0209
0.022284
0.023699
0.024624
0.026505
0.064965
0.028762
0.026829
0.026774
0.026193
1e-06
2e-06
9e-06
1e-06
2e-06
5e-06
1e-06
0.038923
0.023019
0.022794
0.021736
0.024314
0.023691
0.063727
0.02122
0.021044
0.022773
0.020927
0.019801
0.023611
0.022314
0.021623
1e-06
6e-06
5e-06
2e-06
3e-06
3e-06
4e-06
3e-06
2e-06
6e-06
3e-06
0.018423
0.016966
0.013038
0.022209
0.013285
0.014752
0.020009
0.017453
0.016148
0.052112
0.058712
0.015038
0.016862
0.017079
0.017252
1e-06
4e-06
2e-06
2e-06
3e-06
1e-06
2e-06
3e-06
4e-06
3e-06
3e-06
1e-06
4e-06
9e-06
1e-06
2e-06
1e-06
0.013076
0.014093
0.059787
0.028002
0.016014
0.015667
0.018407
0.019289
0.017716
0.018986
0.065253
0.021637
0.017438
0.018227
0.057271
0.024823
0.017022
0.01627
0.020844
0.017746
0.015023
0.015855
0.01698
0.018795
0.017579
0.016833
0.017847
0.012535
0.04891
0.016868
0.014641
0.014902
0.057074
0.026686
0.017506
0.017411
0.062967
0.031391
0.016335
0.052309
0.059413
0.023309
0.018439
0.014691
0.032425
0.012754
0.052897
0.011536
0.009481
0.011895
0.012315
0.053397
0.060466
0.063602
0.061608
0.052962
0.05813
0.061206
0.057408
0.059438
0.048392
0.051965
0.019636
0.010274
0.048118
0.060516
0.055937