
0.007969
0.008297
0.010187
0.007299
0.008663
0.007352
0.007154
0.008811
0.008725
0.007068
0.006669
0.014196
0.007832
0.007037
0.00742
0.007062
0.014355
0.0069
0.012059
0.015123
0.008807
0.01474
0.00789
0.007367
0.006784
0.007694
0.007932
0.007149
0.006889
0.006535
0.012308
0.007234
0.008555
0.005611
0.013674
0.004673
0.018571
0.006849
0.009478
0.009642
0.005844
0.016169
0.008858
0.004898
0.020837
0.005273
0.006702
0.006699
0.008671
0.006659
0.006248
0.008026
0.034781
0.010176
0.020636
0.013517
0.009618
0.023102
0.00925
0.017093
0.018423
0.007395
0.009
0.018023
0.022706
0.027261
0.00911
0.016192
0.007461
0.02079
0.009655
0.016854
0.009407
0.012426
0.015054
0.042719
0.043337
0.04004
0.03942
0.038985
0.042911
0.044897
0.047661
0.106699
0.031601
0.028808
0.028781
0.038254
0.012846
0.007803
0.010964
0.01694
0.027397
0.013745
0.023518
0.019876
0.012885
0.013722
0.01108
0.015956
0.014124
0.063725
0.041092
0.039537
0.040191
0.035011
0.042115
0.028608
0.028417
0.043674
0.033292
0.050815
0.032395
0.034373
0.041175
0.04901
0.033529
0.090864
0.010505
0.00907
0.025396
0.014343
0.015543
0.014349
0.013007
0.017998
0.015431
0.016389
0.010701
0.019625
0.010407
0.069615
0.034384
0.027488
0.011059
0.011892
0.011148
0.00967
0.01017
0.013499
0.021103
0.01072
0.031647
0.009473
0.012322
0.014203
0.006766
0.022825
0.015921
0.01345
0.007725
0.013019
0.015005
0.032248
0.035338
0.035653
0.036711
0.031403
0.031705
0.084186
0.036208
0.072729
0.036363
0.033752
0.014209
0.027614
0.034168
0.015718
0.012638
0.011557
0.021813
0.040238
0.030368
0.02092
0.015469
0.007804
0.037407
0.104589
0.042068
0.037086
0.038639
0.048324
0.037836
0.081965
0.043328
0.035234
0.009101
0.011174
0.033333
0.006287
0.013807
0.012391
0.011026
0.011344
0.0139
0.01504
0.035761
0.006623
0.031406
0.015768
0.115042
0.036943
0.019652
0.010082
0.012612
0.047027
0.03124
0.039755
0.079874
0.035033
0.037688
0.032368
0.038722
0.034772
0.0395
0.042505
0.077179
0.043017
0.04846
0.057474
0.044885
0.020386
0.007801
0.02982
0.015072
0.01974
0.068818
0.024891
0.045729
0.038079
0.04669
0.040331
0.041061
0.050374
0.093468
0.032415
0.040775
0.032701
0.039518
0.025715
0.037842
0.045716
0.033897
0.005769
0.020001
0.034647
0.007171
0.013861
0.015706
0.036875
0.008558
0.009492
0.031582
0.043494
0.026491
0.032077
0.026132
0.037168
0.021512
0.023
0.03254
0.033609
0.035377
0.079988
0.091229
0.027113
0.030942
0.038091
0.028866
0.008096
0.029697
0.016728
0.00964
0.020605
0.004075
0.013756
0.023305
0.025923
0.021867
0.021562
0.013821
0.018755
0.027369
0.008172
0.019409
0.01404
0.023685
0.021211
0.0976
0.044592
0.024926
0.025497
0.04384
0.032859
0.028237
0.026471
0.102918
0.032096
0.027563
0.033949
0.085873
0.038113
0.02489
0.0488
0.028913
0.035703
0.039207
0.025896
0.032005
0.027754
0.02341
0.032218
0.032069
0.019785
0.064656
0.034072
0.023164
0.024743
0.094158
0.036097
0.027864
0.021261
0.081835
0.047146
0.026538
0.065444
0.073745
0.033525
0.026842
0.039941
0.036866
0.020981
0.071543
0.023873
0.017237
0.023319
0.024266
0.073851
0.080469
0.084405
0.079354
0.065903
0.112501
0.080809
0.071387
0.075101
0.058635
0.087027
0.035727
0.02383
0.059499
0.084138
0.070845