
1.51656e+09
0.009579
0.010264
0.01179
0.008913
0.010258
0.008879
0.008686
0.010364
0.010302
0.008591
0.008177
0.015835
0.009543
0.008723
0.009106
0.008747
0.016048
0.008531
0.01363
0.01674
0.010309
0.016439
0.009627
0.009115
0.008527
0.009414
0.009749
0.008885
0.008597
0.008241
0.014117
0.009028
0.010287
0.007309
0.015495
0.00649
0.020376
0.008682
0.011355
0.011437
0.007564
0.017819
0.010589
0.006621
0.022868
0.007002
0.008396
0.008374
0.010282
0.00824
0.009403
0.07904
0.057506
0.032693
0.037708
0.051537
0.060276
0.044811
0.048388
0.0499
0.048603
0.057444
0.043711
0.049631
0.070425
0.046137
0.031298
0.049731
0.051903
0.053639
0.056868
0.04095
0.05055
0.04701
0.236235
0.064382
0.065827
0.062428
0.059091
0.057307
0.060478
0.06368
0.066179
0.269688
0.049031
0.049548
0.050359
0.054753
0.048513
0.050353
0.050565
0.050004
0.052832
0.046177
0.047772
0.056349
0.191616
0.021027
0.06829
0.053771
0.049893
0.106032
0.065584
0.064028
0.06095
0.30251
0.061043
0.048314
0.050275
0.064001
0.054561
0.072748
0.052919
0.051599
0.060646
0.254126
0.04531
0.111011
0.047367
0.049678
0.049947
0.052272
0.048673
0.048075
0.050754
0.053842
0.177135
0.02106
0.084041
0.033193
0.180002
0.085826
0.047667
0.047812
0.055167
0.051713
0.04977
0.04607
0.059008
0.043014
0.048586
0.052751
0.049973
0.062953
0.034231
0.049791
0.048941
0.05051
0.055372
0.050667
0.254401
0.021907
0.069413
0.054862
0.05012
0.050553
0.05268
0.047709
0.047941
0.105607
0.052742
0.296645
0.053944
0.049789
0.049447
0.049586
0.050268
0.05099
0.05001
0.053163
0.048988
0.059795
0.213678
0.038661
0.050863
0.228065
0.05435
0.124728
0.060275
0.054895
0.055925
0.066462
0.056032
0.109329
0.200555
0.050852
0.077162
0.017698
0.055077
0.055
0.050134
0.045496
0.060704
0.049848
0.041575
0.053508
0.046697
0.038443
0.05542
0.058865
0.131673
0.208904
0.031851
0.048058
0.052511
0.054295
0.042709
0.049777
0.092653
0.04242
0.045087
0.036975
0.04652
0.042739
0.226105
0.051292
0.087718
0.051541
0.057651
0.065987
0.053086
0.047376
0.066948
0.03973
0.044268
0.252973
0.076652
0.059331
0.053419
0.045524
0.054671
0.049354
0.049962
0.057758
0.242469
0.039056
0.050344
0.049866
0.049556
0.051087
0.049588
0.052952
0.046742
0.064059
0.043145
0.044422
0.050373
0.050953
0.052242
0.049277
0.046389
0.056156
0.223349
0.054667
0.047254
0.049859
0.06203
0.043298
0.045535
0.051939
0.049256
0.049973
0.048193
0.092399
0.199654
0.032547
0.050722
0.049729
0.050522
0.05591
0.045628
0.049779
0.057474
0.040831
0.050936
0.053192
0.051762
0.048498
0.050161
0.046293
0.051856
0.062127
0.036269
0.195976
0.022331
0.216291
0.026533
0.053545
0.113339
0.050621
0.0421
0.051177
0.051582
0.047328
0.050433
0.198348
0.115687
0.04506
0.050078
0.049691
0.098137
0.043658
0.029908
0.054875
0.034408
0.038468
0.050276
0.05045
0.05008
0.050133
0.049767
0.050217
0.145061
0.023859
0.070332
0.03898
0.041702
0.050576
0.108137
0.044927
0.050096
0.05155
0.091764
0.052356
0.029256
0.072301
0.081
0.049833
0.049119
0.05802
0.13179
0.024784
0.077212
0.027641
0.045904
0.050209
0.050259
0.081803
0.088801
0.09378
0.084513
0.070563
0.129241
0.087682
0.078711
0.157492
0.065016
0.102175
0.039831
0.029857
0.071611
0.095976