
0.001181
0.020296
0.014143
0.012418
0.005759
0.00678
0.016224
0.010835
0.01018
0.009912
0.008974
0.014724
0.008436
0.009545
0.02309
0.008452
0.007195
0.006939
0.008214
0.011819
0.017345
0.010934
0.011394
0.008545
0.011646
0.011734
0.014184
0.013991
0.011297
0.010696
0.00983
0.009756
0.009897
0.010693
0.009422
0.009007
0.00929
0.008943
0.012454
0.011906
0.012012
0.012102
0.014545
0.011918
0.01009
0.016382
0.013039
0.016448
0.020184
0.020308
0.026475
0.016149
0.016243
0.012847
0.015996
0.010947
0.010454
0.010319
0.013215
0.013173
0.014246
0.01257
0.009374
0.009566
0.005646
0.005661
0.01012
0.00837
0.008061
0.008048
0.009834
0.008776
0.006554
0.006955
0.010754
0.005151
0.02327
0.00565
0.006637
0.008873
0.007206
0.004601
0.009208
0.01036
0.010217
0.006195
0.013864
0.006954
0.006523
0.007366
0.007572
0.012889
0.007937
0.007635
0.005953
0.006508
0.012306
0.011739
0.017525
0.018025
0.010764
0.008244
0.008121
0.00871
0.008526
0.008722
0.011109
0.008717
0.011365
0.009143
0.008733
0.009251
0.008811
0.008718
0.009878
0.009899
0.012032
0.01148
0.009724
0.009046
0.009025
0.009694
0.009104
0.009214
0.009846
0.009587
0.009383
0.009241
0.009462
0.009584
0.013561
0.008458
0.008564
0.026685
0.008398
0.01215
0.011924
0.007508
0.016818
0.016464
0.00944
0.01347
0.004954
0.005245
0.01156
0.008632
0.008958
0.005495
0.002733
0.00383
0.002384
0.002894
0.002744
0.004207
0.002518
0.002507
0.002566
0.002593
0.003002
0.003224
0.003722
0.003118
0.003564
0.003125
0.002978
0.003238
0.011213
0.003169
0.003443
0.006863
0.002742
0.006557
0.002737
0.002614
0.00283
0.00302
0.00284
0.002416
0.002471
0.002508
0.002747
0.002404
0.002288
0.002959
0.002767
0.002883
0.002553
0.008814
0.005768
0.003174
0.003384
0.003796
0.004977
0.004141
0.002902
0.005794
0.004416
0.003274
0.002486
0.00212
0.007022
0.00232
0.00261
0.004042
0.003142
0.003084
0.002343
0.00408
0.001935
0.002024
0.002378
0.002189
0.002582
0.005569
0.003288
0.003109
0.005618
0.00233
0.002614
0.004198
0.005222
0.004393
0.004475
0.002736
0.003737
0.010024
0.002944
0.001756
0.002161
0.002436
0.005753
0.002404
0.002106
0.002753
0.003051
0.002179
0.002404
0.003337
0.004221
0.002186
0.002334
0.002074
0.004581
0.002231
0.001868
0.002369
0.002133
0.002009
0.002297
0.002405
0.002278
0.002312
0.002455
0.002467
0.001632
0.002204
0.002018
0.002269
0.002469
0.004554
0.002173
0.002247
0.003147
0.003716
0.002128
0.002703
0.002781
0.002603
0.002181
0.00592
0.001559
0.002463
0.001662
0.001955
0.001939
0.002351
0.003148
0.00332
0.003802
0.002148
0.001899
0.005442
0.002758
0.003014
0.001677
0.002726
0.003786
0.001716
0.003278
0.003347
0.002453