
115
39
42
146
71
112
47
112
97
77
41
85
43
22
23
118
109
23
81
149
81
17
34
17
34
65
107
72
142
76
76
78
10
54
11
143
64
91
95
78
35
143
36
77
143
35
30
48
30
60
56
71
138
71
71
71
52
71
52
107
73
55
97
56
65
47
65
25
55
89
47
133
47
103
30
20
48
84
26
27
28
84
48
116
104
28
104
64
43
120
23
79
21
12
148
131
120
109
16
22
128
109
148
92
109
115
21
30
18
29
92
99
21
78
19
21
30
99
148
23
148
23
67
19
145
105
131
144
67
111
127
200
170
164
131
261
138
233
136
112
94
112
105
105
136
105
488
120
112
99
112
81
278
112
119
108
278
112
66
112
72
65
59
71
59
73
52
50
16
13
66
112
54
80
79
76
69
62
76
15
54
106
43
72
54
67
68
68
104
72
104
67
71
67
71
71
72
52
68
72
72
106
52
72
47
103
51
70
52
64
70
47
70
70
76
52
21
13
95
68
62
44
69
62
39
62
62
40
61
63
37
41
64
51
62
51
50
100
190
304
265
484
279
118
255
398
152
134
112
202
100
118
123
111
100
103
123
150
106
126
317
431
279
44
32
55
43
46
35
43
39
43
43
55
34
34
436
195
500
87
87
67
259
425
235
320
35
35
56
44
13
56
44
12
49
44
44
33
13
44
50
44
51
56
17
15
44
16
28
213
50
38
43
45
10
38
32
38
50
43
50
53
39
363
34
65
91
51
44
83
88
269
500
199
277
23
220
28
204
266
203
500
138
138
204
88
271
181
290
267
46
132
59
46
199
214
73
199
74
112
40
112
20
15
28
28
55
15
20
20
20
66
66
17
63
15
30
30
17
63
30
30
107
17
17
17
30
52
45
100
215
312
81
298
255
152
78
270
45
215
314
78
229
136
225
215
78
312
51
204
203
266
186
243
255
205
229
108
51
69
40
60
44
42
84
91
62
47
69
51
20
44
67
38
14
42
67
81
88
36
66
148
64
230
398
126
119
500
145
39
202
64
35
76
147
76
147
126
91
131
76
500
443
199
150
91
129
249
293
112
500
288
107
131
196
196
339
186
335
129
43
354
335
26
49
157
132
95
89
200
135
294
59
95
296
359
155
200
306
150
168
25
161
347
161
131
252
21
97
252
296
25
16
154
62
143
69
95
107
263
303
67
103
120
75
67
103
158
209
212
167
154
235
75
69
71
235
69
56
28
5
317
73
87
83
73
172
73
281