
379
73
190
146
277
380
500
392
351
169
68
68
68
68
270
375
181
142
164
164
79
63
115
63
263
157
159
138
159
159
153
122
153
58
260
141
125
133
122
345
149
118
395
137
292
104
42
142
143
357
192
110
137
135
291
101
21
30
182
148
145
105
131
144
278
111
127
200
170
164
113
112
122
92
268
97
478
91
105
267
330
106
246
325
266
93
119
86
104
316
116
103
184
322
264
90
297
116
274
417
45
95
195
315
255
398
290
108
266
409
113
100
190
304
265
484
279
118
255
398
106
104
416
292
127
111
305
127
243
267
97
74
418
441
326
418
310
224
343
272
90
213
412
435
212
328
38
221
301
266
88
269
500
199
277
75
220
244
204
266
83
32
196
196
119
66
283
236
170
222
52
45
100
215
312
81
298
255
152
78
51
119
68
229
143
51
121
241
62
131
44
119
69
204
145
119
122
242
64
144
35
76
147
76
147
126
91
131
76
500
26
49
157
132
95
89
200
135
294
59
16
154
62
143
69
95
107
263
303
67
5
73
73
64
73
73
86
72
72
172