
0.044733
0.004049
0.004577
0.003957
0.003538
0.004565
0.003301
0.003662
0.00426
0.003841
0.003245
0.003041
0.008716
0.004151
0.003145
0.003728
0.003242
0.009284
0.003355
0.007102
0.00942
0.00436
0.009208
0.004063
0.00379
0.003174
0.003828
0.003997
0.003165
0.003169
0.003149
0.007292
0.003393
0.00466
0.002536
0.008057
0.002398
0.003107
0.008359
0.003518
0.004715
0.004859
0.002366
0.004731
0.003711
0.004243
0.002314
0.008626
0.004318
0.00258
0.003079
0.003119
0.00426
0.003037
0.003027
0.003938
0.008089
0.013607
0.003658
0.008469
0.003296
0.008452
0.004936
0.006445
0.004934
0.004329
0.01091
0.003699
0.005292
0.003342
0.003985
0.004286
0.00501
0.003357
0.008979
0.007452
0.006783
0.00457
0.010874
0.003362
0.01322
0.004524
0.010482
0.004465
0.007278
0.008847
0.058524
0.002742
0.001935
0.00294
0.003121
0.002516
0.003087
0.003255
0.0037
0.002434
0.002378
0.002832
0.001913
0.004671
0.002761
0.002994
0.002059
0.002578
0.00144
0.003004
0.003628
0.007977
0.002835
0.003579
0.002624
0.003002
0.001448
0.004687
0.00373
0.002796
0.002952
0.017871
0.004585
0.037156
0.001917
0.001946
0.001676
0.00181
0.002033
0.002815
0.002742
0.003486
0.002521
0.002525
0.004229
0.002089
0.003282
0.001546
0.003506
0.0025
0.003402
0.003162
0.001753
0.003516
0.004285
0.002742
0.003665
0.005321
0.00568
0.003231
0.012755
0.003802
0.003686
0.003984
0.011444
0.003384
0.008981
0.003049
0.00354
0.00353
0.031166
0.00323
0.001973
0.002215
0.001927
0.00176
0.002191
0.002564
0.003382
0.002489
0.002536
0.004185
0.002537
0.003392
0.001755
0.005024
0.003252
0.004342
0.00236
0.009176
0.00329
0.00408
0.002493
0.003327
0.002172
0.003485
0.002877
0.003326
0.002577
0.036208
0.00259
0.001677
0.002384
0.00172
0.001789
0.002944
0.001653
0.003213
0.001575
0.002764
0.003502
0.001814
0.002934
0.001846
0.003307
0.002039
0.006385
0.002912
0.0027
0.002297
0.003198
0.002032
0.00348
0.007602
0.002115
0.002614
0.003103
0.001796
0.003665
0.002961
0.008603
0.002923
0.003037
0.008476
0.001921
0.002756
0.042998
0.002553
0.002001
0.004076
0.001948
0.002581
0.001892
0.001212
0.004475
0.004179
0.003889
0.00455
0.00454
0.010754
0.006109
0.003483
0.002093
0.004372
0.003689
0.00347
0.004275
0.004435
0.004402
0.004297
0.004713
0.004805
0.00421
0.004479
0.004717
0.002523
0.008001
0.002558
0.005507
0.002509
0.037459
0.002671
0.002791
0.002802
0.001972
0.002884
0.001886
0.00194
0.003677
0.003148
0.004368
0.001754
0.003848
0.002048
0.007124
0.00506
0.00355
0.002047
0.037656
0.001982
0.004692
0.006636
0.004058
0.006417
0.006074
0.005525
0.003986
0.005465
0.005592
0.004511
0.006741
0.00493
0.020448
0.004271
0.006834
0.003205
0.003266
0.002718
0.009638
0.003782
0.003139
0.004917
0.007848
0.003131
0.044937
0.002169
0.003088
0.00249
0.002233
0.001866
0.002484
0.001845
0.003801
0.002452
0.004664
0.003801
0.002458
0.00513
0.002396
0.005228
0.004342
0.003045
0.004932
0.007454
0.003265
0.008112
0.002811
0.008657
0.002807
0.003899
0.002683
0.003299
0.002525
0.012287
0.00326
0.003808
0.002877
0.004698
0.002324
0.051067
0.002589
0.002585
0.00308
0.002453
0.00226
0.002701
0.002399
0.002396
0.002405
0.004065
0.003572
0.002532
0.004671
0.003869
0.003162
0.007185
0.00248
0.002772
0.003184
0.002497
0.006426
0.002407
0.004492
0.00234
0.003352
0.002598
0.010066
0.003376
0.014192
0.003353
0.003338
0.003321
0.004635
0.008666
0.00243
0.002576
0.052319
0.002535
0.002476
0.002284
0.002522
0.002244
0.002385
0.002664
0.002155
0.002608
0.002539
0.009632
0.00281
0.006861
0.002487
0.002326
0.001235
0.052893
0.001433
0.002434
0.003297
0.002278
0.00218
0.00246
0.002974
0.002256
0.002657
0.00247
0.004158
0.002214
0.008943
0.004137
0.007099
0.00264
0.003423
0.002126
0.00441
0.002139
0.011852
0.002441
0.003334
0.002189
0.005487
0.003689
0.003399
0.002232
0.055986
0.002016
0.004492
0.004382
0.005257
0.004991
0.002624
0.007443
0.00575
0.005455
0.004988
0.006161
0.007254
0.004398
0.003031
0.004116
0.008783
0.031094
0.00677
0.048656
0.002548
0.002775
0.002201
0.001454
0.003366
0.002894
0.001612
0.002997
0.001595
0.001504
0.009769
0.002521
0.003253
0.002797
0.00404
0.003315
0.010464
0.006003
0.011265
0.007489
0.004031
0.007547
0.002241
0.006479
0.009933
0.006391
0.00855
0.070619
0.001674
0.002945
0.002053
0.002435
0.001769
0.002223
0.001959
0.001633
0.001629
0.002538
0.007567
0.002261
0.003697
0.003383
0.006232
0.001741
0.010598
0.002185
0.006537
0.008141
0.001783
0.00211
0.008955
0.002453
0.009168
0.003434
0.002136
0.001734
0.015612
0.003109
0.006681
0.002428
0.009823
0.002048
0.058125
0.001589
0.002179
0.00218
0.001603
0.002234
0.0015
0.001982
0.003056
0.002081
0.019955
0.022234
0.004008
0.002132
0.013006
0.002381
0.003256
0.006629
0.002186
0.009118
0.002852
0.002024
0.008057
0.003497
0.00692
0.003568
0.006674
0.005644
0.002173
0.001646
0.011287
0.008325
0.055159
0.002102
0.001526
0.005921
0.012491
0.005104
0.005045
0.00561
0.002817
0.008439
0.006214
0.007832
0.00681
0.002306
0.009673
0.019469
0.003328
0.003449
0.008165
0.008276
0.007793
0.013
0.003929
0.004376
0.006237
0.009196
0.045009
0.002188
0.001131
0.001786
0.001837
0.003234
0.001224
0.001162
0.001301
0.001227
0.003244
0.021863
0.007187
0.002368
0.001653
0.002169
0.002149
0.002331
0.001735
0.006048
0.002148
0.007086
0.002156
0.00246
0.002081
0.002408
0.002548
0.003843
0.00268
0.006869
0.00266
0.008421
0.004124
0.004719
0.005032
0.002809
0.004504
0.003224
0.011029
0.003007
0.002521
0.042476
0.00187
0.0073
0.0025
0.005864
0.008907
0.003736
0.006994
0.004219
0.019871
0.010087
0.004924
0.01347
0.001767
0.00817
0.014198
0.015677
0.013019
0.0136
0.008204
0.010808
0.018118
0.004018
0.035019
0.002147
0.003389
0.003053
0.002969
0.003149
0.003095
0.0034
0.005538
0.002269
0.004677
0.001491
0.003964
0.001905
0.00617
0.002009
0.052533
0.001924
0.003512
0.003202
0.001632
0.003081
0.003563
0.003515
0.003683
0.003224
0.003216
0.005716
0.003575
0.024229
0.010178
0.00454
0.004823
0.015837
0.005787
0.001736
0.005852
0.003627
0.038698
0.001892
0.024044
0.00582
0.005426
0.00379
0.004849
0.017469
0.007976
0.003947
0.013153
0.007582
0.003833
0.004519
0.005657
0.005915
0.009179
0.005596
0.008969
0.005012
0.002408
0.009502
0.008676
0.034284
0.001749
0.003555
0.009219
0.010779
0.004841
0.005835
0.020449
0.005292
0.006144
0.001531
0.010716
0.009713
0.00536
0.007441
0.007783
0.003173
0.002177
0.004223
0.007109
0.008529
0.00176
0.036893
0.001477
0.003989
0.009128
0.003206
0.002911
0.003861
0.006264
0.006942
0.011298
0.011465
0.013669
0.01121
0.008223
0.014674
0.015746
0.012048
0.007391
0.008858
0.034914
0.005058
0.002527
0.018562
0.004064
0.00476
0.005517
0.002697
0.006087
0.007449
0.004899
0.008508