
2.05769
2.05044
2.05044
2.05044
2.05165
2.05165
2.0678
2.0678
2.05165
2.05165
2.05165
2.05769
2.05769
2.05769
2.10445
2.10445
2.10445
2.13719
2.13719
2.11874
2.11874
2.05165
2.05165
2.05769
2.05143
2.05143
2.08866
2.03192
2.00357
1.94284
1.95408
1.93886
2.01636
1.99977
1.91696
1.89759
1.81623
1.78804
1.77452
1.73845
1.9385
1.92776
1.89762
1.89762
1.85483
1.8435
1.81117
1.77515
1.74669
1.72846
1.70289
1.69862
1.71789
1.69426
1.66812
1.66697
1.66673
1.64695
1.62743
1.6147
1.61421
1.61364
1.61364
1.61364
1.60333
1.54449
1.53422
1.54131
1.51433
1.55964
1.47443
1.47443
1.61569
1.56468
1.56468
1.45771
1.44726
1.53355
1.53355
1.36216
1.2449
1.3668
1.21084
1.29425
1.2795
1.27009
1.23913
1.23913