
0.009001
0.010993
0.010622
0.004625
0.011471
0.00622
0.005675
0.006838
0.012847
0.006015
0.015046
0.005898
0.006022
0.005091
0.011414
0.010337
0.005437
0.008516
0.00561
0.012322
0.005637
0.00562
0.006169
0.00573
0.004726
0.009661
0.0119
0.01043
0.018689
0.006322
0.005045
0.006037
0.013249
0.012238
0.00475
0.004928
0.003987
0.004281
0.007206
0.004721
0.010986
0.016738
0.006487
0.013225
0.005043
0.016543
0.005959
0.012248
0.005906
0.004624
0.005352
0.010952
0.00764
0.008287
0.01206
0.009767
0.009037
0.014803
0.004672
0.005025
0.015705
0.006036
0.009365
0.016531
0.005912
0.013575
0.019291
0.008927
0.009527
0.00748
0.006717
0.006412
0.016897
0.006304
0.005271
0.014762
0.006553
0.010471
0.006089
0.013418
0.011791
0.006187
0.017976
0.005961
0.01069
0.010168
0.014575
0.010156
0.006478
0.014317
0.005242
0.01062
0.011635
0.007253
0.010721
0.007824
0.012399
0.006621
0.009438
0.009132
0.005371
0.007087
0.014762
0.003845
0.015191
0.006009
0.017243
0.005256
0.014044
0.006532
0.005154
0.005117
0.005127
0.00526
0.005263
0.004687
0.007402
0.007427
0.007782
0.00548
0.011524
0.010706
0.005571
0.005313
0.005757
0.007773
0.007003
0.00554
0.005658
0.005529
0.004728
0.009066
0.006671
0.007186
0.008329
0.030817
0.00852
0.005501
0.003891
0.0074
0.007647
0.006798
0.005702
0.009388
0.005047
0.00661
0.007972
0.004365
0.020122
0.015423
0.007074
0.01385
0.006593
0.012102
0.004784
0.010971
0.012019
0.017792
0.004722
0.005672
0.004937
0.008866
0.004728
0.008514
0.008137
0.027584
0.008329
0.012876
0.00445
0.030479
0.01332
0.005231
0.041525
0.00775
0.004282
0.016629
0.013458
0.00634
0.024236
0.005233
0.015233
0.005199
0.017223
0.008413
0.003547
0.003388
0.014792
0.009243
0.009961
0.003666
0.007498
0.008467
0.01062
0.005482
0.003255
0.006209
0.005622
0.003774
0.003397
0.003571
0.013152
0.004453
0.005264
0.006618
0.003922
0.012098
0.01078
0.003186
0.01203
0.005447
0.010169
0.022744
0.01784
0.007844
0.008232
0.008714
0.019532
0.007375
0.010586
0.004776
0.014187
0.010532
0.011015
0.007412
0.021205
0.007416
0.014048
0.012181
0.012472
0.004543
0.004742
0.013898
0.019481
0.013768
0.005237
0.008828
0.004907
0.020388
0.008872
0.009508
0.003456
0.013258
0.003427
0.006814
0.003432
0.024296
0.012648
0.009872
0.009987
0.025622
0.005398
0.005425
0.012704
0.005447
0.005887
0.012878
0.011325
0.015916
0.013366
0.006611
0.005567
0.00855
0.011991
0.013926
0.008752
0.022986
0.007004
0.010023
0.008012
0.018201
0.007832
0.010467
0.005364
0.00494
0.010919
0.033957
0.006214
0.013751
0.005
0.007462
0.004775
0.007382
0.017883
0.003106
0.011284
0.014928
0.007648
0.004538
0.032633
0.005682
0.008342
0.007552
0.008358