
0.000908
0.001075
0.001047
0.000841
0.000985
0.0012
0.000948
0.00107
0.001041
0.001029
0.001115
0.001098
0.001035
0.001004
0.00097
0.00107
0.000948
0.00091
0.000923
0.001311
0.001267
0.000877
0.001069
0.000955
0.000976
0.001119
0.00095
0.001022
0.000951
0.000863
0.001299
0.000874
0.001027
0.001136
0.000988
0.001199
0.000898
0.000994
0.001096
0.001158
0.001087
0.000983
0.000948
0.001234
0.00092
0.001098
0.001012
0.000869
0.000876
0.001001
0.001089
0.001284
0.001339
0.001819
0.000908
0.001697
0.001558
0.001599
0.000938
0.001048
0.001504
0.001163
0.001436
0.001732
0.001115
0.001333
0.001531
0.000968
0.002845
0.001612
0.001394
0.001159
0.001787
0.001229
0.001189
0.001239
0.001139
0.00117
0.001071
0.001099
0.001322
0.000946
0.001214
0.001418
0.000996
0.001165
0.000957
0.001116
0.001268
0.000985
0.001215
0.001094
0.001102
0.000974
0.001336
0.00128
0.001377
0.001342
0.001261
0.001234
0.001026
0.001467
0.001151
0.000874
0.001114
0.000936
0.001338
0.001006
0.002244
0.001273
0.000937
0.001091
0.000971
0.00099
0.001054
0.000948
0.001437
0.001277
0.001174
0.00129
0.001114
0.001181
0.001153
0.00113
0.001293
0.001553
0.001048
0.000892
0.001335
0.001091
0.001008
0.000941
0.001196
0.001668
0.001429
0.002505
0.001709
0.001256
0.000903
0.001084
0.001034
0.001326
0.001458
0.001302
0.000978
0.001388
0.001512
0.000987
0.001756
0.001469
0.000889
0.001045
0.001034
0.001128
0.001055
0.001158
0.001052
0.001446
0.001058
0.001252
0.001253
0.001091
0.000948
0.000985
0.001398
0.001654
0.001244
0.001209
0.001154
0.002525
0.002028
0.001161
0.003636
0.000912
0.000928
0.001785
0.003149
0.001076
0.001999
0.001373
0.001392
0.001172
0.001321
0.001833
0.000952
0.000875
0.001197
0.001519
0.001058
0.000994
0.001009
0.001884
0.001062
0.000966
0.000954
0.00163
0.000932
0.00101
0.000974
0.001044
0.001668
0.001365
0.000997
0.001034
0.001168
0.001173
0.00121
0.00086
0.001067
0.00089
0.001816
0.003532
0.001254
0.000982
0.000973
0.000993
0.00096
0.00095
0.001461
0.00107
0.000975
0.001563
0.001323
0.000884
0.003499
0.001201
0.001241
0.001044
0.000963
0.001336
0.000927
0.001151
0.001127
0.00254
0.001151
0.001002
0.001096
0.001367
0.001091
0.001767
0.001132
0.001359
0.001193
0.001289
0.001192
0.001464
0.001122
0.001042
0.001001
0.001974
0.001
0.001124
0.001007
0.001239
0.001061
0.001073
0.002042
0.002318
0.001574
0.001046
0.001257
0.001283
0.00098
0.001129
0.001526
0.00302
0.001287
0.001172
0.000955
0.001004
0.00119
0.001038
0.001202
0.001147
0.001923
0.003908
0.001042
0.001037
0.001042
0.001395
0.001085
0.000979
0.001798
0.001344
0.001506
0.001491
0.001005
0.000964
0.003236
0.001097
0.001047
0.000983
0.00117