
0.093498
0.126242
0.111649
0.125495
0.0974699
0.0598648
0.0923388
0.108013
0.125732
0.105796
0.129386
0.125149
0.13473
0.114507
0.137147
0.146962
0.146962
0.01096
0.0656316
0.0698959
0.0698959
0.0685313
0.0696812
0.0718918
0.0718918
0.0686496
0.0542189
0.0542189
0.0291979
0.034363
0.0143085
0.0456442
0.0680869
0.0809899
0.0518505
0.0840445
0.0741294
0.0965719
0.0281393
0.0246
0.0136763
0.0203705
0.0226611
0.0226611
0.0433001
0.0695012
0.140571
0.131829
0.146486
0.132048
0.126744
0.14488
0.121927
0.12469
0.12469
0.136977
0.120344
0.124619
0.138863
0.129759
0.0544676
0.0467068
0.0556176
0.0552647
0.133262
0.148122
0.140018
0.0336026
0.0807509
0.0752742
0.0828563
0.0828563
0.105609
0.105609
0.106525
0.287517
0.241909
0.251563
0.240317
0.0423219
0.0171334
0.0084042
0.0109487
0.00663588
0.00663588
0.0152419
0.0044638
0.0124323
0.00439428
0.0210598
0.00976881
0.00752018
0.0748658
0.0114584
0.0170019
0.00119873
0.00119873
0.00263393
0.0395635
0.018761
0.0228655
0.0351894
0.0145215
0.030692
0.0042301
0.03721
0.0205851
0.0045058
0.016215
0.00902295
0.0241399
0.0324082
0.0531566
0.0283056
0.0243967
0.00513048
0.0172787
0.00406725
0.00406725
0.00290471
0.00799851
0.00482996
0.0243819
0.0197702
0.0278779
0.0156596
0.0235632
0.0314962
0.0314962
0.027235
0.0660002
0.0313313
0.00663001
0.0391466
0.0142512
0.0098389
0.0098389
0.0230785
0.00582062
0.0089357
0.0285796
0.0163663
0.0118842
0.0330003
0.0279897
0.0356432
0.0431259
0.0135031
0.00898017
0.0285154
0.00602066
0.0117773
0.0310398
0.0310398
0.0188166
0.0385475
0.0333321
0.0408139
0.0104071
0.0230641
0.0158121
0.0284864
0.0214156
0.0214156
0.00822316
0.0195592
0.0372571
0.0181044
0.0181044
0.012275
0.0171205
0.0123263
0.0202869
0.0277394