
3e-06
1e-06
1e-06
1e-06
2e-06
1e-06
1e-06
1e-06
2e-06
2e-06
1e-06
1e-06
1e-06
0
1e-06
1e-06
3e-06
1e-06
1e-06
1e-06
4e-06
1e-06
1e-06
1e-06
1e-06
1e-06
1e-06
1e-06
1e-06
1e-06
2e-06
1e-06
2e-06
1e-06
1e-06
2e-06
1e-06
1e-06
1e-06
1e-06
1e-06
0
1e-06
1e-06
1e-06
1e-06
1e-06
1e-06
1e-06
1e-06
1e-06
1e-06
1e-06
4e-06
1e-06
3e-06
1e-06
1e-06
1e-06
1e-06
1e-06
1e-06
3e-06
2e-06
0.00013
2e-06
1e-06
1e-06
1e-06
2e-06
1e-06
1e-06
2e-06
1e-06
1e-06
0.028082
0.030752
0.0785
0.032891
0.034187
0.029685
1e-06
1e-06
1e-06
1e-06
2e-06
2e-06
2e-06
3e-06
1e-06
0.050129
0.023758
0.023823
0.023995
0.023532
0.058848
0.026497
0.022708
0.022289
0.022354
0.018755
0.055704
0.038597
0.019426
0.018719
2e-06
0.02168
0.024073
0.06048
0.021742
1e-06
1e-06
1e-06
0.020618
0.020373
0.017532
0.056393
0.026386
0.021904
0.056725
0.019809
0.020402
0.020106
0.019982
0.019734
0.056662
0.018811
0.016347
0.016257
0.01858
0.018379
0.014826
0.023451
0.074594
3e-06
4e-06
2e-06
2e-06
1e-06
2e-06
1e-06
1e-06
0.019773
1e-06
1e-06
3e-06
0.026674
0.01572
0.054814
0.024988
0.015955
0.017181
0.017431
0.017762
0.02002
0.02097
0.02046
0.023624
0.022491
0.062575
0.02914
0.042456
0.018651
1e-06
3e-06
3e-06
1e-06
1e-06
2e-06
3e-06
3e-06
2e-06
4e-06
0.022358
0.018599
0.082934
0.075429
2e-06
2e-06
1e-06
3e-06
1e-06
1e-06
4e-06
2e-06
1e-06
1e-06
0.058353
0.022656
0.014421
0.01237
0.016579
0.012813
0.013991
0.018443
0.059547
0.028305
0.016828
0.0151
0.015133
0.077737
0.058943
0.014304
0.013218
0.015274
0.016846
0.016218
0.015712
0.016156
0.015035
0.061825
0.092215
0.016882
0.020088
0.021341
0.020728
0.020783
0.022777
0.060432
0.027057
0.019456
0.060505
0.029225
0.022635
0.063884
0.020298
0.018075
0.020685
0.020404
0.060806
0.028069
0.020385
0.020096
0.080957
0.019725
0.015954
0.01644
0.016961
0.019149
0.066655
0.034035
0.046383
0.054849
0.01818
0.017441
0.026296
0.015649
0.015952
0.01706
0.064053
0.021138
0.016745
0.01679
0.016617
0.022543
0.016478
0.071713
0.064545
0.076611
0.016726
0.013075
0.015897
0.013632
0.013137
0.029132
0.086272
0.056302
0.029666
0.015849
0.016806
0.0184
0.023059
0.016758
0.016934
0.054593
0.071145
0.014001
0.01443
0.017138
0.017828
0.018292
0.018773
0.058621
0.065665
0.063148
0.025771
0.021356
0.021443
0.065263
0.020284
0.016229
0.017437
0.017173