
0.012094
0.016327
0.015608
0.006708
0.015776
0.009097
0.008683
0.009599
0.016768
0.008824
0.020882
0.008667
0.008325
0.007351
0.015287
0.014309
0.007847
0.011378
0.008278
0.017876
0.007986
0.008554
0.008859
0.008411
0.007
0.013411
0.015859
0.013803
0.025538
0.008533
0.007636
0.008598
0.016984
0.015165
0.006561
0.007435
0.006244
0.006313
0.010518
0.007019
0.01541
0.022749
0.009127
0.017915
0.007648
0.02222
0.008578
0.015085
0.008367
0.006754
0.008257
0.016037
0.011119
0.012175
0.017268
0.014009
0.013724
0.024034
0.00707
0.007646
0.022905
0.008729
0.013358
0.023413
0.009406
0.018406
0.026555
0.012628
0.012662
0.011722
0.011319
0.009333
0.024797
0.009022
0.008179
0.056978
0.044094
0.103976
0.046066
0.061431
0.048139
0.013513
0.070062
0.00878
0.014682
0.013765
0.020855
0.016232
0.009266
0.019955
0.058549
0.039788
0.040933
0.034944
0.038297
0.070235
0.045249
0.032837
0.036558
0.037109
0.027836
0.07011
0.059651
0.02565
0.039783
0.008997
0.04567
0.032029
0.081535
0.031557
0.007859
0.007818
0.008035
0.028876
0.028394
0.024122
0.06677
0.037433
0.037055
0.070341
0.044398
0.043962
0.032291
0.031562
0.032007
0.072963
0.028852
0.024527
0.024409
0.027007
0.025003
0.031638
0.033355
0.092708
0.012534
0.048728
0.021166
0.012884
0.009741
0.011145
0.010814
0.009963
0.028634
0.011898
0.007669
0.009473
0.043108
0.021879
0.08161
0.045522
0.025253
0.036367
0.026461
0.034019
0.027229
0.036012
0.036176
0.048098
0.029745
0.07157
0.036817
0.054316
0.025752
0.01139
0.012293
0.034794
0.011466
0.017284
0.00717
0.035312
0.020685
0.007423
0.047433
0.032493
0.025066
0.105524
0.103623
0.008642
0.032122
0.00853
0.024366
0.008117
0.024822
0.01415
0.00807
0.007627
0.026135
0.071771
0.037281
0.02012
0.022549
0.028543
0.02715
0.021981
0.02571
0.077619
0.041033
0.025287
0.022707
0.02344
0.102313
0.069579
0.025305
0.026339
0.02447
0.035755
0.038336
0.023447
0.036618
0.02588
0.07901
0.13597
0.046673
0.031079
0.036473
0.036452
0.057877
0.035084
0.075438
0.037454
0.037734
0.085415
0.047458
0.037909
0.096234
0.034974
0.042023
0.04317
0.042488
0.071485
0.038703
0.045507
0.055926
0.110531
0.031319
0.033477
0.023473
0.055069
0.035988
0.088023
0.041094
0.073714
0.062477
0.035799
0.024765
0.064622
0.042944
0.037411
0.033591
0.114327
0.031776
0.028951
0.037143
0.028351
0.035503
0.04244
0.098629
0.101671
0.09982
0.030885
0.023296
0.034136
0.030907
0.032894
0.041782
0.117404
0.066272
0.042787
0.026947
0.042051
0.029044
0.037035
0.024535
0.02416
0.071139
0.116124
0.023334
0.032263
0.026113
0.028603
0.025149
0.02891
0.082753
0.070135
0.078436
0.045816
0.031389
0.027896
0.105956
0.028247
0.027356
0.027461
0.029419