
1.5163e+09
0.013571
0.017699
0.01704
0.008094
0.017196
0.010442
0.010097
0.01094
0.018552
0.010417
0.023125
0.010427
0.010057
0.009111
0.017021
0.016063
0.009498
0.013142
0.010061
0.01967
0.009662
0.010262
0.010481
0.010036
0.008605
0.015011
0.017629
0.015706
0.027681
0.010724
0.009651
0.010642
0.019021
0.017204
0.00863
0.009216
0.007794
0.007864
0.011974
0.008484
0.01687
0.024407
0.010849
0.019572
0.009228
0.024004
0.010348
0.01686
0.010199
0.008864
0.012322
0.058198
0.075774
0.024826
0.064641
0.041627
0.051773
0.043623
0.048897
0.055034
0.043909
0.052758
0.054846
0.046345
0.050248
0.053895
0.038995
0.053243
0.059353
0.050317
0.043197
0.05965
0.042799
0.048588
0.373481
0.09386
0.123941
0.184954
0.268408
0.099458
0.084938
0.087308
0.118259
0.028352
0.048217
0.20357
0.048553
0.10142
0.029434
0.111539
0.085133
0.064868
0.066104
0.0598
0.094173
0.099011
0.070358
0.05719
0.05015
0.048026
0.13445
0.152378
0.081981
0.050342
0.063807
0.037357
0.071303
0.087461
0.12216
0.058341
0.01406
0.068354
0.048653
0.051574
0.045583
0.045783
0.082654
0.227777
0.056656
0.092894
0.070915
0.069504
0.057959
0.05644
0.044811
0.201473
0.04463
0.050693
0.056408
0.086521
0.041297
0.085869
0.103259
0.162985
0.094814
0.130528
0.045704
0.02626
0.166767
0.031199
0.04993
0.046669
0.049389
0.049934
0.052849
0.052556
0.058521
0.033286
0.103102
0.058719
0.049077
0.050782
0.049534
0.050973
0.050476
0.04989
0.089853
0.055311
0.180787
0.091126
0.103651
0.066605
0.049915
0.069658
0.037377
0.050042
0.045899
0.05072
0.097573
0.058149
0.048124
0.100909
0.065465
0.03878
0.062561
0.31741
0.124391
0.093019
0.05343
0.027977
0.029492
0.042993
0.093034
0.171978
0.019648
0.052642
0.089241
0.088944
0.048751
0.038001
0.059529
0.047378
0.045687
0.212633
0.038903
0.106298
0.047459
0.187292
0.034667
0.097101
0.114105
0.219559
0.028593
0.058897
0.051101
0.048725
0.049945
0.050366
0.049304
0.089681
0.267818
0.294505
0.223415
0.044771
0.050371
0.050246
0.072707
0.050358
0.096044
0.051225
0.052298
0.095898
0.225289
0.050601
0.110706
0.049129
0.055739
0.056539
0.055936
0.096553
0.05222
0.05191
0.270952
0.137787
0.042728
0.045581
0.049456
0.068052
0.087335
0.098896
0.306589
0.084512
0.075794
0.048826
0.077464
0.075489
0.054011
0.043045
0.221431
0.135425
0.043773
0.048376
0.050029
0.07058
0.040937
0.254616
0.159524
0.162877
0.114721
0.045558
0.045827
0.145367
0.040288
0.09328
0.100163
0.143212
0.120762
0.053526
0.050626
0.053778
0.068433
0.047969
0.027242
0.052021
0.084338
0.235258
0.033187
0.051083
0.050278
0.050417
0.049825
0.050372
0.108237
0.086323
0.094308
0.061165
0.04798
0.049451
0.126013
0.037233
0.138235
0.038175