
0.001433
0.006528
0.025675
0.005289
0.015287
0.012396
0.014094
0.008615
0.008313
0.013098
0.006566
0.008167
0.01306
0.010441
0.010545
0.014264
0.004765
0.006889
0.015821
0.01573
0.010497
0.018549
0.01106
0.011221
0.025436
0.028341
0.070205
0.070536
0.00775
0.029276
0.028233
0.065683
0.036555
0.010469
0.01395
0.02224
0.020933
0.071819
0.013737
0.083937
0.020186
0.018725
0.018796
0.018548
0.049474
0.021536
0.018872
0.018252
0.007517
0.004954
0.073885
0.016661
0.01682
0.018221
0.017934
0.019137
0.049454
0.024807
0.020594
0.019338
0.01813
0.017114
0.011879
0.011268
0.00681
0.021672
0.012292
0.014116
0.018975
0.01812
0.018344
0.017771
0.005485
0.016397
0.010882
0.010731
0.017025
0.053787
0.010572
0.048752
0.062909
0.060835
0.072076
0.067607
0.01328
0.008229
0.012615
0.01371
0.013347
0.01015
0.009643
0.009592
0.011629
0.013558
0.010354
0.00747
0.014696
0.008723
0.007935
0.008737
0.008439
0.009219
0.009479
0.009544
0.049122
0.002702
0.010239
0.013461
0.060919
0.00868
0.008511
0.022411
0.013875
0.010752
0.01082
0.011523
0.056936
0.016167
0.014117
0.064385
0.012658
0.002302
0.008142
0.050954
0.012403
0.055342
0.013439
0.012975
0.010267
0.052933
0.005482
0.007565
0.009236
0.04848
0.011176
0.007462
0.008714
0.006715
0.002159
0.002549
0.008798
0.018788
0.002227
0.008248
0.007809
0.053144
0.003767
0.007163
0.007961
0.008871
0.008064
0.007656
0.008303
0.007744
0.047026
0.00261
0.003525
0.002277
0.009467
0.009663
0.009549
0.010317
0.010755
0.014166
0.009603
0.010175
0.003557
0.009885
0.008804
0.010094
0.009372
0.00953
0.009265
0.009348
0.017187
0.009358
0.002304
0.05222
0.017098
0.007894
0.008475
0.008193
0.009132
0.047303
0.003765
0.061826
0.007575
0.009242
0.008959
0.048384
0.007519
0.007756
0.002269
0.014736
0.008471
0.008064
0.008098
0.026368
0.001971
0.055717
0.053521
0.053367
0.010194
0.006744
0.002193
0.002014
0.006737
0.049338
0.054273
0.015704
0.050407
0.007743
0.007986
0.008499
0.026204
0.007898
0.007545
0.004814
0.003865
0.007267
0.008134
0.008145
0.008663
0.008409
0.008795
0.018443
0.011933
0.011702
0.010927
0.009273
0.008667
0.013343
0.001959
0.008118
0.007941
0.008506