
37
112
89
47
65
101
42
76
146
47
49
13
45
45
149
73
37
114
66
50
88
104
50
69
145
50
69
54
230
154
84
96
184
154
318
318
154
500
70
226
89
180
316
72
148
78
316
186
148
134
134
226
186
130
186
130
191
148
226
356
186
186
191
187
148
154
148
130
153
156
500
65
191
134
155
134
66
152
66
126
178
272
59
156
351
182
182
419
128
157
191
152
131
123
153
152
152
152
165
72
18
117
76
133
51
60
58
116
56
68
134
53
98
62
97
100
33
100
101
151
128
95
163
124
40
168
182
93
186
195
171
143
134
128
124
96
145
134
134
173
163
134
134
134
129
97
201
80
126
134
128
161
172
160
172
160
137
96
201
126
126
83
126
356
201
160
201
126
387
160
454
126
410
384
128
500
72
61
280
216
346
100
109
128
500
400
184
108
107
262
124
230
111
128
500
201
338
58
338
107
87
107
500
230
108
246
99
22
75
34
61
39
37
68
125
58
109
125
230
125
66
109
249
100
66
269
66
93
40
81
28
10
81
10
10
43
66
93
93
88
133
167
75
88
201
138
336
86
85
22
85
22
45
36
45
45
35
80
93
92
70
27
88
26
88
20
56
30
41
41
38
78
89
18
22
18
80
20
80
15
57
11
44
44
36
80
39
46
81
20
80
81
80
62
52
40
19
78
23
23
66
52
18
48
70
44
90
20
78
24
24
36
54
39
49
63
46
92
91
102
69
44
44
33
51
88
41
44
43
88
166
33
33
93
45
17
166
29
442
69
29
166
68
61
97
65
65
59
97
32
65
41
10
79
100
65
99
99
98
61
60
60
34
100
66
53
105
78
78
65
103
26
103
48
85
28
65
116
71
103
83
71
65
60
53
45
109
89
89
65
109
20
51
72
44
51
72
46
62
46
57
21
62
91
45
58
21
40
67
80
123
72
70
19
19
80
53
95
14
70
20
70
70
97
13
33
74
74
9
74
74
33
117
9
57
38
74
15
76
10
101
22
102
154
102
222
259
134
124
102
112
222
136
261
134
154
154
105
248
254
494
101
224
334
127
80
124
80
268
12
110
235
91
279
121
235
91
123
137
180
449
119
192
50
184
201
11
228
391
201
46
235
97
236
185
243