
146
491
399
251
161
169
190
190
146
500
146
488
134
255
177
172
227
186
145
500
154
500
134
226
448
180
316
186
148
191
156
500
127
191
134
155
134
178
152
182
146
134
177
172
133
138
255
170
187
174
151
128
164
163
124
129
168
182
173
186
129
129
201
164
126
134
128
161
172
160
133
280
216
346
100
109
128
500
400
184
99
43
249
255
230
83
137
505
125
209
93
52
253
249
65
273
65
65
157
216
85
218
85
246
332
156
266
156
136
228
88
222
88
58
102
159
261
151
137
225
80
218
80
52
107
25
272
161
165
231
78
225
351
66
96
93
202
70
174
237
78
226
352
232
99
102
204
63
175
238
69
241
367
238
100
478
195
131
179
240
61
451
173
173
111
487
185
173
120
202
53
459
177
177
117
440
179
233
130
85
45
238
183
183
114
446
170
139
126
92
40
148
132
123
118
122
167
470
132
98
33
128
148
89
125
129
67
117
89
105
22
102
154
102
222
259
134
124
102
112
12
110
235
91
279
121
235
91
123
137
25
119
68
198
286
115
241
243
192
387