
0.036451
0.007167
0.004839
0.003642
0.004544
0.003697
0.003343
0.004946
0.004104
0.004271
0.004064
0.004994
0.010388
0.004312
0.007103
0.004955
0.004131
0.004282
0.003558
0.009175
0.003793
0.00422
0.003892
0.006708
0.00401
0.004896
0.004459
0.003801
0.004053
0.004381
0.004136
0.003306
0.003997
0.003297
0.009626
0.008366
0.004702
0.010752
0.004685
0.003286
0.004472
0.010602
0.009825
0.003311
0.003264
0.002734
0.002937
0.005236
0.003129
0.005204
0.003198
0.003003
0.010652
0.004798
0.00276
0.007762
0.003566
0.009314
0.004077
0.00428
0.010187
0.004383
0.003157
0.003702
0.004038
0.004208
0.005398
0.005592
0.004878
0.004664
0.007039
0.006465
0.005692
0.005596
0.003221
0.003449
0.006683
0.005421
0.004205
0.006852
0.007719
0.004879
0.004143
0.010785
0.004424
0.0109
0.003662
0.003114
0.005813
0.005015
0.004648
0.004533
0.006025
0.007058
0.004391
0.003539
0.053587
0.00175
0.00292
0.003095
0.003375
0.002329
0.002811
0.003261
0.002458
0.002885
0.003058
0.006554
0.004798
0.003187
0.002088
0.004779
0.00309
0.004957
0.003034
0.003444
0.003248
0.004374
0.002554
0.049589
0.002274
0.003158
0.001808
0.003111
0.003404
0.003042
0.003252
0.001812
0.003506
0.003129
0.004558
0.006286
0.002757
0.003579
0.005506
0.003426
0.004418
0.002578
0.009895
0.004641
0.002549
0.004041
0.008695
0.00802
0.050803
0.002942
0.002327
0.00213
0.002412
0.007513
0.004287
0.003427
0.004426
0.004547
0.006994
0.004555
0.003505
0.004317
0.003879
0.005827
0.003327
0.005382
0.008316
0.005673
0.004677
0.00478
0.004593
0.003097
0.00393
0.003204
0.003606
0.003777
0.037036
0.002026
0.001863
0.001901
0.004739
0.004207
0.007783
0.002661
0.003904
0.008442
0.004429
0.004338
0.009518
0.003745
0.010207
0.004547
0.00366
0.003511
0.003652
0.003722
0.003706
0.003267
0.005218
0.005345
0.034896
0.002881
0.001597
0.004104
0.0026
0.003396
0.002281
0.002229
0.001894
0.004102
0.001788
0.005804
0.002678
0.003655
0.00453
0.00413
0.00487
0.002517
0.002959
0.003826
0.004151
0.00208
0.002857
0.003886
0.002848
0.003621
0.002173
0.00393
0.003075
0.005415
0.004241
0.030638
0.002483
0.00149
0.002407
0.005348
0.004015
0.003803
0.003868
0.003236
0.002623
0.004336
0.002359
0.004688
0.004787
0.005519
0.005952
0.011373
0.012075
0.005899
0.006474
0.003655
0.003876
0.002585
0.003096
0.033967
0.002517
0.00228
0.005404
0.005908
0.00482
0.003694
0.007292
0.003533
0.004568
0.005627
0.003491
0.002973
0.016332
0.006997
0.005419
0.005558
0.0029
0.008286
0.005029
0.009662
0.003244
0.008596
0.009817
0.003314
0.010916
0.003296
0.05318
0.002319
0.003833
0.003225
0.006968
0.003313
0.006818
0.005912
0.007654
0.01526
0.006367
0.010398
0.002932
0.026029
0.004622
0.005109
0.003533
0.035156
0.006128
0.002931
0.013273
0.05269
0.002615
0.001723
0.003496
0.002031
0.00346
0.001678
0.003004
0.002458
0.003413
0.008933
0.00953
0.00482
0.012218
0.007707
0.003405
0.003216
0.009086
0.003485
0.003497
0.003239
0.01097
0.005794
0.046151
0.002581
0.00306
0.004093
0.002045
0.00173
0.003789
0.001628
0.001539
0.003008
0.003534
0.002297
0.002448
0.002226
0.002232
0.012119
0.005077
0.006812
0.004479
0.003313
0.002361
0.005829
0.005855
0.008547
0.004047
0.059039
0.002482
0.001798
0.002027
0.001832
0.003207
0.002102
0.003033
0.003023
0.002094
0.003977
0.002041
0.002116
0.004
0.006192
0.004172
0.00375
0.00247
0.001808
0.036581
0.003006
0.001944
0.002247
0.001751
0.003181
0.001927
0.003109
0.003231
0.00223
0.003787
0.002126
0.002337
0.002262
0.001873
0.010411
0.004288
0.002785
0.00235
0.043423
0.002252
0.001768
0.001996
0.001563
0.00318
0.001634
0.003111
0.003113
0.002663
0.003738
0.003876
0.002841
0.004947
0.002987
0.002461
0.003167
0.00986
0.001987
0.006297
0.002124
0.003932
0.002001
0.002069
0.002782
0.003304
0.006571
0.0023
0.004007
0.003118
0.007399
0.003394
0.044706
0.002253
0.001885
0.002063
0.00345
0.001725
0.002301
0.003031
0.00404
0.017038
0.00927
0.042653
0.002358
0.002212
0.001964
0.002891
0.003418
0.002967
0.002084
0.003071
0.003676
0.010321
0.004114
0.003917
0.056559
0.002369
0.003198
0.00297
0.002794
0.00312
0.00391
0.002063
0.003092
0.002971
0.00383
0.00604
0.006547
0.003226
0.006831
0.003674
0.011266
0.004937
0.004092
0.003135
0.005529
0.001344
0.007986
0.003272
0.002941
0.011924
0.002612
0.005178
0.003203
0.004482
0.006077
0.002319
0.002077
0.050143
0.002055
0.003799
0.003555
0.00351
0.003345
0.003662
0.001914
0.003473
0.003757
0.001577
0.005737
0.003662
0.016261
0.006168
0.005448
0.003384
0.011404
0.004008
0.00985
0.004598
0.010196
0.004307
0.002872
0.003042
0.003357
0.003354
0.003529
0.008032
0.003373
0.002081
0.010193
0.00575
0.003892
0.00369
0.047931
0.001968
0.004154
0.003642
0.003532
0.003367
0.004014
0.001964
0.003959
0.003093
0.010181
0.008064
0.003601
0.003322
0.006965
0.004197
0.003484
0.006008
0.010715
0.004575
0.003581
0.003466
0.00342
0.003232
0.006878
0.006287
0.0021
0.001887
0.045078
0.001906
0.003857
0.003665
0.003592
0.004268
0.003953
0.00175
0.003154
0.003332
0.00299
0.005997
0.004296
0.003037
0.003663
0.002009
0.002346
0.004864
0.006451
0.002027
0.001996
0.007548
0.012945
0.003684
0.001647
0.003806
0.006383
0.003648
0.003681
0.003154
0.004733
0.00324
0.003121
0.008021
0.00183
0.037874
0.001907
0.003567
0.003533
0.003783
0.00362
0.001684
0.002464
0.003635
0.003352
0.020758
0.011966
0.003926
0.001776
0.0038
0.003537
0.010301
0.001967
0.003708
0.003484
0.004256
0.003627
0.006398
0.004029
0.004065
0.001785
0.028492
0.001678
0.003514
0.003551
0.001472
0.003593
0.00336
0.002764
0.001774
0.003131
0.008361
0.00816
0.01202
0.011234
0.010488
0.003175
0.004886
0.003622
0.003862
0.001646
0.006359
0.005187
0.031219
0.001855
0.005502
0.004129
0.006995
0.004228
0.006312
0.017425
0.005125
0.008056
0.006254
0.011775
0.003222
0.00595
0.008433
0.00366
0.003421
0.007935
0.012793
0.014143
0.040753
0.001714
0.004457
0.011414
0.003488
0.00526
0.003448
0.005765
0.014539
0.001636
0.008805
0.011865
0.006011
0.00337
0.026409
0.004235
0.006557
0.046642
0.005968
0.006429