
0.005805
0.006517
0.005574
0.005453
0.005443
0.005562
0.003763
0.006575
0.011419
0.004007
0.00674
0.006291
0.005305
0.004984
0.008864
0.00577
0.010323
0.005498
0.005794
0.004583
0.004201
0.008626
0.003852
0.005721
0.00546
0.007334
0.006351
0.006271
0.004717
0.006362
0.010855
0.006683
0.006056
0.008492
0.006509
0.008048
0.006116
0.006517
0.009263
0.004906
0.006185
0.004804
0.004504
0.011897
0.006775
0.010026
0.0057
0.004421
0.005187
0.006102
0.010892
0.005557
0.011907
0.019748
0.016302
0.01208
0.007674
0.014116
0.010427
0.008876
0.00625
0.040175
0.016787
0.007927
0.006557
0.018721
0.010664
0.012138
0.005796
0.01342
0.008013
0.00758
0.010538
0.014439
0.006974
0.01045
0.01806
0.004688
0.025319
0.006456
0.007439
0.004185
0.005675
0.008477
0.00647
0.009823
0.01341
0.011948
0.010386
0.010004
0.006279
0.004922
0.011162
0.008618
0.016076
0.011132
0.006016
0.004099
0.012813
0.008235
0.009221
0.01116
0.009796
0.007189
0.012655
0.009774
0.01039
0.014648
0.009237
0.008553
0.005494
0.014794
0.005911
0.004632
0.034744
0.010312
0.013535
0.010339
0.020171
0.004138
0.004267
0.003966
0.005791
0.006854
0.006678
0.009911
0.008618
0.008968
0.02184
0.018899
0.027699
0.011365
0.019739
0.012664
0.015979
0.007789
0.012345
0.01207
0.008321
0.004563
0.017047
0.018688
0.023066
0.008786
0.013062
0.012087
0.015596
0.020638
0.006615
0.004396
0.006657
0.00581
0.006582
0.005767
0.00947
0.004453
0.015546
0.009813
0.008375
0.008519
0.02348
0.030156
0.012886
0.004443
0.00972
0.007958
0.008535
0.010118
0.004501
0.008038
0.007151
0.006208
0.007155
0.004316
0.009207
0.010203
0.008823
0.004307
0.005905
0.006952
0.027584
0.008514
0.006906
0.004495
0.037643
0.016114
0.009803
0.004615
0.005233
0.006388
0.01106
0.009836
0.028325
0.005153
0.006837
0.029481
0.00704
0.012827
0.012667
0.007907
0.038932
0.012968
0.014303
0.007863
0.015173
0.011921
0.016527
0.021871
0.005378
0.023037
0.005315
0.006458
0.003289
0.014765
0.004166
0.009403
0.003397
0.01287
0.004641
0.006465
0.018915
0.010577
0.011291
0.008615
0.004267
0.010688
0.010858
0.016658
0.005779
0.009299
0.011962
0.017259
0.060563
0.014094
0.024541
0.011743
0.004322
0.004215
0.028817
0.011497
0.017443
0.004678
0.006287
0.009384
0.010168
0.002797
0.007391
0.002866
0.015955
0.007564
0.010201
0.00746
0.010867
0.008798
0.005522
0.007079
0.00595
0.005744
0.008033
0.002855
0.009439
0.002507
0.015464
0.012139
0.01302
0.005789
0.005676
0.00544
0.003884
0.016871
0.025023
0.005664
0.006297
0.021165
0.007509
0.007339
0.006442
0.029441
0.006186
0.028016
0.00993