
0.000922
0.001119
0.000981
0.00093
0.000995
0.001073
0.000907
0.000917
0.000888
0.000992
0.000856
0.001035
0.000867
0.000989
0.001063
0.001098
0.00102
0.000897
0.001122
0.00093
0.000967
0.000972
0.00101
0.000883
0.001006
0.001081
0.000977
0.00094
0.000958
0.000868
0.001006
0.00112
0.001037
0.001047
0.000889
0.001058
0.000916
0.001163
0.001011
0.00112
0.001009
0.000995
0.000867
0.001013
0.000875
0.000988
0.000945
0.000886
0.000955
0.001034
0.000981
0.001038
0.001658
0.002714
0.002754
0.001532
0.001602
0.002471
0.001869
0.001038
0.001165
0.002531
0.002545
0.001408
0.001263
0.001771
0.001622
0.001807
0.001744
0.003068
0.001821
0.001758
0.001549
0.002128
0.001327
0.001064
0.001297
0.000957
0.001828
0.001027
0.001143
0.000986
0.001045
0.001023
0.001071
0.001308
0.001175
0.001155
0.001079
0.00117
0.001168
0.001007
0.001193
0.000998
0.003268
0.001109
0.000911
0.000884
0.001338
0.001035
0.001063
0.001646
0.001675
0.001416
0.001234
0.001198
0.00106
0.001082
0.001093
0.000942
0.001093
0.001296
0.00115
0.001084
0.003423
0.001192
0.00115
0.001096
0.002131
0.000993
0.000874
0.000986
0.000856
0.001302
0.000919
0.001052
0.000937
0.000886
0.002885
0.002741
0.003582
0.001635
0.001348
0.00131
0.00129
0.001424
0.001842
0.002014
0.000922
0.000914
0.001528
0.001485
0.001315
0.001114
0.001194
0.002226
0.000999
0.001789
0.001242
0.000893
0.000965
0.001115
0.001278
0.001249
0.00097
0.000997
0.001218
0.001118
0.001003
0.001118
0.002077
0.001813
0.001307
0.00099
0.001019
0.000978
0.001049
0.001141
0.001091
0.001002
0.000971
0.001223
0.000846
0.000979
0.00092
0.000869
0.001001
0.000932
0.000883
0.000989
0.001617
0.001156
0.001059
0.000948
0.001719
0.000995
0.000839
0.00085
0.001008
0.001161
0.001162
0.001021
0.001924
0.001177
0.001443
0.001908
0.001226
0.001043
0.001453
0.001775
0.002601
0.001255
0.001201
0.001053
0.000976
0.001103
0.001328
0.003315
0.001534
0.001922
0.000993
0.001799
0.000938
0.001322
0.001069
0.001305
0.001012
0.000887
0.000987
0.001032
0.00179
0.001612
0.001267
0.000943
0.001017
0.001021
0.000969
0.001321
0.001012
0.001186
0.001087
0.001556
0.002773
0.001785
0.002015
0.001057
0.00105
0.001477
0.003294
0.001061
0.001095
0.00127
0.001462
0.000926
0.003185
0.001014
0.001181
0.001129
0.001481
0.001112
0.003534
0.001398
0.001258
0.00109
0.001048
0.000954
0.001271
0.001085
0.001299
0.000964
0.00102
0.000975
0.002004
0.000967
0.00099
0.001195
0.001019
0.001017
0.001579
0.002377
0.002506
0.002177
0.001136
0.001821
0.000956
0.001029
0.001023
0.002305
0.001041
0.001818
0.00157