
0.0282843
0.0746485
0.0954944
0.084356
0.07378
0.0262127
0.0301603
0.0296796
0.0296796
0.073843
0.073843
0.073296
0.073296
0.0727161
0.0727161
0.0726548
0.0726548
0.0725325
0.0725325
0.0723225
0.0720922
0.0205672
0.045728
0.0426622
0.0159692
0.0325215
0.0240805
0.0456378
0.024966
0.0366696
0.0366696
0.0336996
0.0650259
0.0990866
0.118109
0.113247
0.105575
0.133858
0.125274
0.143999
0.126856
0.145234
0.136436
0.0215917
0.0107361
0.0322638
0.0107843
0.0207627
0.0515582
0.0863692
0.0381095
0.00344645
0.0160142
0.00654105
0.0188928
0.00315512
0.0202404
0.0202404
0.0321329
0.0116172
0.0340077
0.0340077
0.0129493
0.0354579
0.0249244
0.00710371
0.058897
0.0447197
0.00256875
0.0126517
0.0290518
0.00711493
0.0285106
0.0285106
0.0174645
0.0174645
0.017318
0.0161165
0.0130169
0.0150431
0.0271641
0.016695
0.00237983
0.0183002
0.00739302
0.0401273
0.0167849
0.1207
0.0569387
0.0840527
0.0409161
0.0293646
0.00796559
0.0100629
0.0872726
0.004973
0.0363259
0.0235718
0.00342701
0.0630438
0.0751551
0.0544041
0.126813
0.0938231
0.0938231
0.0608445
0.0608445
0.0884884
0.0709304
0.0709304
0.0865933
0.0865933
0.0865933
0.107566
0.0795083
0.0637357
0.0637357
0.0967293
0.0567588
0.0530652
0.0454876
0.065957
0.0132063
0.00143005
0.0336917
0.0320343
0.0544455
0.0174487
0.0141831
0.0135401
0.0337619
0.0666574
0.00142848
0.00142848
0.00525366
0.0423266
0.0345543
0.0345543
0.00265114
0.0308436
0.0308436
0.0293653
0.0293653
0.00935947
0.00935947
0.0260225
0.0066541
0.0102108
0.0660007
0.00891483
0.0242624
0.057235
0.057235
0.0273538
0.00404754
0.0229656
0.0182363
0.0509082
0.00707899
0.0294112
0.0621122
0.0031649
0.0353062
0.00349985
0.014963
0.0576708
0.0501876
0.0178157