
2e-06
1e-06
1e-06
1e-06
1e-06
1e-06
1e-06
1e-06
2e-06
1e-06
1e-06
1e-06
1e-06
1e-06
1e-06
1e-06
2e-06
1e-06
1e-06
1e-06
1e-06
1e-06
1e-06
1e-06
1e-06
1e-06
1e-06
1e-06
1e-06
1e-06
1e-06
1e-06
2e-06
1e-06
1e-06
1e-06
1e-06
3e-06
1e-06
2e-06
1e-06
1e-06
1e-06
1e-06
1e-06
1e-06
1e-06
1e-06
1e-06
1e-06
1e-06
1e-06
2e-06
5e-06
4e-06
2e-06
3e-06
4e-06
3e-06
1e-06
1e-06
4e-06
3e-06
1e-06
3e-06
2e-06
2e-06
3e-06
2e-06
5e-06
3e-06
2e-06
3e-06
3e-06
0.065357
0.026814
0.038102
0.023647
0.068994
0.027264
0.027235
0.027109
0.027505
2e-06
1e-06
2e-06
2e-06
1e-06
2e-06
1e-06
2e-06
1e-06
2e-06
1e-06
7e-06
2e-06
2e-06
1e-06
1e-06
2e-06
2e-06
4e-06
2e-06
1e-06
2e-06
0.029777
0.020546
0.020514
0.021114
0.021232
0.02138
0.020741
0.021838
0.021109
0.070465
0.047259
0.021962
0.023075
0.071224
0.023724
0.017881
0.016765
0.014819
0.032406
0.013399
0.013418
0.013353
0.014993
0.07856
5e-06
4e-06
1e-06
3e-06
1e-06
1e-06
2e-06
4e-06
3e-06
1e-06
1e-06
3e-06
3e-06
2e-06
2e-06
0.019817
0.057506
0.019083
0.056591
0.033825
0.016727
0.016852
0.015711
0.018157
0.018845
0.015361
0.016301
0.016431
0.018554
1e-06
2e-06
0.065442
0.069684
0.033785
0.01604
0.015888
0.016718
0.016051
0.015967
0.016362
0.016078
0.016808
0.015488
0.016203
0.015748
0.015744
0.019506
0.022504
0.021643
0.021378
0.050578
0.060366
0.019441
0.019456
0.018625
0.056891
0.021017
0.022333
0.021185
0.019534
0.020399
0.046431
0.022049
0.066157
0.025155
0.060327
0.066216
0.033382
0.019467
0.042308
0.059275
0.074764
0.026472
0.02502
0.044091
0.020872
0.021029
0.028773
0.084626
0.057719
0.069287
0.018713
0.0655
0.017037
0.017144
0.026005
0.016882
0.01603
0.015937
0.017886
0.018636
0.077984
0.029209
0.026499
0.017246
0.016654
0.016041
0.018226
0.038706
0.018342
0.018243
0.040531
0.05826
0.073377
0.069717
0.070425
0.020371
0.020222
0.083082
0.089846
0.019674
0.017823
0.019008
0.070834
0.023085
0.068613
0.019016
0.01844
0.018482
0.030432
0.023563
0.063146
0.027408
0.017852
0.019291
0.019518
0.022666
0.019594
0.024699
0.019728
0.0432
0.018524
0.019226
0.061269
0.0221
0.017697
0.016778
0.016791
0.01748
0.061873
0.068044
0.07413
0.064351
0.03711
0.053225
0.017111
0.015899
0.016042
0.061525
0.02553
0.056265
0.057394