
0.008287
0.009012
0.007827
0.007644
0.008086
0.007766
0.005653
0.009147
0.014778
0.005925
0.009166
0.008091
0.007549
0.00736
0.011727
0.008115
0.013352
0.007909
0.008035
0.006758
0.006357
0.011401
0.005878
0.008039
0.008132
0.009986
0.008821
0.008902
0.006968
0.008923
0.014289
0.009273
0.008616
0.013095
0.009077
0.011071
0.008648
0.008935
0.012386
0.006585
0.008721
0.006986
0.007851
0.015292
0.009301
0.014519
0.007993
0.006016
0.007488
0.008685
0.01503
0.00761
0.017091
0.026969
0.023927
0.016692
0.011739
0.022399
0.013854
0.014773
0.008787
0.087863
0.023213
0.01173
0.010496
0.026121
0.015372
0.01836
0.010745
0.023358
0.011906
0.012224
0.015645
0.020263
0.081766
0.04438
0.070782
0.033539
0.107276
0.036429
0.038199
0.036472
0.036114
0.011844
0.009774
0.01382
0.018562
0.016663
0.017502
0.014239
0.009713
0.00733
0.015871
0.011533
0.027075
0.014849
0.009314
0.007087
0.018849
0.01153
0.013045
0.018996
0.019462
0.013001
0.020522
0.043218
0.035869
0.041674
0.033824
0.032669
0.029473
0.040712
0.030623
0.028208
0.111221
0.061404
0.041879
0.039713
0.099317
0.032586
0.024694
0.022933
0.02313
0.042103
0.022683
0.028667
0.025011
0.027172
0.109225
0.027087
0.038883
0.01835
0.026677
0.017408
0.021134
0.010676
0.016596
0.016408
0.0157
0.010827
0.029935
0.030954
0.041356
0.016602
0.039124
0.074066
0.040669
0.087012
0.043152
0.022914
0.026303
0.02406
0.027397
0.026782
0.031004
0.027512
0.044969
0.035805
0.017216
0.016232
0.106977
0.126748
0.057857
0.026136
0.033619
0.031869
0.031441
0.031668
0.026741
0.031279
0.030658
0.026602
0.030023
0.025582
0.032499
0.037885
0.038724
0.031846
0.032168
0.05951
0.100459
0.034836
0.036867
0.027485
0.112762
0.052152
0.040169
0.032038
0.031112
0.029449
0.065685
0.042587
0.122973
0.036033
0.07355
0.109428
0.047842
0.040436
0.064493
0.082355
0.129257
0.049836
0.052387
0.058667
0.050468
0.047707
0.057819
0.130638
0.071229
0.108314
0.030924
0.081409
0.021729
0.040675
0.032388
0.031335
0.02086
0.033224
0.024747
0.028066
0.103312
0.043789
0.041087
0.032966
0.023193
0.030406
0.041128
0.073932
0.026968
0.030969
0.063426
0.081326
0.142482
0.088663
0.102998
0.038727
0.026732
0.092829
0.128933
0.03745
0.041191
0.025855
0.080303
0.035663
0.093217
0.024935
0.028729
0.024408
0.054842
0.033668
0.085037
0.038347
0.032281
0.033498
0.027685
0.032274
0.028157
0.032953
0.030657
0.047512
0.031168
0.024494
0.085218
0.037877
0.036302
0.025171
0.025171
0.025463
0.069727
0.093158
0.109707
0.073934
0.045261
0.081841
0.027731
0.028233
0.025022
0.100603
0.034402
0.094695
0.071361