
1.5118e+09
0.009846
0.010563
0.009326
0.009159
0.009498
0.009152
0.006978
0.010315
0.016149
0.007196
0.010535
0.009466
0.00893
0.008768
0.013173
0.009568
0.014792
0.009313
0.009429
0.008114
0.007669
0.01272
0.006997
0.009173
0.009269
0.011159
0.010074
0.010109
0.008144
0.010079
0.015506
0.010532
0.009889
0.014243
0.010293
0.012342
0.009995
0.010176
0.01369
0.007851
0.009898
0.008106
0.008989
0.016422
0.010481
0.015645
0.009066
0.007097
0.008545
0.009762
0.017283
0.052048
0.057646
0.046689
0.054144
0.043362
0.076759
0.035046
0.045675
0.040033
0.080914
0.130294
0.048565
0.01857
0.064266
0.037024
0.06805
0.032058
0.08806
0.035007
0.049405
0.026896
0.066375
0.214958
0.120959
0.116035
0.096058
0.064827
0.24156
0.07013
0.044558
0.068995
0.067866
0.01835
0.023125
0.079776
0.026126
0.081917
0.024684
0.091954
0.015649
0.060286
0.022654
0.14584
0.081464
0.04547
0.017037
0.145151
0.040673
0.033571
0.086325
0.029545
0.062164
0.022485
0.077903
0.067041
0.04118
0.064732
0.040166
0.056028
0.034529
0.062917
0.036272
0.033284
0.197546
0.075454
0.205837
0.105177
0.124503
0.122821
0.036984
0.048955
0.047671
0.052621
0.041822
0.057449
0.042581
0.109352
0.180919
0.098756
0.065399
0.056226
0.030821
0.059609
0.035487
0.058007
0.04385
0.209415
0.029738
0.042451
0.065963
0.036843
0.201097
0.031383
0.043544
0.095948
0.045104
0.153299
0.056442
0.050736
0.040646
0.053696
0.046721
0.18009
0.043885
0.04187
0.062345
0.043006
0.057738
0.03705
0.175174
0.142489
0.197736
0.038236
0.042018
0.058909
0.041026
0.059011
0.041197
0.05993
0.039842
0.059259
0.040832
0.052633
0.200979
0.052663
0.053729
0.036622
0.133348
0.243566
0.26487
0.048273
0.040966
0.060275
0.126486
0.066629
0.044208
0.045585
0.0349
0.110675
0.236438
0.098437
0.149944
0.043875
0.259497
0.132237
0.062385
0.092816
0.082295
0.330878
0.156633
0.05502
0.273804
0.07342
0.05438
0.100556
0.268127
0.3239
0.298038
0.293842
0.237816
0.229308
0.033306
0.098527
0.035649
0.042954
0.023992
0.049788
0.041135
0.124144
0.123824
0.064524
0.053483
0.036383
0.029574
0.257527
0.094753
0.088888
0.038827
0.103604
0.075689
0.103147
0.202185
0.115964
0.265619
0.051156
0.092958
0.155667
0.15405
0.049998
0.044198
0.087964
0.095566
0.085043
0.250754
0.036621
0.041453
0.062005
0.058918
0.045269
0.11483
0.051283
0.035274
0.041353
0.061897
0.03817
0.062934
0.037
0.127698
0.052792
0.176533
0.03611
0.119321
0.048937
0.038776
0.043603
0.042018
0.061046
0.08699
0.158844
0.136767
0.083762
0.050195
0.210525
0.038141
0.050948
0.041476
0.131276
0.036788
0.114814