
0.000835
0.002601
0.007056
0.02463
0.009765
0.025853
0.028215
0.01369
0.012349
0.017259
0.033317
0.018061
0.014266
0.02893
0.06346
0.015349
0.022302
0.016152
0.02677
0.024982
0.024925
0.028452
0.035479
0.046334
0.029928
0.096173
0.032569
0.02452
0.016596
0.016498
0.03369
0.026194
0.027012
0.017482
0.017205
0.017278
0.016758
0.076111
0.007834
0.007576
0.057606
0.004744
0.008495
0.007568
0.006995
0.007221
0.057474
0.059471
0.061105
0.014386
0.018629
0.013882
0.005379
0.004328
0.009003
0.015013
0.002583
0.009584
0.01346
0.055394
0.008407
0.008795
0.002689
0.002771
0.008354
0.012355
0.011375
0.055222
0.004869
0.002137
0.007769
0.008416
0.008264
0.008931
0.008508
0.00212
0.009804
0.010014
0.073746
0.002823
0.003126
0.008892
0.009809
0.009391
0.009979
0.009091
0.05985
0.00234
0.050674
0.016616
0.002901
0.015385
0.009714
0.047887
0.011304
0.007056
0.017705
0.002767
0.010075
0.048562
0.003009
0.004426
0.004093
0.00424
0.002323
0.005125
0.007949
0.053375
0.008116
0.008622
0.067572
0.014039
0.014337
0.008662
0.054408
0.049684
0.010597
0.052141
0.00859
0.01542
0.053345
0.018537
0.005464
0.008851
0.051119
0.056211
0.014504
0.009078
0.048573
0.010947
0.045969
0.007516
0.008341
0.011115
0.008371
0.017662
0.009025
0.010965
0.011912
0.071958
0.002058
0.002434
0.00851
0.022793
0.008128
0.007791
0.01028
0.012798
0.057478
0.016592
0.002101
0.003791
0.007713
0.008206
0.021612
0.014719
0.011358