
43
147
33
38
48
104
46
15
48
46
148
29
41
18
40
29
168
198
36
161
244
176
292
396
341
36
299
161
107
298
161
79
341
113
79
69
288
231
245
17
21
22
151
22
251
151
103
189
246
269
245
151
277
146
149
55
277
269
103
230
23
64
56
18
140
24
18
47
64
47
21
164
27
85
58
134
117
166
14
166
258
266
161
153
214
13
156
129
362
129
156
316
129
129
129
68
43
41
49
126
13
25
78
78
44
62
126
62
78
49
78
78
33
34
42
118
27
31
78
42
37
36
299
37
152
313
135
114
143
153
114
183
142
141
114
28
21
51
61
114
37
21
23
61
55
22
114
44
34
37
41
44
44
20
45
21
46
61
18
49
15
109
63
139
21
40
50
111
45
47
47
19
109
41
49
31
50
110
51
50
17
58
125
106
57
57
20
48
52
58
85
106
20
125
56
41
63
41
104
62
57
20
63
84
58
53
38
143
38
98
59
50
36
143
96
37
97
36
19
37
67
51
67
56
44
58
125
57
63
54
47
39
93
71
51
39
51
13
93
47
51
58
58
17
67
58
57
60
86
57
65
65
65
10
39
65
39
68
87
75
66
64
65
82
64
47
47
72
38
45
66
67
84
78
68
65
67
79
67
49
46
74
67
66
78
77
74
73
78
50
75
72
85
76
84
81
48
81
84
83
50
76
73
85
75
85
82
48
82
85
75
47
79
76
88
72
87
85
49
85
87
50
48
82
78
91
71
89
88
50
88
89
81
42
84
80
94
69
92
91
51
84
92
69
187
123
195
224
58
214
135
133
123
384
57
133
85
70
70
118
57
438
90
147
336
134
336
86
70
327
221
129
158
236
44
352
84
344
147
260
103
47
58
102
124
213
119
311
147
311
147
266
226
134
321
246
35
277
158
355
246
270
270
35
79
36
194
37
277
158
375
76
85
276
37
234
79
284
202
26
284
166
92
383
278
26
198
26
278
25
198
25
71
336
166
25
127
198
132
132
200
25
265
107
212
297
210
15
295
178
142
396
276
17
102
396
266
97
130
117
117
16
129
167
14
102
288
136
333
103
218
6
174
137
149
404
134
218
137
5
149
272
134
5
500
212