
190
147
250
89
246
422
355
242
247
306
168
340
234
107
244
52
376
240
244
327
277
146
151
98
69
332
288
69
121
166
274
252
266
142
140
322
98
71
236
257
280
260
270
151
129
65
106
175
244
266
68
142
145
304
126
31
249
367
249
97
341
133
138
298
118
37
67
372
258
89
126
131
152
313
114
37
131
126
273
102
247
271
149
115
109
209
139
126
70
188
226
274
277
125
106
192
472
126
76
217
230
290
281
149
104
195
473
128
321
231
234
292
143
151
98
196
466
139
143
237
241
92
156
305
93
80
468
294
490
93
247
98
176
322
86
81
475
311
500
87
252
103
179
325
82
86
430
301
155
130
258
108
182
320
79
87
434
302
158
355
174
112
184
213
76
203
123
305
162
374
174
114
186
213
75
207
125
305
164
378
175
116
188
216
72
209
127
305
166
379
176
119
190
219
71
211
130
308
169
382
177
120
192
221
69
212
132
308
120
383
187
123
195
224
58
214
135
133
123
384
221
129
158
236
44
352
84
344
147
260
226
134
321
246
35
277
158
355
246
270
234
79
284
202
26
284
166
92
383
278
107
212
297
210
15
295
178
142
396
276
136
333
103
218
6
174
137
149
404
134