
0.047603
0.004362
0.004825
0.00409
0.004027
0.003883
0.004015
0.002574
0.004981
0.009427
0.002707
0.005187
0.00478
0.003927
0.003556
0.007023
0.004157
0.004174
0.004015
0.004092
0.004182
0.00324
0.002889
0.006888
0.002564
0.004284
0.003943
0.005549
0.004765
0.004714
0.003337
0.004836
0.003948
0.004683
0.004943
0.00442
0.003182
0.003348
0.00493
0.006122
0.0046
0.004746
0.003212
0.004064
0.003371
0.004603
0.00343
0.003227
0.003971
0.005725
0.005233
0.003808
0.00414
0.004211
0.003126
0.003721
0.004482
0.004671
0.004053
0.004051
0.008737
0.014889
0.011747
0.009352
0.005478
0.010352
0.007624
0.003035
0.00393
0.004515
0.035023
0.012621
0.005755
0.00475
0.007827
0.007002
0.008014
0.00911
0.003658
0.00931
0.005583
0.005188
0.007982
0.010873
0.063586
0.003016
0.003807
0.002693
0.002109
0.002827
0.003327
0.002227
0.001704
0.00307
0.002235
0.005048
0.005174
0.008432
0.002153
0.004787
0.01017
0.002534
0.002027
0.003323
0.002398
0.021387
0.004199
0.056721
0.004835
0.005673
0.002861
0.001778
0.004143
0.006708
0.004789
0.007641
0.010934
0.009662
0.008328
0.00176
0.007941
0.004531
0.003471
0.008951
0.006976
0.011424
0.009002
0.00461
0.002866
0.047168
0.002713
0.007517
0.006472
0.007342
0.008449
0.002703
0.007232
0.002895
0.005123
0.001741
0.004812
0.005269
0.001726
0.007719
0.00387
0.004306
0.004962
0.007022
0.007325
0.006855
0.003931
0.007631
0.004316
0.004228
0.003248
0.029409
0.008171
0.004415
0.006544
0.049845
0.002527
0.003784
0.002394
0.001297
0.004181
0.001794
0.001701
0.002902
0.003308
0.002192
0.00847
0.001984
0.016282
0.002799
0.001918
0.049238
0.003025
0.002669
0.004406
0.004884
0.005158
0.002672
0.005196
0.001579
0.006906
0.007256
0.016719
0.014149
0.021226
0.003581
0.005112
0.001457
0.004823
0.011572
0.004364
0.005635
0.013125
0.005697
0.009417
0.008978
0.055639
0.002408
0.002189
0.002338
0.003466
0.001615
0.001915
0.003842
0.003742
0.002295
0.00666
0.003436
0.003259
0.003518
0.013871
0.004781
0.015559
0.005655
0.008733
0.01064
0.003196
0.004171
0.048334
0.003895
0.002142
0.001968
0.002037
0.00333
0.002648
0.002552
0.00355
0.002151
0.002082
0.006647
0.003067
0.007784
0.002723
0.008839
0.008213
0.004708
0.006342
0.010062
0.004772
0.003137
0.005026
0.004157
0.00476
0.004051
0.039832
0.002195
0.001843
0.002979
0.003136
0.003179
0.001741
0.001795
0.003318
0.003085
0.007656
0.002014
0.0031
0.003232
0.00706
0.005669
0.002341
0.002743
0.007825
0.003083
0.006638
0.003228
0.006693
0.00377
0.01945
0.008087
0.007403
0.017657
0.003898
0.006777
0.004449
0.005802
0.001946
0.003127
0.042381
0.003455
0.001748
0.003105
0.001541
0.003097
0.003174
0.001895
0.002751
0.003187
0.003039
0.003202
0.007828
0.003074
0.006324
0.003222
0.006741
0.003004
0.007896
0.002061
0.003056
0.00342
0.006319
0.003278
0.005594
0.003175
0.004417
0.002024
0.005711
0.003161
0.002998
0.003093
0.007466
0.003306
0.051724
0.003341
0.001697
0.003502
0.003103
0.003093
0.002577
0.001788
0.003773
0.0031
0.008401
0.003276
0.007052
0.003241
0.003059
0.00311
0.004475
0.001801
0.005451
0.059506
0.00339
0.003057
0.003288
0.003285
0.002971
0.003443
0.002559
0.001889
0.003297
0.00308
0.023096
0.004329
0.053063
0.003541
0.00275
0.002882
0.002839
0.003215
0.002283
0.002755
0.003908
0.006604
0.003038
0.002865
0.00237
0.002964
0.002732
0.003176
0.00165
0.012396
0.019955
0.003686
0.003744
0.003489
0.010002
0.003217
0.003485
0.008054
0.003191
0.003365
0.003133
0.00373
0.003124
0.004728
0.008684
0.003558
0.055901
0.003562
0.003274
0.003665
0.002246
0.00273
0.00346
0.002292
0.002198
0.002401
0.001308
0.002915
0.005066
0.002893
0.003035
0.015642
0.007429
0.00496
0.006931
0.003572
0.003233
0.004833
0.002294
0.056273
0.003743
0.003323
0.003193
0.00328
0.002717
0.003279
0.00345
0.003387
0.003454
0.001841
0.025128
0.004957
0.00515
0.003671
0.010538
0.003009
0.010127
0.004978
0.005493
0.007645
0.059456
0.003866
0.003408
0.003296
0.003301
0.002518
0.003398
0.003075
0.002246
0.00409
0.002783
0.033722
0.004818
0.010497
0.004444
0.009013
0.002554
0.003394
0.002614
0.05501
0.003911
0.003486
0.003359
0.003638
0.002639
0.003444
0.003096
0.002382
0.00387
0.003483
0.006202
0.003734
0.006353
0.006424
0.003686
0.003615
0.005356
0.004083
0.003654
0.003592
0.013588
0.005367
0.047592
0.002957
0.003537
0.003936
0.003837
0.002575
0.003736
0.003737
0.002318
0.003591
0.003624
0.016317
0.017123
0.051978
0.002724
0.003643
0.003492
0.003869
0.002454
0.003997
0.003571
0.00235
0.003848
0.003773
0.003443
0.004343
0.053592
0.002626
0.003625
0.003457
0.004094
0.002395
0.003632
0.003628
0.002294
0.003817
0.003777
0.018803
0.005631
0.049502
0.002673
0.003894
0.003559
0.003947
0.002398
0.004003
0.004035
0.002342
0.003825
0.003832
0.003842
0.003779
0.047353
0.002585
0.003716
0.003592
0.003972
0.002336
0.003912
0.003833
0.002428
0.003712
0.003898
0.004225
0.004672
0.046688
0.003063
0.00214
0.005164
0.006762
0.0026
0.002761
0.00295
0.004178
0.00218
0.010684
0.00326
0.004797
0.015339
0.008178
0.008987
0.006897
0.003025
0.002916
0.008645
0.052238
0.002508
0.006696
0.002124
0.004121
0.002046
0.006359
0.007293
0.004286
0.005182
0.004227
0.007426
0.009939
0.005867
0.014043
0.021897
0.031742
0.011112
0.019807
0.059906
0.001732
0.007433
0.002055
0.001987
0.002921
0.002502
0.002635
0.02307
0.001814
0.007615
0.001933
0.005122
0.009514
0.003055
0.004328
0.007567
0.006354
0.008076
0.055946
0.001629
0.00166
0.001674
0.005437
0.001612
0.001536
0.010473
0.002373
0.002097
0.005701
0.006098
0.005993
0.005478
0.008607
0.005407
0.001533
0.001481
0.003957
0.005388
0.004142
0.004118
0.006105
0.001757
0.007608
0.054133
0.001361
0.001431
0.001374
0.012031
0.010006
0.007239
0.003412
0.004111
0.004181
0.003954
0.002152
0.001971
0.012971
0.02001
0.003225
0.004754
0.017234
0.047956
0.001195
0.005775
0.004196
0.00138
0.001092
0.004811
0.02441
0.004618
0.001801
0.021576
0.007336