0.0226809978485
0.0188989639282
0.0187821388245
0.0192210674286
0.0187299251556
0.0194230079651
0.0197331905365
0.0217688083649
0.0199029445648
0.0197811126709
0.0190010070801
0.0193748474121
0.023866891861
0.0223970413208
0.022449016571
0.0187971591949
0.0189089775085
0.0187721252441
0.0191931724548
0.0188488960266
0.0188679695129
0.0186259746552
0.0193040370941
0.0187819004059
0.0187730789185
0.018709897995
0.0201110839844
0.0184829235077
0.0222940444946
0.0196058750153
0.0196249485016
0.0208740234375
0.0223348140717
0.0212798118591
0.0206370353699
0.0203177928925
0.025680065155
0.0199739933014
0.0213570594788
0.0206830501556
0.0230298042297
0.0204191207886
0.0207629203796
0.0283799171448
0.0192849636078
0.0229480266571
0.0193519592285
0.0195860862732
0.0194211006165
0.0202760696411
0.0194790363312
0.0224499702454
0.0182251930237
0.0194311141968
0.0190279483795
0.0218811035156
0.0252959728241
0.0193610191345
0.018483877182
0.0188109874725
0.0196030139923
0.0193529129028
0.0197069644928
0.0189368724823
0.0189390182495
0.0190238952637
0.0190560817719
0.019819021225
0.0188930034637
0.0187909603119
0.0188190937042
0.0198459625244
0.0188519954681
0.0195968151093
0.0194928646088
0.0190508365631
0.0194778442383
0.0187759399414
0.0188829898834
0.0186030864716
0.0195951461792
0.0189018249512
0.0189871788025
0.0189280509949
0.0188081264496
0.0232880115509
0.0226209163666
0.0186970233917
0.0190441608429
0.0271999835968
0.0197341442108
0.0190899372101
0.019119977951
0.0199630260468
0.0204441547394
0.0185968875885
0.0188171863556
0.0190341472626
0.0193018913269
0.0202529430389
0.0249400138855
0.0187478065491
0.0192170143127
0.018846988678
0.0197560787201
0.0192179679871
0.0188510417938
0.0190510749817
0.0192410945892
0.0186650753021
0.0187430381775
0.0208380222321
0.0192458629608
0.018669128418
0.022164106369
0.0220191478729
0.0215809345245
0.0195479393005
0.019119977951
0.0231289863586
0.0193190574646
0.0187170505524
0.018923997879
0.0209589004517
0.0189380645752
0.0188128948212
0.019070148468
0.019583940506
0.0188639163971
0.0186989307404
0.0190789699554
0.0184190273285
0.0193221569061
0.0185549259186
0.0186738967896
0.0193259716034
0.0204379558563
0.0187549591064
0.0190019607544
0.0193521976471
0.0191149711609
0.0193810462952
0.019483089447
0.0186929702759
0.023069858551
0.0208251476288
0.0256531238556
0.0199339389801
0.0191898345947
0.0194699764252
0.0198798179626
0.0185649394989
0.0192348957062
0.0192179679871
0.0209410190582
0.0189390182495
0.0189321041107
0.0188789367676
0.0231039524078
0.0199971199036
0.019504070282
0.01948595047
0.0211238861084
0.0188629627228
0.0201640129089
0.0184330940247
0.0211730003357
0.0195679664612
0.0188331604004
0.0194070339203
0.0192608833313
0.0192799568176
0.0209321975708
0.0209350585938
0.0188338756561
0.0194189548492
0.0186810493469
0.018856048584
0.0201799869537
0.0187129974365
0.0185289382935
0.0188529491425
0.0185739994049
0.0186309814453
0.0188589096069
0.0194261074066
0.0189650058746
0.0185539722443
0.019248008728
0.0190501213074
0.0188701152802
0.0191121101379
0.0188670158386
0.0189771652222
0.0186550617218
0.0190019607544
0.0189249515533
0.0188648700714
0.0195229053497
0.0188410282135
0.0191161632538
0.0186669826508
0.0188949108124
0.0196590423584
0.0200481414795
0.0203459262848
0.0199069976807
0.0191769599915
0.0198690891266
0.022136926651
0.0188989639282
0.0197269916534
0.0195870399475
0.0205898284912
0.0196061134338
0.0199379920959
0.0190899372101
0.0197429656982
0.0206189155579
0.02192902565
0.0198311805725
0.0202369689941
0.0187599658966
0.0239741802216
0.0222549438477
0.0188028812408
0.0188329219818
0.0192279815674
0.0227727890015
0.0188539028168
0.0208239555359
0.0192399024963
0.019376039505
0.019033908844
0.018856048584
0.0189599990845
0.0193748474121
0.01966381073
0.0199949741364
0.018728017807
0.0187039375305
0.0230798721313
0.0191750526428
0.0188989639282
0.0192918777466
0.0185761451721
0.0191469192505
0.0186989307404
0.0187849998474
0.0189340114594
0.0190179347992
0.0187191963196
0.0192098617554
0.0188498497009
0.0186100006104
0.0195150375366
0.018951177597
0.0186750888824
0.0199851989746
0.0221960544586
0.022705078125
0.0186522006989
0.0197041034698
0.0187029838562
0.0193731784821
0.0222249031067
0.0209028720856
0.0206141471863
0.0198798179626
0.0233108997345
0.0203478336334
0.0206880569458
0.0207998752594
0.019917011261
0.0192511081696
0.0199689865112
0.018933057785
0.020280122757
0.0189900398254
0.0230391025543
0.0196709632874
0.0205841064453
0.0193312168121
0.0184829235077
0.0195300579071
0.0187520980835
0.0188319683075
0.0187599658966
0.0190799236298
0.0190289020538
0.0296840667725
0.0196688175201
0.0226991176605
0.0211668014526
0.0191209316254
0.0186469554901
0.0197620391846
0.0188419818878
0.0190470218658
0.0196299552917
0.0227749347687
0.0188870429993
0.0188210010529
0.0188949108124
0.0190141201019
0.0196330547333
0.0191831588745
0.0186247825623
0.0189089775085
0.0185461044312
0.0194499492645
0.0186369419098
0.0186200141907
0.0187468528748
0.0184860229492
0.0186860561371
0.0188889503479
0.0184609889984
0.0193350315094
0.019543170929
0.0189788341522
0.0203499794006
0.0197608470917
0.0231409072876
0.0202829837799
0.0197830200195
0.0192739963531
0.023020029068
0.0199198722839
0.0316920280457
0.0230660438538
0.0190298557281
0.0203878879547
0.0193071365356
0.0215978622437
0.022176027298
0.0194079875946
0.0209319591522
0.0204620361328
0.0196888446808
0.0205950737
0.0204918384552
0.0192270278931
0.0317668914795
0.0209369659424
0.0195941925049
0.0192091464996
0.0200438499451
0.0195851325989
0.0188360214233
0.0194959640503
0.0196800231934
0.0188539028168
0.0190939903259
0.0188720226288
0.0191049575806
0.0210509300232
0.0191819667816
0.0192449092865
0.0186920166016
0.0190720558167
0.018816947937
0.0190269947052
0.02024102211
0.0192098617554
0.0204100608826
0.020290851593
0.0188271999359
0.0191140174866
0.0190069675446
0.0195438861847
0.0196599960327
0.0196840763092
0.0201699733734
0.0195989608765
0.0193090438843
0.0185971260071
0.0193021297455
0.0186598300934
0.0195140838623
0.018914937973
0.0191850662231
0.019434928894
0.0192987918854
0.0189280509949
0.0187051296234
0.0198509693146
0.0187129974365
0.0197398662567
0.0192279815674
0.02099609375
0.0191009044647
0.0192549228668
0.0193800926208
0.0199518203735
0.019033908844
0.0191950798035
0.0285110473633
0.0183041095734
0.0193758010864
0.0194289684296
0.0203108787537
0.0192859172821
0.0190031528473
0.0187458992004
0.0189960002899
0.0191380977631
0.01877617836
0.0196549892426
0.0193281173706
0.0193219184875
0.0195360183716
0.0193450450897
0.018728017807
0.018639087677
0.0187299251556
0.018816947937
0.0185079574585
0.0192909240723
0.0188610553741
0.0186450481415
0.0191209316254
0.0195920467377
0.0192370414734
0.0193448066711
0.0204057693481
0.0185239315033
0.0184807777405
0.0192220211029
0.0189399719238
0.0189437866211
0.0189909934998
0.0188179016113
0.0190849304199
0.0189061164856
0.018571138382
0.0191650390625
0.0183038711548
0.0187191963196
0.019248008728
0.0187258720398
0.0256760120392
0.0194671154022
0.0286860466003
0.0265798568726
0.018520116806
0.0187680721283
0.0190589427948
0.0187931060791
0.0190849304199
0.0190331935883
0.0184140205383
0.019031047821
0.0213730335236
0.0185089111328
0.0192639827728
0.0191700458527
0.019434928894
0.019996881485
0.0190281867981
0.0187377929688
0.0188708305359
0.0208640098572
0.0195510387421
0.0184350013733
0.0186140537262
0.0204689502716
0.0193049907684
0.0191838741302
0.0187819004059
0.0189218521118
0.0191380977631
0.0186159610748
0.0199680328369
0.018826007843
0.0192580223083
0.0185539722443
0.0206568241119
0.0189399719238
0.0191569328308
0.0192179679871
0.0187318325043
0.0187928676605
0.0199100971222
0.0195648670197
0.0191369056702
0.0191578865051
0.0191040039062
0.019143819809
0.0185601711273
0.0195510387421
0.0189001560211
0.0186579227448
0.0188329219818
0.0286889076233
0.0192351341248
0.0192470550537
0.0187330245972
0.0193388462067
0.0189311504364
0.0187039375305
0.0196139812469
0.0218410491943
0.0194480419159
0.0183610916138
0.0190529823303
0.019504070282
0.0189280509949
0.0189769268036
0.0190351009369
0.0193569660187
0.0210177898407
0.0199949741364
0.0202770233154
0.0192308425903
0.0188529491425
0.0199620723724
0.0190160274506
0.0189299583435
0.0195260047913
0.0209350585938
0.0190718173981
0.0185868740082
0.0190448760986
0.0215699672699
0.0189971923828
0.0257050991058
0.0194518566132
0.0187699794769
0.019837141037
0.0191259384155
0.0206439495087
0.0185928344727
0.0188090801239
0.0239701271057
0.0206830501556
0.01921916008
0.0187330245972
0.0199451446533
0.0188081264496
0.018807888031
0.0192658901215
0.0196359157562
0.0194420814514
0.0191180706024
0.0197200775146
0.019688129425
0.0217299461365
0.0207409858704
0.0191011428833
0.0191960334778
0.0186550617218
0.0186381340027
0.0185041427612
0.0202000141144
0.0200300216675
0.0187509059906
0.0193531513214
0.0184419155121
0.0189781188965
0.0189800262451
0.0186171531677
0.0193819999695
0.0196871757507
0.019749879837
0.0194139480591
0.0197451114655
0.0186591148376
0.0206360816956
0.0232439041138
0.0183320045471
0.0199820995331
0.0203430652618
0.0197558403015
0.0196168422699
0.0188989639282
0.0194520950317
0.0191850662231
0.0187380313873
0.0185830593109
0.0187649726868
0.0191090106964
0.0191378593445
0.0188558101654
0.0191690921783
0.0192401409149
0.0190050601959
0.0184700489044
0.0186929702759
0.0198848247528
0.0183029174805
0.0194280147552
0.0193500518799
0.0193130970001
0.0204010009766
0.018651008606
0.0188310146332
0.018935918808
0.0193421840668
0.0192918777466
0.0191378593445
0.0187120437622
0.0207569599152
0.020544052124
0.0194671154022
0.018620967865
0.0193891525269
0.0187530517578
0.0190160274506
0.0197298526764
0.0209147930145
0.0192549228668
0.0189170837402
0.0189130306244
0.019119977951
0.0186760425568
0.0191299915314
0.0194931030273
0.018739938736
0.0197031497955
0.0215179920197
0.0188879966736
0.0252280235291
0.0192120075226
0.0204880237579
0.0193748474121
0.0205960273743
0.0191240310669
0.0200569629669
0.0199530124664
0.01904296875
0.0186688899994
0.0198628902435
0.0188047885895
0.0191459655762
0.0194969177246
0.0191328525543
0.0189459323883
0.0187289714813
0.0195550918579
0.0191099643707
0.0190389156342
0.0191550254822
0.0194520950317
0.0187258720398
0.0187909603119
0.0192151069641
0.019623041153
0.0194687843323
0.0194239616394
0.0191688537598
0.0193781852722
0.0185151100159
0.01939702034
0.0191740989685
0.0217671394348
0.0195231437683
0.0191979408264
0.0190041065216
0.0212759971619
0.0187838077545
0.0188269615173
0.0199570655823
0.0203518867493
0.0191829204559
0.0187849998474
0.0194602012634
0.0205581188202
0.018886089325
0.0190620422363
0.0196590423584
0.019180059433
0.0189528465271
0.0189049243927
0.0187740325928
0.0194180011749
0.0191428661346
0.0191209316254
0.0204451084137
0.0192139148712
0.019702911377
0.0189139842987
0.0192449092865
0.0190980434418
0.0191519260406
0.0188739299774
0.019033908844
0.0184850692749
0.0190651416779
0.0199711322784
0.0191090106964
0.019966840744
0.0184881687164
0.0193719863892
0.0185930728912
0.0193860530853
0.018975019455
0.0190169811249
0.019100189209
0.0190150737762
0.019788980484
0.0197448730469
0.0192790031433
0.0191240310669
0.0186610221863
0.0201568603516
0.0181529521942
0.019190788269
0.0186610221863
0.0191090106964
0.0191278457642
0.0208480358124
0.0188331604004
0.0190401077271
0.0189728736877
0.020336151123
0.0194189548492
0.0192668437958
0.020201921463
0.0194239616394
0.0194299221039
0.0189499855042
0.0263378620148
0.0182421207428
0.019229888916
0.0205099582672
0.0195021629333
0.0216910839081
0.0190448760986
0.021525144577
0.0193159580231
0.0193378925323
0.0189709663391
0.022567987442
0.018718957901
0.0194940567017
0.0207698345184
0.0271718502045
0.0185000896454
0.0199971199036
0.0188698768616
0.018679857254
0.0188908576965
0.0193719863892
0.0187160968781
0.0202329158783
0.0203421115875
0.0192759037018
0.021106004715
0.0187718868256
0.0197100639343
0.0182831287384
0.0258078575134
0.0280468463898
0.0185790061951
0.0189068317413
0.0197370052338
0.0194509029388
0.0203502178192
0.0186560153961
0.0192868709564
0.0197970867157
0.019474029541
0.0187468528748
0.0196449756622
0.018856048584
0.0190210342407
0.0189809799194
0.0188219547272
0.0190708637238
0.0191578865051
0.0217499732971
0.0190207958221
0.0194668769836
0.0189518928528
0.0202040672302
0.0196030139923
0.0184087753296
0.0194320678711
0.0191569328308
0.0187518596649
0.0188579559326
0.0189101696014
0.0189199447632
0.0190880298615
0.0195159912109
0.0202670097351
0.0209810733795
0.0184988975525
0.0189318656921
0.0190179347992
0.019535779953
0.0210418701172
0.0191009044647
0.0196890830994
0.0189299583435
0.0200510025024
0.0194869041443
0.018748998642
0.0194249153137
0.0205781459808
0.0194668769836
0.0191330909729
0.0190989971161
0.019238948822
0.0278480052948
0.0191299915314
0.0204641819
0.0188319683075
0.0204360485077
0.020919084549
0.0204229354858
0.0196740627289
0.0220940113068
0.0226290225983
0.0190658569336
0.0191900730133
0.0191371440887
0.0198440551758
0.0211939811707
0.018590927124
0.0199949741364
0.0190000534058
0.0195779800415
0.0206010341644
0.0201358795166
0.0189938545227
0.0203609466553
0.0262730121613
0.0195879936218
0.0192899703979
0.0197060108185
0.0202848911285
0.0217740535736
0.0190110206604
0.0189640522003
0.0188460350037
0.0205769538879
0.0190279483795
0.019809961319
0.0191168785095
