
0.007291
0.013238
0.005753
0.010697
0.007441
0.006286
0.006324
0.006434
0.005138
0.005371
0.010567
0.005864
0.003906
0.005144
0.006275
0.004791
0.006791
0.003833
0.004658
0.005268
0.008662
0.007023
0.006649
0.004961
0.015775
0.006302
0.014965
0.006924
0.018823
0.004908
0.011118
0.012565
0.005275
0.01178
0.012218
0.003889
0.007986
0.009456
0.006708
0.006043
0.006054
0.006861
0.004719
0.007902
0.007076
0.004311
0.00766
0.005734
0.005644
0.013558
0.006598
0.014029
0.007509
0.005783
0.014133
0.005877
0.015243
0.004606
0.005916
0.004132
0.006797
0.014647
0.014575
0.006334
0.015004
0.014769
0.005098
0.018944
0.004981
0.01606
0.007067
0.010833
0.014745
0.00575
0.007353
0.013686
0.014479
0.004948
0.005743
0.015713
0.005614
0.014618
0.006986
0.005499
0.020812
0.009703
0.007146
0.005915
0.011003
0.004805
0.020835
0.010778
0.006685
0.00447
0.006178
0.006683
0.021
0.005483
0.013542
0.005723
0.009889
0.005493
0.010278
0.003973
0.006364
0.01375
0.009133
0.006848
0.006092
0.016188
0.005534
0.005636
0.005415
0.00717
0.014911
0.006334
0.007503
0.007776
0.005164
0.004969
0.006349
0.005876
0.005784
0.005911
0.006052
0.004624
0.011021
0.0049
0.007445
0.005454
0.005808
0.005148
0.010002
0.004938
0.006004
0.012185
0.007729
0.006245
0.007732
0.008351
0.012517
0.004519
0.005323
0.006091
0.013577
0.005293
0.005936
0.009517
0.009738
0.011631
0.006242
0.008304
0.009045
0.005264
0.006161
0.004437
0.011547
0.004767
0.004579
0.004193
0.01063
0.012776
0.004173
0.004218
0.00459
0.011803
0.005007
0.008294
0.003937
0.004026
0.010117
0.004538
0.00436
0.005291
0.00825
0.005148
0.003791
0.005849
0.005366
0.00617
0.008236
0.004573
0.007822
0.009453
0.011711
0.004792
0.013647
0.006172
0.005824
0.008118
0.005936
0.004784
0.005248
0.010296
0.006734
0.015234
0.013136
0.008348
0.008173
0.004459
0.005283
0.013344
0.007084
0.004909
0.004119
0.006146
0.007312
0.006451
0.013121
0.015761
0.004727
0.005991
0.004286
0.007244
0.006375
0.007759
0.007436
0.011429
0.004479
0.010482
0.004524
0.007958
0.010705
0.005143
0.007241
0.004846
0.007191
0.00946
0.00412
0.010656
0.004153
0.004029
0.004703
0.009921
0.005523
0.00735
0.010677
0.00461
0.008159
0.004155
0.00534
0.004459
0.010429
0.003717
0.006127
0.007186
0.004552
0.00858
0.006157
0.004653
0.009223
0.00431
0.010738
0.006905
0.008332
0.003407
0.005744
0.005916
0.005536
0.01073
0.004829
0.009454
0.006942
0.005557
0.003558
0.005166
0.003191
0.011262
0.003452
0.008588
0.009978
0.00839
0.005029
0.00361
0.013341
0.003534
0.005819
0.003248
0.011373
0.004025
0.003116
0.004508
0.006191
0.009968
0.010769
0.004523
0.005896
0.010804
0.00776
0.004757
0.00917
0.006256
0.006317
0.004133
0.005819
0.008481
0.007195
0.009594
0.005406
0.007918
0.009051
0.005515
0.007645
0.007898
0.008512
0.004501
0.012795
0.002663
0.010635
0.008757
0.003624
0.002746
0.007229
0.006428
0.006936
0.006731
0.004909
0.005527
0.015343
0.002086
0.006233
0.008464
0.002213
0.010228
0.006402
0.004112
0.002144
0.003537
0.005994
0.007273
0.002422
0.010995
0.011949
0.008908
0.007957
0.006256