
0.000937
0.001443
0.000905
0.000895
0.000922
0.001059
0.00096
0.000936
0.000954
0.000912
0.000903
0.001041
0.001141
0.000867
0.000887
0.000892
0.000852
0.00089
0.001065
0.000921
0.000982
0.000975
0.000844
0.000924
0.000992
0.000925
0.000891
0.000942
0.001062
0.00096
0.000982
0.000862
0.000954
0.000896
0.000922
0.000881
0.000914
0.001258
0.001002
0.00097
0.000924
0.000863
0.000991
0.001076
0.000831
0.001155
0.000871
0.000951
0.000874
0.000876
0.000876
0.001086
0.001007
0.001059
0.001086
0.001072
0.001172
0.001068
0.000896
0.001148
0.001017
0.001045
0.00105
0.00102
0.001286
0.001204
0.001087
0.001229
0.00136
0.001264
0.001088
0.000985
0.001167
0.001134
0.000983
0.001112
0.00097
0.001037
0.001029
0.001079
0.000895
0.001102
0.001182
0.001018
0.001052
0.001179
0.001319
0.001124
0.001002
0.000863
0.001133
0.001088
0.00089
0.000964
0.000917
0.001054
0.001192
0.001024
0.001217
0.001084
0.000981
0.000935
0.001096
0.000807
0.00096
0.000861
0.000966
0.000953
0.001082
0.000954
0.000999
0.001023
0.000954
0.000847
0.001024
0.001074
0.000887
0.000862
0.000855
0.000992
0.000837
0.000837
0.001032
0.000975
0.001
0.000966
0.001061
0.000901
0.000882
0.001127
0.001046
0.000804
0.001122
0.000839
0.000947
0.000967
0.00098
0.000847
0.001139
0.000988
0.000923
0.001056
0.001129
0.001243
0.000981
0.00094
0.000947
0.001145
0.001166
0.001262
0.001293
0.001086
0.001175
0.000965
0.00086
0.001042
0.000935
0.001021
0.000893
0.000854
0.000936
0.001047
0.000856
0.000845
0.000887
0.001061
0.000804
0.001064
0.000871
0.000979
0.000841
0.000956
0.00084
0.001009
0.000828
0.001097
0.000963
0.000989
0.000908
0.000924
0.001048
0.000958
0.001242
0.000981
0.000855
0.000892
0.000915
0.000931
0.00088
0.001108
0.000909
0.000934
0.000908
0.001089
0.000892
0.001113
0.000896
0.001002
0.000926
0.000875
0.00109
0.001075
0.00099
0.001019
0.000861
0.000908
0.000914
0.001003
0.000994
0.001102
0.000925
0.000889
0.000968
0.000857
0.000813
0.000969
0.000904
0.001055
0.001159
0.000989
0.000814
0.001039
0.001035
0.001046
0.000905
0.000927
0.00104
0.001145
0.000945
0.000986
0.00107
0.000966
0.00084
0.001024
0.001118
0.000967
0.000929
0.001066
0.000871
0.00118
0.001098
0.00084
0.001081
0.001031
0.000983
0.000839
0.000953
0.000821
0.000833
0.000996
0.000841
0.001175
0.001015
0.000821
0.001177
0.000838
0.001046
0.001074
0.001191
0.001126
0.000932
0.001135
0.000997
0.001063
0.001152
0.00091
0.000824
0.000846
0.001049
0.001188
0.001155
0.000927
0.000902
0.001074
0.001371
0.001104
0.000972
0.000977
0.001172
0.001049
0.001013
0.000926
0.000835
0.001119
0.000874
0.001059
0.000896
0.000952
0.000911
0.001153
0.000901
0.001031
0.001243
0.001171
0.000939
0.000873
0.001172
0.000974
0.00086
0.001256
0.001108
0.000913
0.000902
0.001009
0.000966
0.001097
0.001208
0.000913
0.00097
0.000846
0.00107
0.001202
0.001151
0.001193
0.000977
0.000897
0.00137
0.000929
0.000927
0.00082
0.000936
0.000893
0.000931
0.000887
0.000949
0.001002
0.000941
0.000843
0.000865
0.000841
0.00113
0.000971
0.000907
0.000914
0.000814
0.0011