
0.0531469
0.0408257
0.101684
0.0933896
0.0736764
0.0961472
0.10967
0.0816483
0.0461416
0.0273813
0.019389
0.0204463
0.0204463
0.161276
0.16031
0.169572
0.14982
0.0417667
0.00514138
0.0281641
0.0264783
0.0110515
0.0255321
0.127684
0.033
0.0127575
0.0127575
0.0293122
0.0111057
0.118535
0.127607
0.0188146
0.0157164
0.0334266
0.0545991
0.0590138
0.0646872
0.0774245
0.0784922
0.0784922
0.0659984
0.0317214
0.0205656
0.0190881
0.0411957
0.0077443
0.0122972
0.0146347
0.0294291
0.0205479
0.0194897
0.0197867
0.024198
0.02131
0.0208872
0.0156674
0.00390199
0.023584
0.00441211
0.00759629
0.0534311
0.00397313
0.0236451
0.00290007
0.00290007
0.00354997
0.0405452
0.0229437
0.0102213
0.0154227
0.0278745
0.0358387
0.0154201
0.0532064
0.0100966
0.0236612
0.0685161
0.0611579
0.0599461
0.07204
0.0582694
0.0638532
0.0638532
0.0568009
0.0568009
0.062777
0.0554987
0.0554987
0.0483793
0.0018277
0.00848325
0.0283234
0.00922762
0.0274145
0.0244503
0.00531503
0.040305
0.00241914
0.00735518
0.0145439
0.00280981
0.00942551
0.00546131
0.0055275
0.0231246
0.0108233
0.0290836
0.00699594
0.00699594
0.00771141
0.0159922
0.0104253
0.0104253
0.00948024
0.0156951