
2e-06
3e-06
1e-06
1e-06
1e-06
2e-06
1e-06
1e-06
3e-06
1e-06
0
2e-06
1e-06
1e-06
1e-06
1e-06
2e-06
1e-06
1e-06
1e-06
1e-06
1e-06
1e-06
1e-06
1e-06
1e-06
0
1e-06
1e-06
1e-06
1e-06
1e-06
2e-06
1e-06
1e-06
1e-06
1e-06
1e-06
1e-06
1e-06
1e-06
1e-06
0
0
1e-06
1e-06
1e-06
0
1e-06
1e-06
0
1e-06
1e-06
1e-06
2e-06
1e-06
1e-06
2e-06
1e-06
2e-06
1e-06
1e-06
1e-06
2e-06
4e-06
2e-06
1e-06
1e-06
2e-06
1e-06
1e-06
1e-06
2e-06
2e-06
1e-06
0.030112
0.026913
0.066257
0.027467
0.027445
0.02806
0.027577
0.025407
0.024821
0.024661
0.027811
0.025
0.024808
1e-06
1e-06
1e-06
1e-06
1e-06
2e-06
1e-06
1e-06
1e-06
2e-06
2e-06
2e-06
1e-06
1e-06
1e-06
1e-06
1e-06
1e-06
3e-06
1e-06
1e-06
1e-06
1e-06
1e-06
2e-06
1e-06
1e-06
1e-06
1e-06
2e-06
1e-06
1e-06
1e-06
1e-06
1e-06
1e-06
2e-06
1e-06
1e-06
1e-06
2e-06
1e-06
2e-06
1e-06
1e-06
1e-06
2e-06
1e-06
1e-06
1e-06
1e-06
2e-06
2e-06
0.053434
0.050759
0.021456
0.021753
0.017851
0.017522
0.05566
0.01731
0.057076
0.062191
1e-06
3e-06
1e-06
1e-06
1e-06
1e-06
1e-06
2e-06
1e-06
1e-06
1e-06
2e-06
1e-06
2e-06
2e-06
1e-06
1e-06
1e-06
2e-06
1e-06
2e-06
2e-06
1e-06
2e-06
1e-06
2e-06
1e-06
2e-06
1e-06
2e-06
1e-06
1e-06
1e-06
1e-06
1e-06
1e-06
1e-06
1e-06
1e-06
1e-06
1e-06
1e-06
1e-06
1e-06
1e-06
1e-06
3e-06
1e-06
1e-06
0.057327
0.017935
0.016158
0.016029
0.014936
0.013396
1e-06
2e-06
2e-06
1e-06
2e-06
1e-06
2e-06
1e-06
1e-06
1e-06
2e-06
1e-06
1e-06
1e-06
2e-06
1e-06
3e-06
1e-06
2e-06
1e-06
1e-06
1e-06
1e-06
1e-06
1e-06
1e-06
1e-06
1e-06
0.055931
0.015688
1e-06
2e-06
0.014612
0.05412
2e-06
1e-06
2e-06
0.054106
1e-06
1e-06
1e-06
2e-06
1e-06
1e-06
1e-06
2e-06
1e-06
1e-06
0.052567
0.013908
2e-06
0.050542
0.050462
0.017487
0.016338
0.051947
0.014334
0.053826
0.050055
0.012521
0.015163
0.015467
0.017166
0.049743
0.054299
0.015393
0.014968
0.01505
0.050546
0.051271
0.016055
0.016991
0.016458
0.055076
0.05785
0.015762
0.016349
0.016921
0.016189
0.053476
0.016395
0.016626
0.016601
0.057476
0.016824
0.017276
0.016842
0.053453
0.016863
0.016859
0.017988
0.018891
0.019014
0.057172
0.057693
0.017885
0.018815
0.058237
0.019036
0.016376
0.053786
0.015101
0.014646
0.014238
0.052345
0.050615
0.053034
0.050678
0.013081
0.012999
0.012836
0.012408
0.012465
0.012544
0.012257
0.012727
0.015062
0.014252
0.014603
0.01544
0.014492
0.014565
0.01321
0.014117
0.014313
0.016625
0.014889
0.016384
0.017519
0.058144