
0.010242
0.018796
0.008514
0.013822
0.010366
0.009058
0.008121
0.009141
0.007597
0.007551
0.014012
0.008122
0.005894
0.007299
0.008957
0.007041
0.008568
0.006212
0.006975
0.007999
0.012992
0.009746
0.009372
0.006915
0.020144
0.008826
0.01904
0.009909
0.02539
0.007246
0.014402
0.016134
0.007005
0.015901
0.015513
0.006427
0.011127
0.014719
0.009237
0.008262
0.008457
0.009549
0.007011
0.012018
0.010137
0.006385
0.010586
0.008063
0.008213
0.017493
0.008653
0.018099
0.010346
0.008162
0.017871
0.008279
0.019463
0.007136
0.008596
0.006555
0.00955
0.018539
0.019716
0.008971
0.020132
0.019747
0.008047
0.025766
0.007588
0.022619
0.010125
0.014746
0.019037
0.008538
0.010898
0.058859
0.052203
0.076163
0.039925
0.048049
0.040578
0.055294
0.035415
0.036691
0.063246
0.050465
0.039332
0.037928
0.019392
0.012698
0.039116
0.025872
0.013515
0.008967
0.012112
0.013575
0.0364
0.010191
0.026687
0.010429
0.020026
0.010592
0.02495
0.008699
0.012705
0.023273
0.017807
0.013983
0.013066
0.03624
0.011593
0.008037
0.011093
0.013714
0.030645
0.013603
0.012706
0.01057
0.009896
0.007681
0.009487
0.008804
0.008587
0.008575
0.00895
0.007121
0.0159
0.00756
0.010505
0.011519
0.008592
0.008809
0.014848
0.007053
0.008549
0.016388
0.010252
0.00883
0.010456
0.014963
0.02437
0.060097
0.062945
0.033734
0.044588
0.028392
0.029249
0.07559
0.040242
0.0818
0.074784
0.014931
0.019574
0.009516
0.011098
0.010248
0.023744
0.010927
0.00886
0.009538
0.021397
0.024769
0.009713
0.009605
0.01046
0.023881
0.009249
0.014942
0.009777
0.008207
0.017954
0.011238
0.010896
0.011485
0.015353
0.00844
0.008348
0.013586
0.008495
0.012475
0.016302
0.011418
0.01333
0.016569
0.022718
0.01025
0.024803
0.013866
0.007906
0.015454
0.012994
0.011043
0.012181
0.018883
0.013202
0.027996
0.023492
0.014461
0.015629
0.008886
0.06501
0.036727
0.026198
0.023392
0.021073
0.022123
0.010391
0.008976
0.018289
0.022016
0.006596
0.007868
0.006812
0.010245
0.009021
0.010349
0.010466
0.015657
0.006335
0.013954
0.006324
0.011111
0.013658
0.007482
0.016624
0.009737
0.0173
0.01585
0.010021
0.017559
0.008272
0.009624
0.00888
0.016749
0.064025
0.02566
0.015853
0.008167
0.026022
0.060468
0.007804
0.005877
0.013086
0.059461
0.009306
0.010174
0.006734
0.011662
0.008736
0.006775
0.014443
0.009296
0.019701
0.013423
0.065209
0.019124
0.008603
0.058952
0.058146
0.031679
0.023519
0.068444
0.028291
0.065744
0.057965
0.022515
0.022798
0.036356
0.024924
0.066352
0.072186
0.030488
0.025493
0.022394
0.073268
0.059352
0.027524
0.02427
0.031272
0.063464
0.064964
0.025887
0.029289
0.037787
0.03639
0.06261
0.024641
0.034592
0.033218
0.068163
0.03309
0.02981
0.029449
0.062071
0.028609
0.033316
0.027323
0.031761
0.026989
0.067783
0.069842
0.027879
0.029152
0.068891
0.032226
0.02303
0.071138
0.019186
0.029695
0.02921
0.059472
0.056462
0.06747
0.064495
0.030001
0.026392
0.022846
0.025651
0.03965
0.01709
0.021027
0.024135
0.019866
0.029881
0.023588
0.021376
0.017971
0.021222
0.02127
0.023867
0.018173
0.031019
0.029911
0.028298
0.02827
0.067092