
1.51128e+09
0.012032
0.020214
0.009891
0.015353
0.012289
0.010539
0.009575
0.010613
0.009084
0.009024
0.015964
0.009951
0.007399
0.00883
0.010429
0.008489
0.010018
0.007964
0.008637
0.009439
0.013937
0.010814
0.010477
0.008025
0.021419
0.010156
0.020564
0.01127
0.026935
0.008593
0.015904
0.017792
0.008666
0.017562
0.017322
0.008564
0.01312
0.016706
0.010838
0.009886
0.009872
0.011025
0.00842
0.013296
0.011518
0.007755
0.012024
0.009385
0.009582
0.019047
0.011814
0.052492
0.048476
0.054705
0.045333
0.056933
0.043138
0.057321
0.042664
0.056489
0.04347
0.058524
0.042246
0.058392
0.041672
0.058076
0.041237
0.058113
0.041936
0.05763
0.042309
0.060265
0.040478
0.059191
0.238015
0.0893
0.119773
0.108496
0.070395
0.07888
0.049526
0.073004
0.23884
0.065229
0.093844
0.080361
0.047947
0.067299
0.028298
0.05754
0.048651
0.04511
0.215892
0.039063
0.050547
0.029078
0.070397
0.028061
0.071341
0.028685
0.110051
0.016992
0.050016
0.022842
0.059039
0.214309
0.033538
0.089291
0.01834
0.050522
0.03228
0.094134
0.015088
0.049207
0.041754
0.052931
0.148101
0.02303
0.090499
0.012289
0.048756
0.040442
0.060333
0.039669
0.059615
0.040358
0.098079
0.011928
0.088041
0.015946
0.081965
0.012245
0.048453
0.042708
0.057361
0.043152
0.051948
0.200642
0.061411
0.068095
0.029067
0.114828
0.078341
0.050901
0.183524
0.051053
0.052425
0.099528
0.047094
0.143342
0.126108
0.068111
0.026604
0.013981
0.158328
0.021607
0.04268
0.09637
0.012267
0.048388
0.042614
0.09659
0.01317
0.047767
0.042912
0.059904
0.040124
0.057539
0.161436
0.033561
0.030693
0.067206
0.032828
0.067654
0.033053
0.067623
0.032387
0.070712
0.02999
0.105474
0.022206
0.029581
0.042514
0.207471
0.028086
0.071388
0.030762
0.067169
0.031537
0.068474
0.030793
0.067764
0.032921
0.059486
0.040425
0.052629
0.254476
0.069436
0.020482
0.032619
0.147806
0.049129
0.040927
0.095947
0.024032
0.037861
0.042171
0.056645
0.043372
0.096103
0.009697
0.09028
0.010356
0.052723
0.040817
0.095982
0.014491
0.050183
0.039371
0.058758
0.041259
0.052844
0.047181
0.193659
0.020591
0.059236
0.041523
0.057083
0.042397
0.057677
0.04224
0.057822
0.042851
0.059595
0.076328
0.029644
0.193959
0.020071
0.041851
0.110121
0.019786
0.017953
0.052191
0.109397
0.060598
0.014065
0.059126
0.015013
0.041776
0.052403
0.165131
0.059604
0.023014
0.077333
0.075959
0.042788
0.09504
0.108138
0.10794
0.037614
0.185099
0.079677
0.042369
0.071785
0.176212
0.034303
0.042187
0.058693
0.040849
0.115554
0.083889
0.050405
0.041302
0.096052
0.079298
0.205563
0.030776
0.059025
0.041133
0.069171
0.211994
0.029451
0.052443
0.184518
0.050221
0.068479
0.208819
0.04063
0.049924
0.21926
0.187074
0.032925
0.05283
0.260193
0.227797
0.193845
0.039705
0.040755
0.098024
0.079569
0.119019
0.075848
0.040551
0.071863
0.058191
0.041931
0.081018
0.021753
0.092449
0.218095
0.105611
0.062093
0.285954
0.207971
0.032375
0.052236
0.172973
0.029793
0.140952
0.025233
0.04407
0.057769
0.042214
0.057254
0.042757
0.057334
0.042651
0.05694
0.042995
0.056833
0.043454
0.057061
0.042741
0.057965
0.042095