
0.001225
0.00127
0.003807
0.006577
0.006988
0.006237
0.007464
0.007879
0.008285
0.007617
0.007244
0.00885
0.008698
0.021986
0.056704
0.021552
0.021404
0.022078
0.009183
0.019706
0.020033
0.021403
0.020698
0.020149
0.021444
0.009418
0.020692
0.020921
0.020573
0.020631
0.059421
0.018209
0.008498
0.009152
0.04841
0.008489
0.04386
0.007913
0.002455
0.008428
0.048035
0.009171
0.009891
0.009201
0.047704
0.047651
0.046322
0.006979
0.007024
0.00215
0.045889
0.047911
0.049776
0.008594
0.008745
0.016351
0.01683
0.017534
0.054847
0.044759
0.046627
0.002128
0.007074
0.045854
0.007006
0.046262
0.007172
0.010064
0.007596
0.018583
0.016725
0.017227
0.017082
0.019412
0.055416
0.007504
0.011792
0.020564
0.018038
0.018093
0.017177
0.009039
0.002346
0.049447
0.002429
0.008754
0.045581
0.007581
0.006402
0.045771
0.045646
0.008796
0.045579
0.009707
0.008359
0.002355
0.008224
0.00864
0.007299
0.00734
0.007402
0.009071
0.007906
0.007857
0.045038
0.007823
0.046014
0.047217
0.045019
0.002185
0.046568
0.04672
0.007099
0.044687
0.045456
0.046018
0.002062
0.007445
0.00215
0.007579
0.008316
0.045599
0.007662
0.007848
0.045643
0.002275
0.007879
0.007937
0.001972
0.00777
0.002226
0.010028
0.002152
0.002245
0.002146
0.001998
0.007753
0.002243
0.002276
0.00227
0.00889
0.04756
0.008347
0.045806
0.044642
0.008067
0.007752
0.006973
0.044945
0.00723
0.043263
0.002248
0.044875
0.006465
0.00184
0.00163
0.005907
0.007482
0.006917
0.007031
0.006647
0.006514
0.006974
0.007603
0.007612