
93
103
75
72
93
147
112
53
113
112
95
93
113
23
106
500
106
20
85
184
88
98
38
87
34
141
88
106
77
107
99
108
88
17
94
88
94
27
141
92
107
88
99
79
84
92
101
81
18
136
83
100
69
86
15
70
70
101
81
11
70
136
25
70
15
16
81
136
18
76
92
104
111
124
14
23
73
112
44
68
103
93
111
46
160
119
41
98
46
61
160
79
111
12
220
196
228
80
12
173
116
149
172
241
202
19
101
158
146
133
146
138
88
149
133
107
153
83
138
13
138
115
139
149
139
202
202
178
120
78
124
75
124
54
14
36
86
78
160
36
124
36
74
82
55
21
127
34
47
121
71
18
51
6
15
74
74
22
51
75
19
121
75
62
120
75
50
20
75
25
12
16
44
113
15
158
68
56
32
67
67
113
56
36
113
22
113
68
16
68
113
113
113
113
46
113
16
46
45
8
16
107
7
47
49
49
25
61
61
7
69
107
107
58
51
8
21
71
87
42
8
21
107
28
51
134
34
83
37
14
37
23
43
74
43
102
35
102
64
134
47
55
47
74
83
37
37
33
102
49
30
110
74
16
66
110
39
57
29
39
77
30
124
109
266
152
100
101
158
185
138
251
136
308
158
100
138
75
212
152
251
203
348
101
332
100
223
332
119
48
13
68
38
61
32
72
86
36
59
86
36
26
14
86
14
138
86
68
14
86
26
42
90
197
171
65
24
95
66
35
67
27
64
82
38
15
24
235
57
107
95
327
78
159
192
92
235
186
100
31
17
43
13
71
65
21
20
74
22
30
43
17
30
56
75
94
70
133
145
87
328
102
18
62
37
16
64
17
17
71
19
26
39
65
67
71
33
53
95
61
54
30
31
63
11
20
13
63
111
63
105
44
41
32
20
11
32
64
115
51
49
16
70
45
49
59
231
16
49
59
342
22
59
49
48
54
18
58
51
54
56
47
14
49
53
49
48
51
45
41
16
59
56
57
54
49
250
99
19
89
53
39
45
32
63
15
59
51
102
255
54
100
52
57
36
51
55
69
35
103
49
105
108
73
57
33
51
55
96
70
104
47
106
104
65
50
17
62
23
57
68
74
23
108
44
110
34
59
62
23
57
68
75
47
109
44
111
33
58
356
133
134
149
286
100
228
32
362
131
133
296
125
185
265
134
214
225
49
134
58
296
31
31
164
31
31
60
41
64
112
81
79
112
84
27
41
48
24
27
82
46
65
113
21
86
85
91
25
46
53
74
50
88
115
19
91
88
76
22
50
56
23
116
87
34
54
68
117
16
97
41
78
20
54
60
118
41
54
327
169
141
5
185
71
134
9
95
107
9
137
209
9
6
151
46
8
6
134
186
8
354
269
260
229
155