
188
149
463
151
188
147
492
53
494
492
183
144
110
181
172
141
183
504
185
500
145
156
492
136
341
136
178
505
178
139
155
164
500
14
141
175
500
153
174
147
220
196
228
144
130
173
116
149
172
241
120
91
124
139
124
164
128
174
198
134
230
142
121
135
78
161
122
257
130
130
116
139
113
60
158
171
127
40
123
123
108
109
107
52
245
120
120
346
117
117
134
145
339
223
47
293
205
271
124
231
120
141
467
169
263
305
456
267
113
140
107
158
449
248
61
264
109
286
97
158
92
98
320
156
252
94
207
86
88
243
87
95
317
57
187
88
202
82
280
65
81
62
215
191
208
82
85
74
227
186
85
134
238
90
217
79
84
71
221
149
97
128
95
118
164
86
92
63
218
144
248
129
250
61
222
117
124
59
231
255
342
129
254
60
212
122
128
56
89
251
347
128
120
58
214
153
133
54
93
250
345
127
121
63
214
60
134
51
350
255
350
127
127
98
215
71
220
49
353
108
348
126
126
97
273
70
221
47
354
104
355
127
132
145
261
85
225
44
358
59
352
127
130
143
263
97
225
44
358
57
356
133
134
149
286
100
228
32
362
131
310
152
136
159
180
136
169
27
78
92
318
154
138
29
182
165
174
25
85
100
322
167
138
27
182
166
132
22
89
101
327
158
141
24
186
68
135
20
94
107
327
169
141
13
185
71
134
9
95
107