
0.054022
0.005602
0.005034
0.005392
0.00426
0.008797
0.005686
0.004619
0.004723
0.004873
0.003697
0.003943
0.008631
0.004259
0.002504
0.003754
0.004744
0.003436
0.005172
0.002663
0.003213
0.00387
0.003885
0.002662
0.005292
0.005014
0.003563
0.01332
0.004739
0.012634
0.005234
0.011558
0.003945
0.003485
0.00905
0.010443
0.003827
0.005219
0.004153
0.010177
0.002632
0.006197
0.004244
0.002699
0.005029
0.004493
0.004541
0.005259
0.00333
0.003385
0.002607
0.00538
0.002831
0.005868
0.004241
0.004195
0.011274
0.005065
0.0115
0.005809
0.004159
0.011585
0.004228
0.01261
0.003143
0.004421
0.002679
0.00513
0.011706
0.011617
0.004537
0.011841
0.011698
0.003568
0.004337
0.011323
0.003268
0.010033
0.002922
0.005254
0.008838
0.0117
0.004009
0.005421
0.065938
0.003022
0.002947
0.002841
0.002419
0.003427
0.004189
0.003348
0.003406
0.003656
0.005214
0.005649
0.003028
0.002974
0.011837
0.003711
0.003473
0.001769
0.004172
0.003288
0.013152
0.004184
0.003512
0.006559
0.00549
0.001823
0.00289
0.005057
0.053997
0.003064
0.003365
0.002807
0.002974
0.00263
0.003596
0.002714
0.003473
0.002873
0.002956
0.003964
0.002825
0.011947
0.005371
0.003603
0.003031
0.003234
0.00425
0.001651
0.003217
0.005073
0.002634
0.004205
0.002792
0.008948
0.002069
0.003511
0.004495
0.004166
0.013379
0.003302
0.003351
0.004149
0.004308
0.003343
0.003178
0.005078
0.002858
0.058074
0.003051
0.003029
0.003248
0.002882
0.001687
0.00389
0.003035
0.00325
0.002234
0.002949
0.003107
0.001441
0.004617
0.002302
0.0048
0.002438
0.012993
0.004403
0.003205
0.003054
0.003981
0.001482
0.007322
0.003768
0.002232
0.003952
0.00413
0.001399
0.004577
0.00318
0.002226
0.001586
0.004053
0.001692
0.004269
0.003784
0.002984
0.003997
0.002828
0.001596
0.004786
0.0024
0.011422
0.003181
0.049365
0.004265
0.004247
0.004477
0.001718
0.001653
0.002691
0.004374
0.003125
0.002711
0.004071
0.00725
0.003944
0.005293
0.004229
0.004443
0.003013
0.003878
0.009209
0.005429
0.004527
0.00405
0.002951
0.004195
0.003973
0.002418
0.005566
0.002516
0.003911
0.00845
0.005177
0.002832
0.004651
0.004324
0.005961
0.001789
0.042888
0.002439
0.001188
0.006249
0.003827
0.001353
0.003442
0.004764
0.004349
0.004116
0.004258
0.00437
0.00319
0.004446
0.004046
0.003445
0.005837
0.003814
0.002598
0.00408
0.00387
0.001344
0.00397
0.003819
0.003657
0.004503
0.003682
0.006233
0.006091
0.004759
0.037104
0.002394
0.003544
0.002335
0.003689
0.00236
0.001516
0.002785
0.002952
0.002814
0.005975
0.006644
0.002967
0.003753
0.006555
0.003712
0.002677
0.00311
0.00369
0.002998
0.004149
0.002069
0.007418
0.003596
0.001643
0.037652
0.002942
0.00185
0.003747
0.002705
0.001824
0.002253
0.00098
0.001553
0.002829
0.003409
0.003866
0.001824
0.00441
0.002364
0.004055
0.003285
0.002766
0.001575
0.00349
0.004041
0.003669
0.0028
0.005555
0.003647
0.002568
0.003673
0.004257
0.002832
0.00652
0.003059
0.002891
0.004024
0.001747
0.002858
0.003806
0.001391
0.004691
0.001684
0.030712
0.001893
0.002105
0.00316
0.001591
0.003295
0.00252
0.002593
0.002516
0.002602
0.003033
0.003296
0.004176
0.005188
0.002457
0.002901
0.003275
0.003539
0.003293
0.001472
0.002985
0.003068
0.004638
0.003836
0.003405
0.001651
0.004771
0.005798
0.003392
0.00309
0.002959
0.003208
0.003018
0.003153
0.003236
0.003136
0.006142
0.003161
0.003013
0.003074
0.003721
0.001635
0.006492
0.002985
0.002733
0.002943
0.034988
0.001277
0.001567
0.003411
0.001128
0.002969
0.00237
0.002315
0.001757
0.002482
0.002496
0.002706
0.001085
0.00832
0.002734
0.003211
0.003312
0.003149
0.003412
0.003769
0.002369
0.006668
0.002341
0.003634
0.001096
0.002535
0.001672
0.004293
0.003434
0.003907
0.004613
0.002418
0.003855
0.002524
0.001069
0.0017
0.003209
0.003411
0.005921
0.001648
0.007589
0.002278
0.050688
0.001663
0.003593
0.002653
0.001865
0.003022
0.001721
0.001753
0.003473
0.00177
0.009684
0.005591
0.003483
0.002636
0.010973
0.004275
0.00464
0.003343
0.004441
0.006285
0.003233
0.004402
0.003347
0.003305
0.003016
0.003795
0.003693
0.008254
0.003889
0.005226
0.002925
0.008173
0.004266
0.003428
0.001666
0.010921
0.00434
0.058638
0.003213
0.001515
0.004037
0.003625
0.001807
0.002592
0.004203
0.001776
0.002513
0.001447
0.006608
0.001773
0.006526
0.003714
0.003188
0.001515
0.003687
0.047142
0.003686
0.007164
0.005397
0.00345
0.00292
0.004631
0.005569
0.004905
0.005992
0.004731
0.008105
0.004813
0.003363
0.004559
0.002972
0.005593
0.004873
0.006002
0.00589
0.009029
0.002983
0.008495
0.003292
0.006209
0.00865
0.003637
0.040564
0.002561
0.001563
0.002635
0.002779
0.003142
0.002525
0.003497
0.002949
0.001593
0.003056
0.002649
0.002954
0.002896
0.001578
0.003447
0.002128
0.002715
0.002751
0.001821
0.002878
0.002684
0.004725
0.001604
0.002866
0.00323
0.008665
0.002859
0.00278
0.001588
0.002759
0.002994
0.003363
0.001817
0.007785
0.001928
0.003884
0.005757
0.005051
0.003449
0.038788
0.002059
0.002966
0.002649
0.003222
0.001896
0.003156
0.002449
0.002118
0.001833
0.003163
0.001656
0.006544
0.00265
0.003799
0.003233
0.008373
0.002416
0.004531
0.00556
0.003207
0.007021
0.004692
0.00326
0.00769
0.001742
0.036378
0.001956
0.00282
0.001458
0.003387
0.003348
0.00168
0.001572
0.002236
0.001434
0.00188
0.002811
0.003061
0.003434
0.005296
0.001835
0.001968
0.005504
0.003059
0.003041
0.003287
0.002304
0.004162
0.004274
0.003956
0.008343
0.003463
0.037789
0.001891
0.00244
0.002755
0.00176
0.003247
0.002158
0.001685
0.002288
0.00132
0.001853
0.007477
0.003027
0.005265
0.003369
0.003968
0.002777
0.002179
0.002225
0.034388
0.003206
0.002262
0.002311
0.003179
0.002679
0.002531
0.002188
0.0011
0.001667
0.003805
0.00167
0.002091
0.002131
0.00931
0.004288
0.002163
0.002161
0.006654
0.00405
0.007575
0.003103
0.00671
0.002897
0.00373
0.002739
0.002286
0.001379
0.006807
0.003882
0.001139
0.002638
0.002213
0.002442
0.043111
0.004544
0.00233
0.002947
0.00163
0.003462
0.002921
0.00305
0.002274
0.001606
0.004425
0.003054
0.002061
0.002115
0.009168
0.002666
0.001804
0.001906
0.002004
0.041938
0.003126
0.002225
0.002969
0.001633
0.002967
0.00311
0.002931
0.001943
0.002823
0.001496
0.003205
0.002979
0.004759
0.00334
0.00446
0.003269
0.002323
0.002936
0.042704
0.003914
0.002193
0.00268
0.002054
0.002541
0.00306
0.003193
0.001914
0.003698
0.008822
0.004422
0.003126
0.001896
0.004636
0.048306
0.004013
0.002155
0.002963
0.002579
0.002441
0.001543
0.003702
0.001971
0.003882
0.008823
0.003112
0.006151
0.005115
0.003224
0.003089
0.04348
0.003275
0.002089
0.003137
0.003022
0.002636
0.002732
0.003997
0.001933
0.003974
0.007451
0.002863
0.047302
0.003861
0.002114
0.003207
0.003222
0.003918
0.004032
0.001878
0.004079
0.00475
0.003333
0.004522
0.00307
0.002669
0.001739
0.046961
0.003477
0.001914
0.00303
0.003422
0.002857
0.002007
0.004202
0.001796
0.004028
0.002706
0.004343
0.003283
0.046762
0.003692
0.00216
0.003317
0.003385
0.002841
0.003591
0.004253
0.001835
0.004282
0.002723
0.006846
0.002668
0.050751
0.001666
0.005247
0.007728
0.004025
0.006036
0.007129
0.004046
0.006068
0.00619
0.002527
0.004028
0.003098
0.008628
0.001708
0.001611
0.006618
0.001835
0.001605
0.005644
0.002119
0.037966
0.003176
0.003425
0.004192
0.003651
0.003541
0.004272
0.003992
0.001598
0.002857
0.00282
0.002373
0.001437
0.001435
0.001492
0.005463
0.003955
0.036746
0.00328
0.002604
0.004176
0.001317
0.003629
0.003752
0.003831
0.001524
0.002977
0.005366
0.004646
0.00384
0.036866
0.003182
0.003908
0.004246
0.001393
0.00372
0.003855
0.003558
0.001406
0.003153
0.00319
0.001264
0.00408
0.00136
0.004273
0.0053
0.003758
0.003292
0.002876
0.034862
0.003377
0.002642
0.004429
0.001332
0.003721
0.003148
0.003689
0.001313
0.003115
0.003104
0.00407
0.0044
0.00451
0.008598
0.002959
0.003128
0.035571
0.001169
0.001332
0.001177
0.00102
0.004713
0.006909
0.001202
0.001188
0.008438
0.001254
0.004944
0.0029
0.001124
0.002528
0.001144
0.004667
0.005824
0.001196
0.008964
0.010213
0.007196
0.006429
0.004553