
0.000895
0.000948
0.001056
0.000935
0.001039
0.001084
0.001022
0.000987
0.001134
0.000926
0.001049
0.001017
0.000935
0.000924
0.001223
0.001001
0.001052
0.000954
0.001155
0.000938
0.000924
0.000959
0.001114
0.001073
0.001092
0.001173
0.000972
0.001032
0.00105
0.001065
0.001028
0.000875
0.001077
0.000909
0.001087
0.000889
0.000931
0.001203
0.000962
0.001054
0.001263
0.000968
0.000946
0.000943
0.001048
0.000899
0.001328
0.001108
0.001132
0.000921
0.00099
0.001135
0.004153
0.00118
0.001124
0.003191
0.001372
0.001398
0.001743
0.001691
0.001852
0.001797
0.001698
0.002166
0.001339
0.001047
0.001168
0.001186
0.001895
0.002069
0.001958
0.002265
0.001608
0.001797
0.000916
0.001189
0.001609
0.001318
0.0011
0.001582
0.001914
0.001157
0.001181
0.001149
0.001496
0.00211
0.00139
0.001287
0.001405
0.001257
0.001429
0.001527
0.001785
0.00101
0.001359
0.001107
0.000928
0.000895
0.003704
0.001541
0.001322
0.000976
0.003282
0.000906
0.001192
0.001855
0.00159
0.001151
0.001262
0.002156
0.003623
0.001117
0.000917
0.001266
0.0009
0.00107
0.000996
0.001783
0.001209
0.002586
0.001013
0.000997
0.002372
0.002158
0.002587
0.002001
0.000965
0.000988
0.001212
0.001262
0.001021
0.001059
0.001098
0.001203
0.000873
0.001794
0.002813
0.000951
0.001258
0.001099
0.001004
0.001394
0.001162
0.001477
0.003881
0.001028
0.001193
0.002254
0.001099
0.001209
0.000767
0.001792
0.001373
0.001749
0.00127
0.003564
0.003642
0.001557
0.001326
0.001557
0.001529
0.001126
0.000987
0.00093
0.001776
0.000989
0.001823
0.001279
0.001319
0.001231
0.001312
0.001081
0.001114
0.000955
0.001053
0.00099
0.001007
0.001266
0.00096
0.000909
0.000966
0.001175
0.001107
0.001206
0.001043
0.001378
0.000868
0.001145
0.001054
0.001935
0.001377
0.001114
0.001004
0.000986
0.001201
0.00132
0.001236
0.001151
0.001175
0.001413
0.000999
0.001189
0.000942
0.001001
0.001279
0.000993
0.001325
0.000971
0.001183
0.001034
0.001273
0.000991
0.000943
0.000842
0.001177
0.001023
0.001378
0.001079
0.000923
0.000953
0.001998
0.000957
0.001004
0.002145
0.001148
0.001177
0.000963
0.001102
0.000926
0.001112
0.001149
0.00102
0.000872
0.001084
0.001234
0.001128
0.000939
0.001752
0.001328
0.001061
0.001354
0.00144
0.000932
0.001031
0.000974
0.000977
0.001206
0.000943
0.001141
0.001124
0.001285
0.001075
0.001167
0.001234
0.001214
0.001157
0.001214
0.001643
0.000985
0.001231
0.002333
0.001009
0.00108
0.001066
0.001275
0.001198
0.00082
0.001551
0.001932
0.00115
0.001157
0.001558
0.001192
0.001043
0.000962
0.001608
0.001501
0.001043
0.001259
0.001246
0.001073
0.002069
0.00091
0.000967
0.00103
0.000941
0.001027
0.00086
0.001081
0.001021
0.001132
0.000988
0.000909
0.00096
0.001237
0.001153
0.00122
0.001067
0.001703