
0.004794
0.007444
0.00523
0.006486
0.006766
0.021557
0.005846
0.006169
0.005982
0.006963
0.010894
0.005953
0.005529
0.00431
0.005217
0.010107
0.013617
0.004859
0.004888
0.01332
0.006229
0.006545
0.006616
0.005102
0.010349
0.006544
0.006509
0.007587
0.005928
0.005946
0.005969
0.00574
0.011823
0.010497
0.004413
0.005815
0.005791
0.015144
0.012776
0.009923
0.004895
0.012936
0.006695
0.005746
0.007495
0.012416
0.011675
0.005111
0.010537
0.012751
0.013486
0.006018
0.028811
0.007409
0.012269
0.026005
0.012993
0.006966
0.018125
0.010809
0.009281
0.013637
0.009907
0.023369
0.010777
0.006175
0.011427
0.005797
0.013682
0.014605
0.013224
0.013067
0.009864
0.026757
0.01084
0.007299
0.017135
0.005898
0.00647
0.009807
0.010177
0.011755
0.011207
0.00751
0.005949
0.019773
0.006506
0.010251
0.00718
0.008655
0.008174
0.009717
0.012177
0.005385
0.0076
0.00542
0.005185
0.005453
0.022375
0.018256
0.007295
0.005618
0.032439
0.005087
0.005433
0.021261
0.008902
0.006907
0.006423
0.0152
0.036437
0.005145
0.004772
0.005872
0.005267
0.011017
0.005092
0.009708
0.010173
0.016366
0.010503
0.00568
0.015449
0.013701
0.022512
0.012846
0.005782
0.011273
0.024876
0.006854
0.007069
0.005893
0.006078
0.006423
0.005948
0.01345
0.028471
0.005042
0.009676
0.015597
0.014254
0.008477
0.014475
0.013381
0.047758
0.0075
0.006139
0.040941
0.012347
0.016468
0.004478
0.017284
0.008304
0.022756
0.008072
0.035429
0.023635
0.00927
0.007719
0.009995
0.012277
0.006039
0.004987
0.004992
0.021756
0.011688
0.017829
0.005197
0.018146
0.019567
0.009368
0.018046
0.010845
0.004498
0.004692
0.003652
0.012166
0.008688
0.004997
0.007312
0.006269
0.006476
0.007731
0.005673
0.004841
0.007768
0.004712
0.005232
0.018624
0.011222
0.007021
0.007145
0.004608
0.005105
0.009714
0.012209
0.005581
0.005745
0.006193
0.011951
0.005221
0.005184
0.004886
0.007444
0.019248
0.011936
0.005774
0.009628
0.014857
0.005004
0.010802
0.007668
0.007438
0.005874
0.008095
0.003959
0.021611
0.008328
0.005367
0.004306
0.011256
0.004917
0.004343
0.039658
0.004772
0.014451
0.004985
0.014425
0.004455
0.004627
0.008587
0.013933
0.004447
0.005154
0.004782
0.007013
0.0065
0.010482
0.014596
0.014371
0.008076
0.005946
0.004688
0.004436
0.014205
0.014186
0.014757
0.005196
0.004938
0.004238
0.012566
0.004869
0.005474
0.00549
0.003407
0.014585
0.005494
0.02063
0.004486
0.004915
0.025272
0.005607
0.00826
0.00505
0.00569
0.005321
0.00279
0.032395
0.029308
0.015131
0.015178
0.007201
0.014564
0.005079
0.014258
0.02535
0.013098
0.014554
0.009187
0.021375
0.012707
0.05043
0.002555
0.007883
0.01447
0.004799
0.014067
0.005068
0.008156
0.012353
0.014927
0.008744
0.00538
0.008131
0.020709
0.008795
0.021128
0.014629
0.0321