
0.0282843
0.060498
0.0711089
0.0833403
0.0844416
0.106482
0.0943245
0.0144566
0.0246708
0.00865158
0.0165096
0.215101
0.214653
0.0211695
0.0437099
0.023653
0.0361653
0.0682629
0.0471592
0.0471592
0.0290202
0.028898
0.0377023
0.0467385
0.0396161
0.0725761
0.0551579
0.0690466
0.0584868
0.102731
0.0148084
0.0288025
0.0381321
0.0413456
0.0413456
0.0836425
0.054974
0.0771859
0.104017
0.0826227
0.0826227
0.0907496
0.121578
0.0318295
0.00775992
0.0307211
0.023885
0.0181076
0.0247393
0.0246763
0.0427916
0.0305615
0.0200663
0.0406949
0.0145591
0.0398803
0.0215638
0.0315094
0.0202817
0.0414485
0.019825
0.0511821
0.0511821
0.0511821
0.0299565
0.0196153
0.0308015
0.0237648
0.0691367
0.0495909
0.0495909
0.058623
0.058623
0.087845
0.0775339
0.0773832
0.0680298
0.0306882
0.0306882
0.0288335
0.0115674
0.0187854
0.0148087
0.0371585
0.0371585
0.0687037
0.0222998
0.0286671
0.0286671
0.0546692
0.0660045
0.0104694
0.0205957
0.0113186
0.0113186
0.0371277
0.0371277
0.0258619
0.0259024
0.0266978
0.0282459
0.0282459
0.136536
0.111926
0.120436
0.120436
0.141184
0.141184
0.174111
0.113261
0.13398
0.121956
0.130393
0.130393
0.0990022
0.0253403
0.0456885
0.0203616
0.0362876
0.067458
0.0444499
0.0416861
0.0416861
0.0533833
0.0105144
0.0133456
0.0272013
0.0113058
0.0295491
0.0295491
0.0187682
0.0143049
0.0536352
0.0536352
0.0866322
0.0573109
0.0413519
0.0413519
0.026292
0.0411553
0.0164368
0.0491836
0.0365991
0.0105579
0.0105579
0.0105579
0.0131243
0.0451039
0.0159812
0.025582
0.0176013
0.0485458
0.0215871
0.0196785
0.0470217
0.0409652
0.0660003
0.00494932
0.0171128
0.0548207
0.0531014
0.0531014
0.0585482
0.0585482
0.0275526
0.0395235
0.0568647
0.081887
0.0502294
0.0227708
0.0263064
0.04924
0.0736198
0.0300108
0.013432
0.297089
0.317304