
2e-06
1e-06
1e-06
1e-06
1e-06
1e-06
1e-06
1e-06
3e-06
1e-06
1e-06
1e-06
1e-06
1e-06
2e-06
1e-06
2e-06
1e-06
1e-06
1e-06
1e-06
1e-06
1e-06
1e-06
1e-06
1e-06
1e-06
1e-06
1e-06
1e-06
0
1e-06
2e-06
1e-06
1e-06
1e-06
1e-06
1e-06
1e-06
1e-06
1e-06
1e-06
1e-06
1e-06
1e-06
1e-06
1e-06
1e-06
1e-06
1e-06
1e-06
0
7e-06
2e-06
1e-06
5e-06
1e-06
1e-06
2e-06
3e-06
2e-06
2e-06
1e-06
3e-06
8.7e-05
1e-06
1e-06
2e-06
2e-06
3e-06
4e-06
4e-06
3e-06
2e-06
0.024217
0.029062
0.066207
0.033315
0.024782
0.072716
0.081303
0.021177
0.028295
0.028178
0.035557
4e-06
3e-06
1e-06
1e-06
1e-06
1e-06
3e-06
2e-06
2e-06
1e-06
1e-06
1e-06
2e-06
5e-06
3e-06
2e-06
1e-06
5e-06
2e-06
2e-06
3e-06
2e-06
3e-06
1e-06
5e-06
7e-06
0.018693
0.016375
0.01608
0.016043
0.016049
1e-06
3e-06
0.023073
0.078105
0.016837
0.014824
0.05565
0.078861
0.07726
4e-06
1e-06
1e-06
3e-06
2e-06
0.023461
0.019878
0.019586
0.018044
0.017312
0.05675
0.085212
0.025204
0.024997
0.024717
0.024697
0.067219
0.026654
0.064987
7e-06
2e-06
1e-06
5e-06
1e-06
2e-06
1e-06
3e-06
1e-06
3e-06
1e-06
8e-06
7e-06
2e-06
1e-06
0.081126
0.019513
0.017768
0.014601
0.014624
0.039423
0.016445
0.056147
0.024825
0.022083
0.021242
0.021313
0.018576
0.023777
0.022715
0.022556
0.019642
0.019294
0.019906
0.01953
0.016903
0.017982
0.026505
0.01836
0.018083
0.016305
0.023173
0.014547
0.014852
0.014592
0.053635
0.043316
0.018015
0.014819
0.011674
0.015609
0.016906
0.016335
0.013987
0.014482
0.016657
0.015892
0.015657
0.012695
0.013713
0.016225
0.017153
0.015583
0.012848
0.013289
0.013468
0.018266
0.015641
0.012819
0.012341
0.013021
0.01301
0.015593
0.017723
0.015758
0.015669
0.079642
0.01695
0.014649
0.055592
0.020257
0.020043
0.021051
0.021945
0.020296
0.020335
0.020794
0.017331
0.019167
0.019218
0.019892
0.018861
0.01866
0.058283
0.030312
0.036505
0.078406
0.030789
0.023906
0.016423
0.016477
0.019141
0.018952
0.019386
0.01599
0.0161
0.01825
0.015073
0.015474
0.015156
0.012734
0.013001
0.027538
0.043061
0.01164
0.009062
0.029338
0.011904
0.012294
0.012746
0.01746
0.0126
0.012343
0.018455
0.057698
0.023858
0.019533
0.087158
0.03042
0.020137
0.016707
0.076523
0.072954
0.030847
0.020647
0.020369
0.021111
0.059623
0.027468
0.027236
0.026483
0.026491
0.026601
0.020953
0.023756
0.019907
0.049994
0.024566
0.024772
0.024763
0.026507
0.028315
0.028132
0.017396
0.067647