
0.007116
0.010404
0.007597
0.009294
0.009334
0.02839
0.008344
0.008207
0.008495
0.0097
0.015972
0.008333
0.007847
0.00643
0.007666
0.013637
0.018617
0.007226
0.007196
0.017111
0.008366
0.009435
0.009502
0.007434
0.015134
0.009074
0.00897
0.010952
0.008391
0.008256
0.007788
0.008346
0.01658
0.013586
0.006595
0.008204
0.008244
0.019643
0.016363
0.013121
0.007019
0.015676
0.009544
0.007956
0.010388
0.015999
0.016542
0.007277
0.014478
0.016374
0.016929
0.008462
0.039184
0.010025
0.015778
0.036858
0.017743
0.010607
0.024681
0.016335
0.014436
0.019313
0.015567
0.072037
0.01565
0.009321
0.017852
0.008748
0.020217
0.020806
0.017726
0.018843
0.01518
0.036563
0.04297
0.043291
0.096415
0.045836
0.037547
0.092913
0.106877
0.036943
0.043071
0.039396
0.044398
0.029473
0.009992
0.014412
0.011236
0.013225
0.012962
0.014889
0.018537
0.009908
0.011016
0.008427
0.007123
0.008608
0.030093
0.025715
0.009429
0.007709
0.038021
0.00763
0.008202
0.033853
0.012865
0.010363
0.009619
0.02039
0.050503
0.026533
0.023637
0.024278
0.02347
0.030288
0.007694
0.013658
0.0385
0.103623
0.030597
0.023011
0.080317
0.097268
0.108744
0.018914
0.013713
0.019357
0.049386
0.015638
0.03531
0.028618
0.028786
0.029095
0.029419
0.078127
0.137229
0.037152
0.038301
0.045233
0.043747
0.078972
0.045514
0.083127
0.056463
0.014768
0.008368
0.054286
0.016587
0.021375
0.006638
0.030955
0.012269
0.032267
0.011447
0.047567
0.038082
0.018299
0.015473
0.099243
0.048122
0.028956
0.025454
0.025379
0.078217
0.035324
0.096682
0.036196
0.052498
0.058297
0.044162
0.051749
0.042277
0.032034
0.034771
0.028185
0.039612
0.040732
0.030579
0.027233
0.026904
0.036349
0.029991
0.026779
0.023451
0.033515
0.023664
0.02229
0.040348
0.07016
0.054327
0.028178
0.021824
0.019313
0.028877
0.035785
0.02495
0.022904
0.023663
0.03758
0.026345
0.025583
0.021341
0.027364
0.051003
0.036571
0.025754
0.031454
0.032652
0.023005
0.037576
0.029235
0.027358
0.023925
0.030577
0.021611
0.053148
0.033112
0.026409
0.022704
0.105169
0.023762
0.021539
0.104266
0.030024
0.043029
0.031527
0.043907
0.029912
0.029916
0.040294
0.039009
0.028892
0.028905
0.030212
0.031497
0.030255
0.080129
0.053596
0.055045
0.101195
0.044516
0.03377
0.027453
0.038865
0.042066
0.041968
0.02975
0.027068
0.026304
0.045883
0.026071
0.026504
0.026235
0.020171
0.038612
0.04074
0.079375
0.021401
0.018939
0.070716
0.02338
0.030829
0.023031
0.028381
0.020729
0.016651
0.062158
0.09742
0.044131
0.039656
0.099476
0.048814
0.028179
0.035716
0.109914
0.091947
0.050462
0.044191
0.058851
0.040172
0.126574
0.031442
0.038604
0.046055
0.033898
0.04672
0.02853
0.038454
0.037204
0.070129
0.036319
0.032624
0.036095
0.063863
0.042996
0.065347
0.043709
3.5571