
1.5118e+09
0.008463
0.011835
0.009018
0.010718
0.010729
0.030007
0.009944
0.009808
0.010139
0.01133
0.017625
0.009749
0.009312
0.007896
0.009037
0.015114
0.020086
0.008561
0.008418
0.01842
0.009673
0.010827
0.01092
0.008832
0.016535
0.010442
0.010398
0.012454
0.00989
0.009725
0.009273
0.009829
0.01803
0.015201
0.008136
0.00979
0.009891
0.021254
0.018211
0.015052
0.008808
0.017539
0.011232
0.009639
0.011989
0.017734
0.018195
0.008843
0.016054
0.018132
0.020484
0.05711
0.06047
0.033246
0.09902
0.075384
0.029449
0.070988
0.036075
0.063345
0.030674
0.068656
0.031411
0.111779
0.036597
0.01543
0.034835
0.064759
0.038157
0.068954
0.032624
0.063514
0.032963
0.232122
0.077361
0.072681
0.139519
0.07522
0.111011
0.122567
0.251054
0.068981
0.049159
0.108045
0.119198
0.073966
0.016576
0.077713
0.023314
0.078575
0.021893
0.102657
0.049881
0.014737
0.031547
0.196995
0.028894
0.0439
0.08698
0.03345
0.027809
0.051266
0.052423
0.038358
0.070879
0.044933
0.048286
0.036524
0.12387
0.096077
0.078255
0.030941
0.14762
0.035876
0.050976
0.041236
0.066268
0.036046
0.098293
0.132929
0.041753
0.036298
0.156234
0.161987
0.122799
0.193008
0.02711
0.041624
0.069366
0.031539
0.05824
0.04015
0.059367
0.04047
0.059561
0.146259
0.325415
0.054857
0.055954
0.050891
0.062211
0.278442
0.063004
0.169877
0.077751
0.035014
0.082826
0.06025
0.036759
0.026596
0.062842
0.038179
0.057302
0.038421
0.109309
0.234716
0.061015
0.034073
0.10885
0.116806
0.054167
0.042083
0.041529
0.067694
0.186002
0.050066
0.157393
0.053989
0.069588
0.074266
0.048755
0.230073
0.058884
0.038588
0.060697
0.039149
0.05331
0.046604
0.162514
0.039276
0.076592
0.049667
0.033531
0.031862
0.059622
0.040206
0.058106
0.041674
0.05759
0.14774
0.069559
0.046833
0.041875
0.059479
0.040885
0.059314
0.040799
0.052579
0.171453
0.050145
0.041705
0.058855
0.041254
0.059222
0.055838
0.049213
0.035411
0.057862
0.042248
0.061381
0.042037
0.157403
0.037561
0.050684
0.042236
0.059341
0.056908
0.044912
0.038859
0.124941
0.130777
0.033214
0.047894
0.242668
0.044117
0.057339
0.035552
0.058103
0.039109
0.061094
0.044216
0.054658
0.040572
0.060179
0.039324
0.197207
0.043731
0.089164
0.112152
0.113955
0.130795
0.064236
0.037443
0.031089
0.190254
0.05549
0.045755
0.054127
0.040668
0.060035
0.049585
0.049412
0.041204
0.176137
0.030555
0.091286
0.103267
0.089498
0.049315
0.049206
0.201401
0.033817
0.045677
0.047858
0.153418
0.029671
0.054245
0.066706
0.113468
0.047514
0.101685
0.124472
0.061384
0.031228
0.089413
0.132242
0.103744
0.217695
0.211387
0.19934
0.053765
0.149058
0.035533
0.060623
0.050352
0.049728
0.050025
0.069582
0.041582
0.096617
0.085143
0.051238
0.03747
0.244127
0.081027
0.049961
0.158615
0.093383