
0.001363
0.010746
0.039691
0.016873
0.01887
0.018269
0.017769
0.020196
0.012114
0.012376
0.017939
0.016149
0.005659
0.026694
0.021545
0.031007
0.020573
0.065278
0.018291
0.010603
0.025694
0.061987
0.068149
0.030623
0.025964
0.027156
0.047415
0.02128
0.027336
0.015935
0.046358
0.007799
0.008831
0.017221
0.012302
0.064412
0.062147
0.014423
0.002541
0.007601
0.008222
0.013584
0.049723
0.014667
0.007396
0.058407
0.055449
0.004539
0.008538
0.012848
0.009398
0.008797
0.008912
0.055425
0.003692
0.01157
0.011429
0.012019
0.020418
0.011794
0.073919
0.014402
0.028451
0.013575
0.017703
0.013447
0.060696
0.00231
0.01411
0.055256
0.010951
0.008343
0.008353
0.002291
0.009978
0.051635
0.010967
0.010788
0.010507
0.00272
0.01104
0.009919
0.002767
0.002733
0.008441
0.029496
0.009269
0.009327
0.007908
0.00735
0.064844
0.010032
0.007809
0.008685
0.008854
0.002231
0.008156
0.008582
0.008653
0.00826
0.007322
0.009982
0.002425
0.007041
0.007175
0.008647
0.008282
0.068353
0.015663
0.002132
0.002207
0.009544
0.009636
0.009629
0.010248
0.009432
0.00996
0.003146
0.009125
0.051024
0.050362
0.020664
0.012877
0.002801
0.009128
0.008585
0.009201
0.008292
0.003209
0.006942
0.047565
0.056498
0.006686
0.005802
0.002533
0.006927
0.002453
0.002678
0.00606
0.00926
0.011081
0.056716
0.017169
0.008738
0.049469
0.015626
0.004123
0.002281
0.002435
0.009671
0.014814
0.01194
0.011413
0.026768
0.054267
0.010859
0.010755
0.002818
0.012828
0.002636
0.002967
0.0461
0.004548