
42
146
47
47
105
42
95
42
47
97
47
43
49
23
22
45
149
116
163
10
350
400
219
138
219
368
168
381
350
181
105
179
138
306
107
151
116
151
159
15
202
107
7
148
148
127
216
168
109
184
99
134
148
131
127
131
127
131
148
131
431
125
113
9
144
134
113
144
7
109
98
157
19
142
141
124
298
326
116
108
121
116
124
326
108
108
108
102
96
267
148
96
141
108
109
111
104
11
149
67
14
125
41
223
254
39
108
30
149
30
53
12
110
110
11
41
110
96
13
113
13
65
131
13
36
40
38
38
131
281
275
140
500
137
500
500
500
125
119
500
203
283
139
139
500
203
500
139
61
125
61
399
332
500
118
61
126
155
139
365
160
71
139
63
63
45
46
111
55
87
24
68
63
63
68
63
26
70
114
65
48
59
79
115
101
124
148
114
108
171
104
166
500
124
24
43
108
29
74
74
64
109
64
52
109
23
59
51
40
103
48
59
49
69
47
48
41
59
29
47
29
60
41
70
113
490
77
99
170
113
500
66
78
191
146
113
123
78
95
113
27
113
253
331
113
106
125
83
99
195
113
101
84
83
113
50
41
20
29
85
11
41
41
43
39
93
42
22
21
29
50
85
51
10
95
500
27
86
27
26
44
37
14
20
79
14
22
11
39
35
68
36
78
36
79
39
20
58
19
68
35
98
68
68
500
33
27
25
18
67
10
25
25
33
25
29
36
30
22
29
29
30
32
14
29
30
29
29
496
23
23
23
63
500
23
23
30
24
16
19
22
500
74
25
19
67
22
73
22
15
14
58
43
18
22
38
18
44
21
15
37
36
101
23
23
15
15
15
20
15
20
52
19
13
20
102
20
53
103
23
103
16
16
16
16
20
20
22
20
20
49
20
38
20
20
24
38
20
25
26
21
82
489
82
82
39
82
99
82
82
96
91
38
229
500
82
500
500
500
82
500
91
500
500
201
500
51
30
51
56
36
56
23
56
129
20
53
95
51
30
51
93
36
56
22
56
129
20
20
77
500
134
55
117
25
93
91
170
500
500
170
134
500
221
24
221
500
93
248
165
96
85
24
356
24
500
248
99
230
135
33
18
113
20
14
35
95
135
135
97
17
17
15
103
118
150