
0.041258
0.003467
0.005665
0.003705
0.004916
0.005053
0.008341
0.009756
0.004284
0.004561
0.004335
0.005342
0.004387
0.004198
0.004364
0.004055
0.003047
0.003561
0.008174
0.003297
0.007863
0.003477
0.003315
0.011054
0.004657
0.004799
0.004875
0.003577
0.003626
0.004539
0.004797
0.004871
0.005721
0.004321
0.004303
0.004352
0.004281
0.004426
0.004943
0.008585
0.002972
0.004338
0.004309
0.003719
0.008701
0.010545
0.007833
0.003268
0.010697
0.005054
0.004264
0.005671
0.010294
0.004159
0.004996
0.003625
0.003841
0.004434
0.010549
0.011191
0.004323
0.022157
0.005593
0.009846
0.020784
0.010392
0.004944
0.01466
0.008058
0.006546
0.01065
0.007306
0.019232
0.00827
0.004549
0.004333
0.004604
0.004111
0.010463
0.011096
0.010028
0.009467
0.007286
0.015837
0.006151
0.060402
0.003192
0.003763
0.00326
0.003037
0.003557
0.002885
0.003167
0.00292
0.003009
0.002754
0.008901
0.003081
0.005465
0.003253
0.013867
0.004837
0.004057
0.002076
0.004756
0.001837
0.007292
0.003556
0.007388
0.007458
0.0532
0.001232
0.009456
0.008975
0.005665
0.003998
0.015799
0.004567
0.008051
0.005128
0.006524
0.005957
0.007187
0.00912
0.003919
0.001281
0.005462
0.003819
0.041677
0.001373
0.003799
0.004041
0.009987
0.006615
0.007349
0.007264
0.005365
0.004116
0.027151
0.003697
0.003768
0.017215
0.002673
0.006399
0.00505
0.004578
0.011423
0.030255
0.003076
0.003573
0.003452
0.04183
0.00161
0.004125
0.003866
0.008943
0.00365
0.007047
0.004256
0.003695
0.012227
0.008678
0.004134
0.011567
0.010152
0.008491
0.008997
0.009661
0.053277
0.004336
0.001207
0.004938
0.002652
0.001338
0.003075
0.002991
0.004294
0.004304
0.009223
0.002983
0.004487
0.016392
0.007095
0.003952
0.004914
0.004347
0.005501
0.001567
0.004325
0.004477
0.004688
0.001295
0.004491
0.002389
0.010275
0.023058
0.009651
0.063287
0.002075
0.004331
0.001946
0.002756
0.003986
0.001627
0.002904
0.00281
0.002083
0.002841
0.003668
0.003804
0.007563
0.008598
0.004319
0.011805
0.006332
0.070858
0.003487
0.01185
0.010649
0.034508
0.005836
0.005694
0.002781
0.004383
0.012311
0.022428
0.003295
0.01006
0.01373
0.003328
0.007823
0.005637
0.003323
0.006108
0.006009
0.012532
0.00604
0.018733
0.009881
0.003819
0.041121
0.002814
0.002493
0.002191
0.00221
0.003101
0.003158
0.00383
0.001808
0.002723
0.002433
0.017477
0.006546
0.006897
0.004183
0.005631
0.003307
0.007381
0.002645
0.005223
0.004222
0.00333
0.004928
0.004316
0.002291
0.003517
0.002488
0.003582
0.002495
0.014024
0.003523
0.002816
0.003805
0.040337
0.003208
0.009559
0.001944
0.008014
0.006296
0.004625
0.006391
0.003455
0.002596
0.014881
0.003667
0.011993
0.003987
0.003543
0.002714
0.003024
0.004046
0.003342
0.002732
0.011574
0.003309
0.002664
0.003574
0.058631
0.002111
0.003628
0.00232
0.002226
0.003033
0.002364
0.002485
0.002407
0.002711
0.002881
0.008898
0.00343
0.003172
0.002133
0.0032
0.003233
0.002376
0.002
0.010139
0.003234
0.002561
0.003994
0.001996
0.003194
0.003648
0.003051
0.042026
0.003063
0.005792
0.004733
0.004682
0.005782
0.003989
0.003403
0.005612
0.003421
0.001523
0.003594
0.006896
0.008458
0.007964
0.004978
0.005285
0.003172
0.003648
0.007682
0.004983
0.004486
0.003859
0.004034
0.004433
0.047021
0.002733
0.002291
0.001639
0.001861
0.002854
0.001102
0.002151
0.002067
0.002108
0.002115
0.009457
0.004046
0.003728
0.002202
0.003565
0.001645
0.003517
0.001344
0.005835
0.002193
0.012471
0.003374
0.003041
0.00325
0.009749
0.002506
0.004039
0.001555
0.007609
0.004199
0.012188
0.00355
0.001591
0.004078
0.004311
0.001884
0.006041
0.002127
0.034576
0.002457
0.002151
0.001641
0.00177
0.002558
0.001277
0.001704
0.00164
0.001992
0.00192
0.005872
0.003527
0.004577
0.002801
0.002533
0.003627
0.002586
0.002126
0.002677
0.002495
0.00357
0.014303
0.002755
0.002169
0.006515
0.003199
0.003936
0.001812
0.002973
0.008014
0.005957
0.00351
0.002967
0.007331
0.026897
0.051529
0.002331
0.001855
0.002051
0.001683
0.002216
0.001057
0.001916
0.00178
0.001786
0.001906
0.00324
0.002107
0.011845
0.002237
0.00356
0.001938
0.011877
0.002178
0.003134
0.002286
0.003138
0.002151
0.002975
0.003551
0.002155
0.001971
0.011515
0.001536
0.003216
0.001853
0.003625
0.001936
0.003169
0.001949
0.00539
0.002086
0.057969
0.002073
0.00181
0.001728
0.002123
0.001825
0.001799
0.001942
0.001866
0.005129
0.001811
0.007773
0.003597
0.011816
0.001912
0.011866
0.005817
0.006549
0.004012
0.0028
0.003357
0.00174
0.003012
0.003369
0.011786
0.001947
0.048729
0.00392
0.002104
0.001601
0.001608
0.002149
0.003021
0.001789
0.001767
0.002965
0.001826
0.011757
0.003295
0.012077
0.00196
0.003817
0.001617
0.003403
0.002824
0.002794
0.002872
0.006493
0.003439
0.004733
0.00216
0.003382
0.002198
0.00387
0.001884
0.003806
0.001877
0.03425
0.002097
0.001783
0.001867
0.001795
0.001907
0.001764
0.00166
0.001779
0.004108
0.001782
0.00198
0.002086
0.011952
0.004516
0.003841
0.003345
0.013386
0.003407
0.004123
0.001715
0.003137
0.001733
0.003306
0.00181
0.005439
0.015027
0.002241
0.002183
0.03089
0.002033
0.00181
0.001803
0.001785
0.001845
0.001916
0.002904
0.001851
0.001732
0.001831
0.004135
0.002798
0.003136
0.003211
0.001836
0.001864
0.003564
0.002106
0.003938
0.00241
0.033068
0.001727
0.003677
0.00179
0.009463
0.017873
0.00575
0.018553
0.012457
0.012428
0.005002
0.011869
0.003603
0.011828
0.021324
0.010033
0.011981
0.05055
0.003255
0.001942
0.002911
0.003102
0.001745
0.003056
0.001769
0.003103
0.004537
0.001812
0.002821
0.004111
0.003162
0.003978
0.049891
0.003302
0.002037
0.002971
0.003651
0.00167
0.003043
0.001736
0.003127
0.004619
0.001885
0.012061
0.005468
0.002045
0.003693
0.052057
0.001536
0.005226
0.004936
0.029471
0.013606
0.001516
0.006055
0.011943
0.003452
0.00686
0.004661
0.003795
0.004662
0.001508
0.002614
0.00811
0.001804
0.012268
0.007002
0.004032
0.006453
0.065249
0.004995
0.00259
0.001762
0.005066
0.001467
0.001739
0.002769
0.003872
0.00463
0.004742
0.005193
0.011883
0.00413
0.001835
0.006894
0.00178
0.012334
0.005108
0.001699
0.004045
0.042652
0.012052
0.00455
0.027655
3.43211
0.086278