
190
146
407
500
376
190
118
190
370
149
116
163
151
350
400
219
138
219
368
168
252
148
148
127
216
168
109
184
99
134
157
109
142
141
124
298
326
116
108
121
167
101
143
127
246
125
126
223
254
276
485
275
485
125
131
485
196
248
137
133
500
500
500
125
119
500
203
283
139
139
133
133
138
108
111
500
152
156
120
133
101
124
148
114
108
171
104
166
500
124
66
126
481
67
103
160
126
492
496
395
70
113
490
77
92
170
113
500
66
78
259
108
69
179
85
490
108
108
95
78
253
103
62
169
75
91
174
85
90
73
243
92
61
495
67
491
61
61
490
61
496
58
58
58
63
500
58
58
492
88
78
56
89
65
58
500
492
56
91
492
64
52
64
52
52
487
85
52
220
52
68
473
68
68
49
68
66
68
68
56
82
489
82
82
39
82
99
82
82
96
131
491
131
92
36
92
82
92
500
492
133
488
56
119
36
93
81
93
500
489
500
134
55
117
25
93
91
170
500
500
364
233
488
232
12
492
103
184
500
257
370
183
106
101
4
101
110
189
500
101
363
174
500
500
14
500
99
500
500
471