
0.003719
0.010381
0.003574
0.004452
0.003457
0.003352
0.004201
0.003673
0.003511
0.004099
0.004184
0.00433
0.003749
0.008706
0.003791
0.003977
0.003275
0.004966
0.003807
0.003587
0.003949
0.005669
0.006294
0.00305
0.003062
0.003877
0.003393
0.003904
0.005979
0.003349
0.006025
0.00718
0.003783
0.007496
0.00366
0.00342
0.006309
0.003335
0.003673
0.003419
0.005457
0.00308
0.003476
0.00356
0.003431
0.003202
0.006671
0.003698
0.003423
0.006043
0.003326
0.006299
0.009704
0.004951
0.01639
0.005252
0.004224
0.004564
0.007587
0.006938
0.005417
0.005348
0.008015
0.005111
0.00725
0.005181
0.009152
0.009999
0.016216
0.004315
0.01674
0.012588
0.005103
0.009947
0.008028
0.013424
0.00373
0.006949
0.007664
0.009233
0.008171
0.00747
0.003685
0.005284
0.007293
0.005569
0.003929
0.013972
0.003603
0.005638
0.00412
0.004522
0.009222
0.01046
0.003792
0.003403
0.009592
0.003299
0.004771
0.006165
0.003772
0.002985
0.007575
0.004236
0.011262
0.009747
0.003876
0.004508
0.003383
0.008811
0.004725
0.004293
0.005673
0.007459
0.002917
0.002447
0.006222
0.01526
0.003057
0.003288
0.005255
0.00378
0.008973
0.005179
0.002844
0.003017
0.014269
0.020594
0.007588
0.008487
0.014197
0.006478
0.014974
0.008278
0.010833
0.004041
0.004047
0.005012
0.008087
0.010795
0.003444
0.002619
0.005528
0.007294
0.00721
0.003989
0.005108
0.003028
0.005206
0.008643
0.005064
0.021038
0.008712
0.003254
0.003825
0.004503
0.003248
0.008044
0.003036
0.005811
0.003371
0.012556
0.00369
0.006931
0.003099
0.003372
0.005361
0.005244
0.003617
0.003165
0.00541
0.003373
0.004975
0.003126
0.003247
0.004347
0.006159
0.004153
0.005199
0.015617
0.006042
0.02297
0.007714
0.010399
0.005569
0.0069
0.012002
0.00476
0.003797
0.014034
0.004262
0.002985
0.005209
0.004881
0.004477
0.016063
0.00482
0.007594
0.010396
0.022441
0.00513
0.005302
0.004667
0.018167
0.008342
0.003859
0.005272
0.007552
0.006472
0.006659
0.003582
0.00983
0.00721
0.003054
0.002721
0.002996
0.015388
0.022713
0.005344
0.007382
0.003286
0.003325
0.002462
0.00581
0.017493
0.006687
0.007807
0.016577
0.004027
0.009807
0.004704
0.005361
0.003929
0.002392
0.002515
0.003747
0.003569
0.003653
0.005568
0.008376
0.005705
0.006896
0.007109
0.008041
0.008258
0.0056
0.008882
0.003322
0.003375
0.004255
0.005583
0.003686
0.003282
0.003891
0.002783
0.004043
0.005673
0.00493
0.004874
0.005031
0.010243
0.005504
0.002274
0.003532
0.008865
0.004826
0.004527
0.018947
0.013525
0.005786
0.006433
0.003194
0.006206
0.004623
0.005187
0.007885
0.003837
0.003412
0.002398
0.00255
0.007638
0.003819
0.006534
0.01117
0.011548
0.00293
0.012993
0.008048
0.008915
0.006912
0.024174
0.003936
0.004119
0.003792
0.004018
0.009083
0.003564
0.007103
0.004166
0.003626
0.007084
0.005299