
0.006112
0.015237
0.005835
0.00704
0.005695
0.005497
0.00654
0.006028
0.005781
0.006703
0.006738
0.006781
0.005261
0.012935
0.006191
0.005571
0.005573
0.00761
0.006184
0.005749
0.006353
0.009094
0.009537
0.005067
0.004593
0.006249
0.004964
0.005855
0.008939
0.004794
0.009737
0.011932
0.006036
0.011565
0.005968
0.005964
0.011158
0.004971
0.005211
0.005836
0.008576
0.005146
0.005867
0.005901
0.005613
0.005021
0.009931
0.006357
0.004889
0.009685
0.005708
0.010076
0.018095
0.008836
0.028378
0.008947
0.008032
0.00886
0.013579
0.012999
0.010944
0.010385
0.014575
0.008624
0.013219
0.009281
0.017097
0.018563
0.02602
0.008212
0.026724
0.021163
0.008791
0.016876
0.013908
0.09954
0.038198
0.044336
0.113087
0.104652
0.019247
0.020465
0.009351
0.010655
0.016211
0.012739
0.008669
0.032514
0.031029
0.009453
0.007786
0.008107
0.0156
0.01809
0.006669
0.006484
0.018628
0.006022
0.008691
0.010133
0.03769
0.005459
0.012356
0.007405
0.021027
0.018432
0.006448
0.007446
0.005718
0.01449
0.008093
0.007189
0.009968
0.014462
0.007454
0.006778
0.013304
0.034484
0.028295
0.02274
0.023779
0.023743
0.041844
0.029445
0.004877
0.005657
0.023462
0.026087
0.013384
0.016819
0.023034
0.011194
0.027409
0.012812
0.022043
0.006555
0.006972
0.012182
0.023096
0.02263
0.020888
0.019102
0.021383
0.034724
0.030522
0.027264
0.045968
0.018532
0.025481
0.075275
0.051999
0.122998
0.080029
0.030457
0.025492
0.027689
0.024452
0.035496
0.024127
0.028855
0.025238
0.084477
0.026622
0.033024
0.022574
0.024981
0.028355
0.028113
0.02697
0.026492
0.030223
0.024536
0.028368
0.023691
0.025811
0.022061
0.023938
0.032659
0.08311
0.025503
0.009437
0.036866
0.012666
0.017608
0.008596
0.011688
0.021099
0.007997
0.006385
0.027029
0.00916
0.007349
0.013795
0.010354
0.026623
0.093698
0.007978
0.071215
0.091183
0.097256
0.009464
0.008388
0.007249
0.039444
0.013142
0.006764
0.012695
0.012332
0.014504
0.017682
0.008785
0.022179
0.0182
0.02131
0.019873
0.022228
0.101441
0.111848
0.008498
0.013003
0.005242
0.052658
0.005683
0.01457
0.038132
0.015745
0.019962
0.088258
0.030549
0.014732
0.007917
0.011827
0.009091
0.023491
0.023678
0.026781
0.026535
0.025722
0.028728
0.036181
0.029184
0.069841
0.034821
0.034596
0.034956
0.027741
0.09716
0.02951
0.022622
0.027368
0.049056
0.025214
0.024576
0.026917
0.019874
0.02272
0.028386
0.023547
0.064775
0.028615
0.075303
0.026459
0.020096
0.021476
0.073727
0.022957
0.024316
0.102605
0.060517
0.086152
0.026018
0.040809
0.076744
0.031597
0.025824
0.079487
0.026986
0.02071
0.017112
0.017669
0.0327
0.023332
0.087797
0.089913
0.047996
0.06203
0.084342
0.051603
0.089449
0.084835
0.11928
0.0292
0.027757
0.027313
0.028149
0.033328
0.029236
0.034223
0.028425
0.026785
0.032312
0.029478