
1.50479e+09
0.007872
0.01703
0.007558
0.008792
0.00747
0.00728
0.008357
0.007556
0.007318
0.008229
0.008262
0.008305
0.00684
0.014453
0.007732
0.007098
0.006987
0.009088
0.007651
0.006997
0.007606
0.010273
0.010813
0.006322
0.005863
0.007598
0.006473
0.007222
0.010259
0.006136
0.011032
0.013196
0.007287
0.01305
0.007313
0.007326
0.012282
0.006093
0.006363
0.006949
0.009691
0.006241
0.006965
0.007035
0.006729
0.006146
0.011234
0.00772
0.006182
0.010993
0.016298
0.055177
0.039526
0.07284
0.039234
0.04574
0.041451
0.070202
0.031466
0.066217
0.032916
0.067542
0.032881
0.057166
0.04149
0.078362
0.031707
0.05483
0.035347
0.075993
0.03578
0.046983
0.043282
0.07397
0.295635
0.154563
0.072158
0.124594
0.146733
0.505717
0.027769
0.082461
0.018528
0.088818
0.066482
0.023636
0.310638
0.070794
0.03679
0.063351
0.022277
0.089022
0.025919
0.043674
0.04187
0.169153
0.023417
0.070502
0.031014
0.080843
0.042655
0.046155
0.02932
0.136158
0.094667
0.043328
0.011256
0.030987
0.08832
0.021223
0.068282
0.022825
0.075243
0.148646
0.033406
0.03309
0.144076
0.063381
0.133631
0.026963
0.050353
0.077203
0.064445
0.03474
0.024018
0.104543
0.115087
0.059943
0.026956
0.072755
0.064644
0.019209
0.042234
0.105872
0.044063
0.012916
0.178603
0.043444
0.088152
0.052056
0.026226
0.024227
0.088213
0.049251
0.037821
0.163992
0.070267
0.039605
0.04515
0.316221
0.113802
0.258615
0.121725
0.048221
0.030987
0.040071
0.056707
0.154379
0.041468
0.038393
0.063511
0.110306
0.033318
0.055857
0.155663
0.042738
0.038219
0.064381
0.035534
0.065176
0.035985
0.062144
0.036779
0.057256
0.109182
0.037079
0.079301
0.099228
0.160323
0.055221
0.091905
0.07163
0.027896
0.072131
0.029092
0.136504
0.061338
0.029152
0.046724
0.160642
0.014402
0.051645
0.08945
0.0198
0.067195
0.2064
0.016034
0.142915
0.165548
0.168868
0.017312
0.022561
0.119439
0.066366
0.044644
0.038756
0.066992
0.033572
0.102782
0.171759
0.072387
0.052499
0.13891
0.037157
0.039768
0.104251
0.146959
0.143288
0.042535
0.037587
0.071799
0.165454
0.064054
0.025839
0.074239
0.02668
0.051426
0.122745
0.036606
0.047045
0.178729
0.024907
0.159563
0.036198
0.158744
0.039211
0.153814
0.044672
0.036774
0.063731
0.036255
0.09642
0.046578
0.040095
0.142591
0.0886
0.128938
0.034988
0.162486
0.102286
0.0684
0.043209
0.0435
0.181741
0.024896
0.058329
0.146409
0.040496
0.072308
0.040164
0.198763
0.031858
0.176001
0.026402
0.214142
0.038501
0.039186
0.178468
0.258947
0.207516
0.086406
0.062417
0.100401
0.141622
0.041705
0.102411
0.037179
0.171111
0.020878
0.187504
0.036566
0.106925
0.255166
0.127422
0.057723
0.204824
0.103587
0.19297
0.120468
0.249473
0.274733
0.144977
0.032107
0.065028
0.034969
0.065127
0.035142
0.064463
0.035403
0.064206
0.037226