
0.00893
0.01066
0.019616
0.008863
0.017884
0.016338
0.015372
0.00878
0.022078
0.013288
0.021568
0.0085
0.022114
0.042916
0.025323
0.071415
0.01713
0.028874
0.030759
0.037361
0.038102
0.02535
0.027249
0.036901
0.008223
0.016202
0.019405
0.02994
0.020221
0.082486
0.062654
0.016391
0.034693
0.026588
0.020832
0.01753
0.08873
0.010854
0.01167
0.025828
0.016904
0.048824
0.077831
0.02264
0.022313
0.031343
0.054485
0.012795
0.0203
0.055204
0.016575
0.050778
0.007047
0.013998
0.005307
0.069378
0.055049
0.008827
0.026322
0.01196
0.006289
0.011532
0.012998
0.014838
0.005379
0.011598
0.013471
0.013852
0.012387
0.006242
0.010444
0.050347
0.059319
0.065063
0.016173
0.05979
0.017979
0.020507
0.080524
0.020171
0.005126
0.009889
0.031633
0.018137
0.0485
0.062307
0.058657
0.055602
0.063331
0.016299
0.011454
0.015908
0.052618
0.053047
0.013727
0.010543
0.053785
0.023998
0.017089
0.012266
0.016442
0.051719
0.02396
0.019842
0.021145
0.007207
0.006671
0.006269
0.00601
0.012934
0.013329
0.017622
0.005862
0.054595
0.014834
0.061982
0.012956
0.006162
0.011542
0.007147
0.011657
0.005926
0.00561
0.006159
0.01057
0.010668
0.058106
0.01147
0.007897
0.054461
0.014556
0.011584
0.011003
0.010207
0.004689
0.009522
0.053675
0.008275
0.026276
0.005291
0.011799
0.009936
0.012552
0.013421
0.005725
0.005782
0.01352
0.014218
0.014159
0.013906
0.013561
0.014192