
30
56
39
18
91
39
49
44
44
25
82
45
53
46
66
75
22
79
49
22
89
49
66
49
49
49
49
66
142
49
24
29
49
25
24
19
58
55
52
87
21
62
138
55
55
21
146
277
99
146
400
98
371
161
50
10
44
271
225
359
10
142
128
150
143
10
500
129
232
249
150
128
408
129
96
150
102
129
195
128
325
231
79
150
45
37
34
64
37
55
21
75
21
27
66
29
21
27
44
31
3
221
144
20
145
55
331
47
393
141
144
253
155
177
218
253
41
48
230
259
143
31
143
155
123
339
144
221
53
41
136
30
15
35
15
54
17
17
121
55
45
18
15
121
30
45
35
269
131
29
234
83
28
17
32
26
20
21
21
28
39
26
20
26
26
28
24
14
27
13
24
19
19
24
37
22
26
33
38
23
37
22
269
23
22
43
23
38
21
23
25
27
25
115
23
116
22
39
17
42
41
21
114
20
51
45
115
67
39
83
24
42
39
115
154
19
11
47
39
49
112
43
68
49
49
50
68
49
38
50
43
67
112
24
188
148
144
13
252
41
112
123
256
106
194
330
64
41
126
256
323
339
112
323
103
158
118
126
52
123
66
164
60
16
101
16
46
101
22
19
33
33
101
23
16
70
222
100
157
68
95
157
48
100
100
68
156
115
106
36
176
61
64
60
50
60
91
50
62
21
45
66
67
53
50
91
67
42
74
83
65
63
15
38
65
58
93
78
64
102
134
235
233
106
233
78
78
80
21
58
80
50
70
58
58
71
63
80
50
21
70
51
70
154
138
136
195
231
153
83
19
63
77
46
55
63
47
82
41
63
45
62
22
62
75
45
55
62
45
84
38
76
76
63
21
63
74
48
56
63
45
85
39
57
56
61
234
61
69
45
53
61
43
84
53
54
79
84
43
84
31
45
53
53
43
61
53
20
98
29
65
55
55
63
39
89
55
67
59
58
25
31
60
56
61
29
56
64
34
94
56
78
35
56
28
65
40
26
79
58
27
68
66
30
100
57
59
79
49
43
25
80
56
28
70
66
27
108
58
28
25
34
93
47
26
81
54
30
35
93
20
26
60
94
54
50
25
81
52
30
36
62
48
25
62
28
80
81
22
78
47
60
67
61
23
22
61
32
22
47
24
48
143
33
25
81
42
64
151
69
19
25
69
103
88
58
80
40
64
102
69
36
58
69
85
39
60
40
60
18
85
82
37
67
105
60
39
59
73
106
59
105
21
24
61
83
35
108
106
63
41
61
56
35
35
56
63
81
31
107
105
62
73
59
53
64
81
61
80
61
66
83
26
110
83
64
74
62
65
54
69
110
27
64
73
84
24
113
84
113
77
65
67
167
67
84
169
75
85
22
114
85
114
79
66
68
66
68
173
79
87
19
117
87
117
71
70
71
161
175
163
88
17
119
88
119
72
72
72
87
473
305
131
6
234
131
467
168
126
168
151
125
160
500
6
111
168
160
96
151
303
222