
0.022652
0.002294
0.005038
0.002078
0.001991
0.002727
0.001933
0.001889
0.002827
0.002245
0.002093
0.002544
0.002528
0.002676
0.00224
0.002211
0.003911
0.002196
0.002368
0.001926
0.003183
0.002078
0.00198
0.002402
0.001739
0.001882
0.004264
0.001771
0.001815
0.00227
0.002014
0.001899
0.004034
0.001845
0.001909
0.001971
0.002554
0.002384
0.002203
0.005057
0.002108
0.001878
0.00192
0.002112
0.001946
0.001973
0.001952
0.001735
0.001833
0.001774
0.001954
0.001976
0.001874
0.00185
0.004431
0.002228
0.001897
0.001822
0.001995
0.001907
0.004262
0.003497
0.003158
0.002767
0.005877
0.004833
0.00292
0.002462
0.002565
0.004499
0.00404
0.003136
0.003018
0.004851
0.002972
0.002423
0.002265
0.002944
0.005493
0.005693
0.004481
0.006924
0.002521
0.011474
0.00268
0.005932
0.003159
0.005863
0.004772
0.023708
0.001711
0.001566
0.002135
0.001255
0.001628
0.002196
0.001482
0.002082
0.010634
0.00509
0.004851
0.004828
0.001623
0.002196
0.002025
0.001563
0.00462
0.002595
0.005047
0.005648
0.003914
0.029733
0.001273
0.001528
0.0022
0.001519
0.001795
0.002208
0.001358
0.00236
0.008483
0.01039
0.003221
0.00223
0.002206
0.001403
0.001752
0.003389
0.002073
0.002319
0.002008
0.001463
0.003411
0.001074
0.004911
0.003373
0.003223
0.001464
0.002056
0.001554
0.021953
0.00159
0.002217
0.002162
0.001632
0.001361
0.001607
0.002438
0.00222
0.004643
0.008269
0.004904
0.002104
0.003607
0.002233
0.002493
0.006277
0.002222
0.005131
0.002285
0.001799
0.019348
0.001217
0.000971
0.001728
0.004994
0.001175
0.001883
0.002832
0.004116
0.002232
0.001697
0.00503
0.002427
0.006372
0.003548
0.002859
0.002359
0.002613
0.001851
0.005952
0.002753
0.002447
0.003416
0.004262
0.019463
0.002453
0.002166
0.001312
0.002105
0.001278
0.00131
0.001791
0.0013
0.001283
0.001569
0.001577
0.001395
0.001322
0.001202
0.004066
0.001847
0.009133
0.004623
0.001706
0.001391
0.018315
0.001108
0.001082
0.001936
0.003461
0.002301
0.002996
0.003377
0.003307
0.00152
0.001666
0.009459
0.015603
0.004862
0.005695
0.001968
0.004675
0.004659
0.004209
0.00702
0.003318
0.005448
0.007346
0.002386
0.002233
0.002328
0.019941
0.001554
0.001256
0.001021
0.00121
0.001634
0.001455
0.001342
0.001914
0.002295
0.002274
0.00256
0.002244
0.002376
0.002872
0.002036
0.003287
0.007294
0.002601
0.002196
0.001563
0.003673
0.002477
0.002155
0.004965
0.00227
0.017216
0.001719
0.001222
0.001025
0.001394
0.001224
0.001288
0.001392
0.002123
0.002733
0.00249
0.001819
0.003397
0.001494
0.005832
0.002761
0.023658
0.001513
0.001275
0.001049
0.001207
0.001292
0.001612
0.001194
0.001369
0.002121
0.001319
0.003284
0.001471
0.007414
0.006767
0.003547
0.006914
0.022455
0.001556
0.00215
0.000952
0.001355
0.001294
0.002273
0.001399
0.002115
0.001361
0.005729
0.002842
0.0018
0.001313
0.00219
0.000995
0.002977
0.00133
0.001692
0.001882
0.003656
0.001878
0.001504
0.002049
0.019765
0.001634
0.002215
0.000981
0.002092
0.002071
0.001396
0.001882
0.00133
0.002078
0.002473
0.001697
0.002026
0.003838
0.002355
0.00209
0.00215
0.008622
0.003551
0.002129
0.001405
0.002925
0.001968
0.002037
0.001988
0.001716
0.001995
0.020299
0.001313
0.001012
0.002305
0.002231
0.00225
0.002074
0.002201
0.002489
0.002189
0.002045
0.001483
0.003595
0.002404
0.003516
0.00236
0.002036
0.001535
0.001922
0.002243
0.003625
0.002272
0.002045
0.002408
0.003315
0.002516
0.001773
0.001988
0.002021
0.001355
0.017201
0.001033
0.00267
0.004065
0.00253
0.003108
0.009751
0.003946
0.015686
0.005225
0.002032
0.005197
0.003169
0.00415
0.007071
0.002756
0.002417
0.004852
0.004292
0.015758
0.002311
0.00124
0.001758
0.001207
0.002072
0.001821
0.001289
0.001263
0.00137
0.002207
0.001579
0.001629
0.001784
0.002998
0.002293
0.002863
0.002068
0.002615
0.010211
0.013238
0.002604
0.004719
0.006285
0.006405
0.008907
0.002738
0.002963
0.002413
0.012214
0.004928
0.003389
0.002354
0.002275
0.003004
0.001994
0.005087
0.003659
0.002301
0.003812
0.002802
0.022924
0.001886
0.00231
0.001537
0.001821
0.001507
0.002445
0.001057
0.002081
0.002418
0.002287
0.002056
0.001552
0.006188
0.004108
0.004099
0.004703
0.01748
0.002624
0.002259
0.002426
0.001676
0.002342
0.002312
0.001295
0.002169
0.002681
0.002256
0.001747
0.001518
0.001697
0.009442
0.00591
0.009745
0.003648
0.00231
0.00263
0.001776
0.001806
0.019292
0.001981
0.001267
0.001564
0.001466
0.001474
0.002429
0.001497
0.001446
0.002391
0.002273
0.001288
0.001283
0.00341
0.002888
0.006361
0.00563
0.002381
0.004319
0.004061
0.002707
0.004705
0.004425
0.006708
0.004757
0.002372
0.003487
0.003551
0.002892
0.031458
0.002266
0.001279
0.001573
0.001455
0.002185
0.001616
0.001865
0.001597
0.00245
0.001597
0.003538
0.002067
0.002461
0.001624
0.021555
0.001865
0.001316
0.00158
0.001382
0.001488
0.001587
0.001629
0.001621
0.002518
0.001462
0.001258
0.001441
0.001326
0.001355
0.020724
0.00188
0.001523
0.001702
0.001404
0.001526
0.001686
0.001696
0.001521
0.002583
0.001652
0.002164
0.001696
0.002046
0.001663
0.019633
0.001862
0.001658
0.001544
0.001693
0.001511
0.001692
0.001582
0.002531
0.001536
0.002163
0.001565
0.003776
0.001732
0.003204
0.0028
0.002603
0.001451
0.004046
0.00253
0.00452
0.002115
0.002507
0.002128
0.001545
0.001651
0.002188
0.002623
0.001621
0.001537
0.003474
0.002109
0.001771
0.001645
0.018752
0.001552
0.001462
0.001408
0.00169
0.001674
0.001572
0.00159
0.002489
0.001554
0.003604
0.001859
0.005294
0.004084
0.001815
0.001496
0.001687
0.001303
0.02037
0.001623
0.001698
0.001726
0.001496
0.001366
0.001544
0.001584
0.001516
0.002476
0.001488
0.002777
0.002088
0.003519
0.001635
0.002144
0.001646
0.00181
0.001463
0.002228
0.002636
0.021942
0.001752
0.0014
0.001772
0.001229
0.001507
0.002449
0.001572
0.001397
0.002572
0.001801
0.001369
0.001445
0.002607
0.001854
0.003823
0.002544
0.01905
0.00174
0.001622
0.001781
0.00133
0.001463
0.002355
0.001598
0.001414
0.001615
0.003303
0.001772
0.002673
0.001981
0.003359
0.001454
0.006883
0.003422
0.01744
0.001774
0.002004
0.001659
0.001176
0.001342
0.001392
0.00182
0.001356
0.001415
0.001694
0.003634
0.002046
0.001157
0.001166
0.02269
0.001844
0.001327
0.00182
0.001185
0.001385
0.001518
0.001809
0.002264
0.001449
0.001603
0.002125
0.001421
0.005459
0.004938
0.021114
0.002722
0.001348
0.001889
0.001092
0.002154
0.002326
0.001612
0.001168
0.001358
0.001547
0.003143
0.001466
0.00177
0.001035
0.00119
0.001093
0.008241
0.004265
0.005732
0.00424
0.009242
0.007201
0.023538
0.00176
0.001417
0.001784
0.001074
0.002367
0.002874
0.001689
0.001361
0.001502
0.001733
0.003374
0.004002
0.015561
0.002374
0.001736
0.001221
0.002381
0.002497
0.00182
0.002217
0.002361
0.001581
0.004373
0.002089
0.001621
0.001664
0.003512
0.005015
0.001145
0.001803
0.001181
0.002213
0.016114
0.001585
0.00186
0.001719
0.001089
0.002485
0.00278
0.002322
0.001502
0.002203
0.001827
0.003332
0.003109
0.004574
0.006196
0.002292
0.002623
0.001939
0.0013
0.020286
0.001692
0.00241
0.001858
0.001271
0.002646
0.002638
0.002338
0.001499
0.002345
0.003014
0.001151
0.001109
0.001421
0.001175
0.022813
0.002583
0.002443
0.002069
0.001109
0.002586
0.002612
0.002213
0.002367
0.002748
0.002197
0.002316
0.002331
0.002461
0.001751
0.002237
0.002391
0.003961
0.002925
0.016068
0.002588
0.002351
0.001821
0.001143
0.002618
0.00176
0.002217
0.002416
0.002357
0.002345
0.007271
0.005953
0.003121
0.00505
0.002451
0.002581
0.00135
0.001405
0.023023
0.002761
0.00235
0.001758
0.001031
0.002635
0.001763
0.002777
0.002419
0.002392
0.002379
0.008788
0.005416
0.002738
0.002706
0.002768
0.002101
0.020917
0.003473
0.002413
0.001783
0.001162
0.002602
0.00181
0.002688
0.002401
0.002439
0.002454
0.005336
0.008373
0.004075
0.004205
0.026973
0.003269
0.00255
0.001985
0.001049
0.002594
0.001952
0.002816
0.002596
0.002554
0.002333
0.016789
0.012072
0.021826
0.003303
0.003249
0.001919
0.001
0.00283
0.001874
0.002723
0.002423
0.002362
0.002323
0.00233
0.001918
0.021481
0.001038
0.002394
0.002165
0.002364
0.005129
0.00102
0.001145
0.002052
0.002334
0.002395
0.002848
0.002164
0.004801
0.00339