
150
319
187
52
391
187
114
462
448
95
145
310
222
217
389
222
157
469
470
441
89
58
241
66
387
140
152
138
473
445
80
44
271
225
359
129
142
128
150
143
280
56
125
194
125
43
312
35
400
137
250
221
144
42
145
55
331
47
393
141
262
131
150
36
123
161
267
121
233
220
260
41
144
26
72
166
272
225
49
26
257
28
138
252
194
167
273
221
49
218
258
44
133
269
194
192
288
222
54
217
258
48
128
283
54
190
114
115
188
234
154
136
122
280
48
272
112
130
312
182
188
148
144
105
252
41
112
123
256
106
164
71
42
101
34
50
101
109
143
124
67
95
50
100
41
48
115
117
156
220
210
129
219
91
141
66
113
127
185
167
123
127
226
83
149
305
105
124
191
163
125
235
218
80
93
308
225
225
195
170
128
232
224
77
159
127
231
143
202
161
242
234
222
75
125
127
231
144
204
161
241
233
223
74
126
128
231
144
204
162
240
234
222
69
123
125
230
142
208
112
110
98
164
65
127
127
232
144
212
127
111
89
214
61
357
128
234
145
218
128
113
88
103
58
85
111
234
147
221
129
114
87
104
56
86
115
235
147
108
131
116
88
104
54
88
172
305
149
88
133
116
86
104
52
89
173
172
172
86
124
172
83
100
47
110
194
169
78
83
122
185
87
103
42
113
341
172
80
87
125
88
109
102
40
114
137
171
91
109
123
75
361
103
37
116
141
95
110
111
126
77
103
104
35
222
141
96
112
110
110
98
284
102
31
224
143
97
134
112
111
100
285
103
26
225
103
158
134
114
160
101
135
104
24
228
104
461
136
117
161
465
136
105
22
229
105
462
137
119
163
469
139
107
19
232
107
465
166
123
166
470
302
108
17
233
108
467
165
123
165
473
305
131
6
234
131
467
168
126
168