
0.00332
0.005855
0.00476
0.006116
0.003281
0.003355
0.003187
0.003038
0.00326
0.004212
0.003782
0.003637
0.006317
0.003619
0.005532
0.003315
0.006223
0.007103
0.003302
0.003348
0.003707
0.00494
0.005936
0.003359
0.003676
0.003954
0.003921
0.003246
0.00321
0.004086
0.007024
0.003709
0.004351
0.003149
0.003162
0.007285
0.003744
0.006526
0.003597
0.007527
0.003709
0.003634
0.003173
0.007286
0.003376
0.008813
0.009595
0.003872
0.010711
0.003618
0.003771
0.004123
0.00808
0.007297
0.017682
0.00592
0.003465
0.013545
0.007301
0.004612
0.010834
0.006505
0.008494
0.004133
0.01116
0.009144
0.004054
0.005282
0.018628
0.007042
0.013864
0.012493
0.009055
0.010234
0.009283
0.005351
0.003268
0.004471
0.00822
0.003457
0.003443
0.005827
0.003202
0.005357
0.004147
0.009585
0.003825
0.003856
0.003148
0.007446
0.00639
0.005905
0.003688
0.006705
0.005977
0.00702
0.003502
0.003912
0.003543
0.003323
0.004425
0.003611
0.005656
0.003359
0.00991
0.005155
0.009407
0.005644
0.00341
0.003091
0.004386
0.009626
0.012989
0.01045
0.012524
0.003345
0.006623
0.010944
0.005207
0.003557
0.003697
0.022065
0.005068
0.003948
0.002962
0.015386
0.003301
0.003023
0.006537
0.007824
0.003647
0.003589
0.0086
0.015006
0.007391
0.005476
0.0053
0.010446
0.016379
0.003179
0.003921
0.014481
0.011084
0.010905
0.006373
0.007898
0.011142
0.006227
0.007457
0.006391
0.015813
0.006746
0.014168
0.005076
0.012021
0.004137
0.008019
0.009298
0.012463
0.006425
0.006461
0.011357
0.008742
0.007104
0.013128
0.010539
0.015973
0.003196
0.00382
0.003861
0.009793
0.010497
0.005375
0.009014
0.020781
0.004866
0.005605
0.011072
0.011737
0.014152
0.00876
0.009926
0.00838
0.008394
0.012518
0.008202
0.012247
0.00632
0.002875
0.012793
0.005292
0.004827
0.004767
0.012372
0.010358
0.006874
0.003832
0.007352
0.005926
0.01145
0.005388
0.004557
0.008471
0.024797
0.004858
0.005423
0.002956
0.002542
0.005761
0.005125
0.005527
0.006478
0.007595
0.002768
0.005409
0.002935
0.017466
0.005435
0.006058
0.003019
0.004941
0.003252
0.012097
0.006513
0.00394
0.004681
0.013106
0.005241
0.00467
0.002939
0.004252
0.005007
0.006222
0.006987
0.005639
0.003091
0.016524
0.003081
0.002904
0.002578
0.009821
0.007817
0.00545
0.003143
0.005549
0.00501
0.00496
0.007424
0.002955
0.014882
0.006171
0.005291
0.005064
0.00557
0.006623
0.003712
0.002632
0.004887
0.007498
0.021236
0.019922
0.010989
0.01205
0.01106
0.00603
0.002535
0.008619
0.004439
0.012351
0.011365
0.004363
0.003949
0.00916
0.011934
0.00766
0.005917
0.003643
0.006653
0.007509
0.007878
0.006429
0.004955
0.006792
0.008194
0.003994
0.007918
0.002052
0.008157
0.028954
0.003347
0.011317
0.01274
0.004312
0.003325
0.01067
0.006722
0.00383
0.020717
0.003834
0.003415
0.004799
0.003994
0.007382
0.016818
0.006058