
0.0282843
0.0282843
0.060498
0.0455293
0.0712368
0.0835108
0.0626143
0.0956143
0.0746332
0.097484
0.0780821
0.0906581
0.035046
0.0245198
0.0470724
0.0160555
0.0490064
0.0286759
0.0514242
0.0425733
0.0649708
0.0769758
0.0560282
0.0446765
0.0343349
0.0542626
0.0878286
0.109038
0.0933303
0.0933303
0.0928204
0.0437
0.0204979
0.0204979
0.0534557
0.0531947
0.0306358
0.0411632
0.0741229
0.0580486
0.0467902
0.0650639
0.0308683
0.0581647
0.0364582
0.0616177
0.15723
0.162712
0.158438
0.148283
0.0763541
0.0533019
0.0427663
0.0534523
0.0534523
0.0539605
0.044682
0.0640476
0.00917705
0.00938679
0.0108428
0.018701
0.0265638
0.0265638
0.00926886
0.00926886
0.00802477
0.0184322
0.0388508
0.0179575
0.0270366
0.0270366
0.020742
0.0268232
0.00917479
0.0168078
0.00952947
0.0123914
0.0123914
0.0166524
0.0298249
0.0331586
0.0165398
0.0161268
0.0181239
0.00814029
0.0101095
0.0244417
0.0534558
0.00772584
0.0267581
0.00968425
0.00755686
0.00755686
0.010576
0.0175609
0.0175609
0.0103721
0.0262874
0.0152523
0.0144228
0.0144228
0.0153458
0.0153458
0.0210404
0.0487869
0.0411471
0.0459463
0.0203179
0.0157254
0.0252387
0.0149711
0.0180191
0.0249737
0.0166285
0.0493855
0.0533033
0.0411136
0.0110544
0.035342
0.0989985
0.0068541
0.0657573
0.0782833
0.0710209
0.066
0.0046115
0.0234581
0.0116407
0.043777
0.00902856
0.0132755
0.030841
0.030841
0.0140461
0.0406489
0.0406489
0.0736364
0.0234256
0.0192162
0.0389652
0.0659895
0.0114202
0.0171668
0.0171668
0.0513053
0.0145659
0.030768
0.030768
0.0333844
0.0182039
0.0281708
0.0223327
0.0223327
0.0488048
0.0308064
0.0691912
0.0364437
0.0364437
0.00684561
0.0604968
0.012924