
2e-06
1e-06
1e-06
1e-06
1e-06
1e-06
1e-06
1e-06
2e-06
1e-06
1e-06
1e-06
1e-06
1e-06
1e-06
1e-06
2e-06
1e-06
1e-06
1e-06
2e-06
1e-06
1e-06
1e-06
1e-06
1e-06
1e-06
1e-06
1e-06
1e-06
1e-06
1e-06
3e-06
1e-06
1e-06
1e-06
1e-06
1e-06
1e-06
1e-06
1e-06
1e-06
1e-06
1e-06
1e-06
1e-06
1e-06
1e-06
1e-06
2e-06
1e-06
1e-06
3e-06
3e-06
5e-06
4e-06
2e-06
6e-06
4e-06
2e-06
7e-06
4e-06
2e-06
2e-06
1.2e-05
2e-06
2e-06
2e-06
7e-06
2e-06
6e-06
4e-06
2e-06
3e-06
5e-06
0.019649
0.020096
0.02013
0.06284
0.019069
0.019123
0.019154
0.021573
0.020528
0.022101
0.067636
0.021311
0.019475
0.018844
0.018244
0.017998
0.019415
0.01909
0.043215
0.01837
0.032499
0.020054
0.019652
0.017724
0.018265
0.026085
2e-06
1e-06
1e-06
3e-06
2e-06
3e-06
2e-06
2e-06
1e-06
2e-06
5e-06
7e-06
0.022048
0.06594
0.015487
0.014518
0.068483
0.019673
0.017856
0.017566
0.059486
0.019805
0.018231
0.025691
0.056719
0.01829
0.017379
0.016976
0.017004
0.016877
0.015991
0.079391
5e-06
3e-06
2e-06
1e-06
2e-06
2e-06
2e-06
1e-06
1e-06
1e-06
1e-06
1e-06
2e-06
4e-06
2e-06
1e-06
2e-06
6e-06
3e-06
1e-06
2e-06
4e-06
1e-06
1e-06
2e-06
2e-06
2e-06
1e-06
2e-06
1e-06
1e-06
1e-06
1e-06
2e-06
1e-06
1e-06
1e-06
5e-06
4e-06
2e-06
2e-06
7e-06
2e-06
1e-06
4e-06
4e-06
4e-06
3e-06
2e-06
2e-06
4e-06
3e-06
3e-06
3e-06
2e-06
1e-06
0.0777
0.066783
0.081662
0.0628
0.020084
0.081026
0.021764
0.020404
0.029198
0.020391
0.06008
0.021716
0.031363
0.05882
0.086802
0.056866
0.021331
0.017299
0.01761
0.017766
0.059224
0.025156
0.01871
0.018497
0.019712
0.019668
0.019801
0.061951
0.024773
0.01722
0.021762
0.017426
0.016282
0.017966
0.035716
0.021466
0.018464
0.057615
0.017019
0.016857
0.04629
0.056563
0.015161
0.014558
0.017687
0.03377
0.018371
0.058977
0.018656
0.017026
0.015385
0.016411
0.016366
0.017183
0.01712
0.017438
0.018271
0.020081
0.018343
0.020343
0.0727
0.037272
0.014457
0.015477
0.017487
0.015965
0.035306
0.013568
0.068554
0.066235
0.07082
0.064667
0.061838
0.074373
0.064305
0.01323
0.014317
0.015593
0.014748
0.012305
0.017204
0.018392
0.01621
0.045438
0.017195
0.04499
0.022993
0.02268
0.019268
0.020881
0.020916
0.020837
0.020116
0.040702
0.018526
0.034206
0.01926
0.01977
0.02138
0.099527
0.027462
0.026424
0.070341
0.030899
0.024094
0.024214
0.026384
0.025158
0.06232
0.013209
0.013281
0.012811
0.014058
0.075959
0.062442
0.034814