
0.005336
0.008966
0.007588
0.008892
0.005503
0.005673
0.004689
0.005338
0.005574
0.006753
0.006087
0.006057
0.009666
0.005858
0.008189
0.004799
0.009032
0.011031
0.005512
0.005531
0.005325
0.007547
0.008926
0.004766
0.005092
0.006418
0.006368
0.005289
0.005406
0.006856
0.01169
0.006053
0.006654
0.005196
0.004766
0.012121
0.006193
0.010626
0.005933
0.011938
0.005914
0.006043
0.004697
0.012977
0.005295
0.014673
0.014037
0.005941
0.016101
0.005824
0.006103
0.006662
0.013549
0.010873
0.030086
0.009218
0.005844
0.023088
0.010948
0.008389
0.015438
0.010349
0.014755
0.006599
0.0165
0.014802
0.006055
0.00823
0.027379
0.012069
0.0212
0.018796
0.015661
0.019892
0.014358
0.031201
0.028187
0.030239
0.080896
0.027621
0.027445
0.031432
0.029614
0.031672
0.031616
0.09059
0.029601
0.028255
0.026635
0.035715
0.031518
0.031569
0.027662
0.060387
0.031271
0.047134
0.029297
0.029494
0.026217
0.025322
0.03521
0.00776
0.015747
0.007304
0.02124
0.012551
0.019706
0.013535
0.007832
0.006687
0.009282
0.024135
0.02151
0.039354
0.084554
0.02049
0.025237
0.086159
0.02796
0.023756
0.023792
0.096534
0.027951
0.024695
0.030773
0.081398
0.023894
0.022537
0.026916
0.029266
0.023102
0.02213
0.095062
0.023826
0.01366
0.008715
0.008256
0.017484
0.025889
0.005473
0.006369
0.025262
0.017052
0.016399
0.010035
0.012564
0.016738
0.010097
0.012082
0.010887
0.02247
0.011137
0.023052
0.008798
0.020967
0.010167
0.019114
0.025072
0.027064
0.013979
0.012699
0.023823
0.016678
0.01398
0.031568
0.024565
0.036456
0.005543
0.006335
0.009413
0.014474
0.015593
0.008831
0.014228
0.033245
0.007602
0.010671
0.017538
0.018519
0.02208
0.014274
0.019571
0.018268
0.01354
0.019442
0.013302
0.019581
0.01354
0.006455
0.10283
0.075848
0.089533
0.07094
0.045929
0.10731
0.036699
0.029677
0.044894
0.032613
0.078344
0.033114
0.043023
0.082341
0.136025
0.06848
0.032564
0.02439
0.024072
0.026761
0.070798
0.033942
0.032585
0.035888
0.026305
0.030984
0.026811
0.1087
0.036592
0.029426
0.029991
0.027789
0.024175
0.042043
0.048969
0.030171
0.028738
0.089036
0.028189
0.026968
0.05356
0.067055
0.02599
0.024085
0.033302
0.045472
0.026033
0.099711
0.025883
0.024242
0.021353
0.037522
0.031172
0.028272
0.024581
0.028908
0.030032
0.030795
0.035235
0.027416
0.10831
0.050229
0.025219
0.027402
0.031969
0.031958
0.043785
0.020627
0.078696
0.086606
0.116733
0.107522
0.088319
0.103982
0.091309
0.025564
0.021523
0.032981
0.023961
0.039712
0.04058
0.02929
0.024495
0.06271
0.044258
0.060452
0.036811
0.030748
0.033321
0.035537
0.036869
0.034102
0.03146
0.053801
0.03629
0.040392
0.031819
0.023272
0.034618
0.138257
0.032852
0.044996
0.0963
0.038094
0.029555
0.042336
0.036679
0.031578
0.098449
0.019828
0.019367
0.020612
0.0209
0.089354
0.094424
0.044332