0.006531
0.010181
0.008857
0.010178
0.006651
0.006766
0.005792
0.006407
0.006681
0.007855
0.007203
0.007166
0.010951
0.007165
0.009547
0.006165
0.010378
0.0126
0.006884
0.006758
0.00654
0.008839
0.010347
0.006202
0.006487
0.007801
0.007696
0.006563
0.006703
0.008191
0.01297
0.007389
0.007966
0.006415
0.006001
0.013373
0.007456
0.011936
0.007228
0.013316
0.00728
0.007431
0.006088
0.014314
0.006634
0.016179
0.015496
0.007387
0.017606
0.007337
0.012974
0.059015
0.039949
0.068429
0.058026
0.021518
0.055889
0.068795
0.02654
0.073781
0.028081
0.053967
0.043389
0.078371
0.023609
0.053742
0.044845
0.072057
0.036127
0.066407
0.033824
0.050808
0.041128
0.067028
0.156569
0.054905
0.052253
0.036569
0.11039
0.050403
0.033786
0.068555
0.036242
0.063727
0.038343
0.119258
0.157871
0.03462
0.068708
0.04159
0.056841
0.037484
0.116278
0.083195
0.09672
0.061521
0.042522
0.165322
0.031669
0.100487
0.061624
0.012284
0.025145
0.080052
0.031642
0.063147
0.027812
0.09335
0.013228
0.051846
0.048419
0.245587
0.057569
0.064162
0.120479
0.026815
0.105545
0.188023
0.043288
0.039364
0.060612
0.121791
0.034378
0.094479
0.044704
0.10969
0.031469
0.060885
0.039134
0.060728
0.039338
0.129559
0.116621
0.038875
0.174485
0.013888
0.051785
0.088775
0.048157
0.012582
0.051589
0.072752
0.02908
0.065272
0.032227
0.087443
0.041799
0.018745
0.051495
0.085161
0.058146
0.017287
0.038978
0.067366
0.166917
0.024656
0.040729
0.072606
0.048457
0.028458
0.051564
0.07357
0.024698
0.066715
0.038025
0.054207
0.148241
0.019106
0.041715
0.086202
0.026023
0.051047
0.037779
0.124494
0.064114
0.027993
0.069612
0.032871
0.073543
0.032638
0.06138
0.031252
0.069056
0.032329
0.055437
0.044573
0.189442
0.018127
0.135028
0.131741
0.14574
0.11369
0.193315
0.101133
0.143922
0.041264
0.08203
0.060538
0.037559
0.091088
0.220597
0.060757
0.153989
0.159387
0.07955
0.036662
0.131771
0.027996
0.050329
0.091883
0.047869
0.0367
0.050378
0.030572
0.042687
0.053055
0.279745
0.040626
0.082047
0.03408
0.043149
0.040966
0.21652
0.065042
0.038567
0.053169
0.217895
0.032066
0.105036
0.060347
0.192729
0.029637
0.054083
0.052425
0.167236
0.029998
0.237855
0.14165
0.03611
0.051201
0.041037
0.058822
0.040793
0.059595
0.040534
0.060014
0.039911
0.060563
0.166486
0.18169
0.064939
0.039476
0.059862
0.040402
0.102746
0.04985
0.191392
0.142425
0.156641
0.257526
0.175516
0.245971
0.317422
0.211798
0.036216
0.05144
0.040979
0.153804
0.04267
0.068942
0.032266
0.12205
0.074509
0.110456
0.075184
0.040462
0.051641
0.16347
0.049132
0.050605
0.039279
0.130215
0.059558
0.178925
0.052142
0.0505
0.040834
0.128599
0.165058
0.036413
0.060513
0.123523
0.053148
0.032904
0.057809
0.040114
0.048071
0.175135
0.028607
0.021394
0.029527
0.105655
0.10958
0.155382