
0.005045
0.009423
0.015316
0.011927
0.018228
0.018246
0.006426
0.02034
0.005605
0.015616
0.018203
0.008412
0.013492
0.016644
0.01699
0.018404
0.015997
0.017929
0.018117
0.011213
0.016051
0.017666
0.016718
0.069552
0.016156
0.058136
0.007255
0.015433
0.042205
0.019477
0.027763
0.02196
0.036626
0.009017
0.035441
0.023688
0.016527
0.018557
0.052297
0.008685
0.010768
0.010521
0.014313
0.039407
0.009858
0.016393
0.010525
0.01031
0.073803
0.010354
0.011677
0.031439
0.012794
0.021242
0.017222
0.032096
0.01231
0.031021
0.022433
0.009092
0.009858
0.019934
0.013746
0.02255
0.014896
0.00452
0.008889
0.029489
0.011994
0.066241
0.015514
0.016164
0.021262
0.015898
0.01669
0.004559
0.009671
0.075012
0.018695
0.058907
0.01574
0.049626
0.017756
0.047189
0.01023
0.003871
0.015177
0.011141
0.061625
0.013064
0.003695
0.008274
0.01394
0.009148
0.009694
0.002616
0.012805
0.023657
0.00858
0.049121
0.010738
0.002639
0.008638
0.0526
0.002371
0.008384
0.002985
0.002516
0.002728
0.008036
0.008757
0.00884
0.00897
0.009346
0.009787
0.060946
0.009278
0.009215
0.047989
0.002333
0.053785
0.058426
0.004327
0.055969
0.004024
0.050349
0.010283
0.007367
0.008083
0.006648
0.015204
0.067156
0.008292
0.060573
0.010527
0.00264
0.009738
0.009804
0.074272
0.002234
0.00848
0.008857
0.072035
0.018186
0.011427
0.018281
0.011125
0.011311
0.002418
0.006719
0.006417
0.053941
0.014854
0.054269
0.007661