
169
146
39
55
44
54
13
15
33
29
73
77
62
35
31
148
36
33
24
33
28
79
39
140
25
71
26
24
30
10
30
21
28
26
26
13
99
54
11
91
27
68
85
60
60
18
18
19
87
18
17
77
78
78
166
35
18
19
22
139
19
14
40
20
79
30
20
20
20
20
12
12
13
12
7
27
72
11
35
28
12
352
74
74
392
286
218
135
130
252
138
226
65
43
260
136
45
387
260
136
94
137
96
254
55
269
314
61
142
17
142
314
96
251
73
270
251
309
365
200
79
73
233
292
332
408
251
394
314
378
475
81
314
219
219
285
147
79
47
56
49
37
10
109
24
56
109
50
56
49
21
56
56
56
49
49
56
81
56
56
16
121
38
44
87
321
335
257
165
133
51
110
98
279
91
155
97
155
186
70
257
334
76
30
301
319
331
76
97
76
110
51
155
335
76
320
36
45
56
70
9
22
64
102
90
89
56
19
136
419
98
98
99
16
33
57
73
82
18
61
97
85
85
70
20
17
58
46
87
23
371
75
11
12
70
70
76
12
11
91
80
80
68
11
92
80
26
71
20
15
323
48
69
71
68
69
86
74
73
86
285
27
238
73
70
86
87
70
26
67
58
80
23
50
68
67
74
68
82
70
68
56
37
53
35
31
37
68
46
20
36
69
29
56
69
78
33
69
36
23
56
69
28
18
31
35
68
27
60
26
74
31
68
69
45
74
28
14
29
17
69
26
63
40
72
27
69
40
184
94
32
28
37
31
71
25
40
38
70
26
71
36
70
31
26
37
29
71
24
29
32
68
34
71
24
19
31
23
56
19
23
46
61
28
56
26
61
23
61
24
34
30
34
72
49
72
29
32
42
21
22
15
21
21
55
22
25
91
29
33
97
40
16
28
41
25
25
32
22
35
20
20
86
23
50
19
20
35
23
39
51
35
35
31
19
18
41
22
47
20
18
33
18
24
31
29
37
16
47
22
45
23
16
31
48
26
24
57
54
49
19
40
46
53
22
43
50
26
25
59
20
51
20
40
47
56
28
46
28
12
50
18
15
46
36
10
33
30
46
57
51
51
19
11
12
31
10
20
96
50
19
97
31
12
11
11
106
14
14
16
65
15
16
25
61
14
15
66
21
105
21
154
211
99
248
100
328
56
100
15
500
500
41
500
14
500
500
100
500
100
242
56
242
56
61
500
350
99
228
198
158
107
225
158
177
220
158
207