
0.016505
0.001905
0.003989
0.003081
0.00407
0.001857
0.001936
0.001804
0.001787
0.001852
0.002526
0.002226
0.002109
0.004262
0.001936
0.003686
0.001852
0.004171
0.004827
0.001865
0.001835
0.002145
0.003203
0.00393
0.001887
0.00188
0.002477
0.002445
0.001848
0.001873
0.002443
0.001972
0.002708
0.002164
0.002537
0.001781
0.001867
0.001984
0.002753
0.002142
0.001853
0.002351
0.00209
0.0019
0.002891
0.002142
0.002086
0.001786
0.002794
0.001957
0.001956
0.001791
0.004308
0.002053
0.004584
0.002031
0.00449
0.003031
0.001934
0.002149
0.002342
0.004824
0.004354
0.006051
0.005745
0.003659
0.001957
0.008315
0.004121
0.002361
0.006419
0.003769
0.003212
0.00228
0.002308
0.006392
0.002247
0.00397
0.002164
0.00293
0.01003
0.002898
0.004218
0.008509
0.008377
0.003253
0.002464
0.003164
0.003348
0.005432
0.024895
0.001908
0.002124
0.001455
0.002224
0.001264
0.001464
0.00137
0.001357
0.001232
0.003546
0.00172
0.001805
0.001338
0.002523
0.001611
0.005347
0.002437
0.001918
0.001386
0.001967
0.00193
0.003887
0.001517
0.00176
0.001397
0.003456
0.001388
0.002305
0.001572
0.005761
0.003399
0.002174
0.001442
0.018602
0.002296
0.001824
0.001305
0.001312
0.001522
0.001346
0.00123
0.001192
0.001394
0.00139
0.002118
0.001343
0.00174
0.001553
0.0018
0.003402
0.001519
0.001165
0.004119
0.001902
0.003932
0.00132
0.002061
0.001299
0.002478
0.00184
0.001833
0.001353
0.003922
0.001711
0.004798
0.001888
0.001985
0.001525
0.002323
0.001698
0.017058
0.001204
0.001031
0.00096
0.002471
0.000985
0.000911
0.0017
0.002402
0.002536
0.002105
0.001204
0.001897
0.000913
0.002494
0.001176
0.002063
0.00114
0.001878
0.001794
0.002035
0.001074
0.002083
0.00108
0.006766
0.002686
0.002929
0.001774
0.00632
0.002786
0.003285
0.002062
0.002028
0.001187
0.001691
0.001009
0.002586
0.001433
0.005494
0.003447
0.018318
0.001186
0.000963
0.000921
0.00083
0.00104
0.001257
0.001572
0.001109
0.001315
0.00119
0.008445
0.003063
0.007131
0.007623
0.001988
0.00426
0.007281
0.041391
0.00336
0.002158
0.002123
0.009609
0.005562
0.003352
0.002482
0.001686
0.010394
0.001872
0.001791
0.004314
0.003523
0.001818
0.00214
0.002198
0.005639
0.010386
0.004187
0.033946
0.001275
0.00365
0.003489
0.007004
0.006695
0.004963
0.001831
0.002397
0.003839
0.006016
0.00771
0.007611
0.004196
0.00532
0.007578
0.004284
0.005002
0.004188
0.01071
0.004583
0.004723
0.005579
0.003041
0.007407
0.02407
0.002464
0.002184
0.001676
0.002143
0.00111
0.001815
0.001408
0.002289
0.002831
0.002268
0.002297
0.002314
0.003763
0.0017
0.001563
0.001311
0.006185
0.003889
0.008466
0.004425
0.004286
0.002285
0.004072
0.001496
0.007781
0.003212
0.005736
0.002531
0.004002
0.001741
0.002998
0.005976
0.003048
0.003102
0.004554
0.002549
0.001284
0.00308
0.007323
0.003564
0.0027
0.002848
0.022313
0.001562
0.001614
0.001803
0.002309
0.002174
0.00181
0.005956
0.006931
0.00337
0.006017
0.014296
0.003017
0.00364
0.001177
0.007532
0.008022
0.009675
0.005794
0.00271
0.004135
0.002503
0.002447
0.002981
0.002302
0.0046
0.008531
0.0053
0.008355
0.028538
0.001604
0.002359
0.002841
0.001528
0.001285
0.000975
0.001496
0.00149
0.001509
0.001641
0.004192
0.002252
0.001599
0.000944
0.00274
0.005492
0.002838
0.002583
0.002549
0.024833
0.001645
0.001368
0.002246
0.001646
0.001653
0.001384
0.00165
0.001514
0.00129
0.001366
0.003898
0.004853
0.001516
0.001419
0.005889
0.004717
0.004543
0.002414
0.002315
0.002099
0.004876
0.002024
0.003961
0.001623
0.007748
0.00369
0.001767
0.022272
0.001474
0.001226
0.001615
0.001525
0.001429
0.001193
0.001276
0.001361
0.001438
0.001413
0.002432
0.003244
0.002494
0.002794
0.002206
0.002797
0.016747
0.005186
0.002507
0.002167
0.00348
0.0017
0.001659
0.001327
0.019383
0.001535
0.001361
0.001466
0.001436
0.001622
0.001587
0.001418
0.001424
0.001477
0.001493
0.003892
0.002908
0.00201
0.003513
0.004392
0.00242
0.003603
0.001661
0.001652
0.001523
0.001412
0.00144
0.003463
0.001671
0.001644
0.001261
0.006272
0.005931
0.007283
0.003686
0.021418
0.001338
0.001442
0.001585
0.001254
0.002268
0.001564
0.001349
0.001354
0.001514
0.00353
0.002294
0.00404
0.001497
0.001729
0.002298
0.003327
0.001478
0.002046
0.001549
0.004278
0.004444
0.001522
0.001859
0.022716
0.002492
0.001414
0.001358
0.001737
0.001408
0.002287
0.00176
0.001534
0.001485
0.001634
0.004443
0.001856
0.002377
0.001428
0.002951
0.002386
0.005884
0.003089
0.002956
0.002388
0.020668
0.00178
0.001451
0.001336
0.001614
0.001522
0.002371
0.001291
0.001429
0.001538
0.001746
0.003511
0.00173
0.003027
0.001538
0.001546
0.001586
0.002355
0.002017
0.019505
0.001443
0.00153
0.001292
0.00168
0.001525
0.00223
0.001579
0.001561
0.001585
0.001749
0.003385
0.001621
0.004269
0.004569
0.002973
0.003722
0.001637
0.022016
0.001676
0.001414
0.001398
0.001728
0.001362
0.002118
0.001603
0.001451
0.00151
0.001662
0.001706
0.001544
0.002231
0.009375
0.003205
0.003353
0.022268
0.001631
0.001571
0.001394
0.001541
0.00131
0.001378
0.001533
0.001318
0.001555
0.001701
0.001777
0.001343
0.021289
0.001625
0.00142
0.001299
0.002355
0.001293
0.001227
0.002451
0.001211
0.001356
0.002422
0.001525
0.001456
0.001322
0.001284
0.005147
0.00149
0.001363
0.001337
0.005244
0.00141
0.003627
0.001505
0.001789
0.001416
0.003707
0.001707
0.003355
0.002612
0.003292
0.001674
0.0051
0.002842
0.001647
0.001297
0.016873
0.001878
0.001155
0.001368
0.001235
0.001342
0.001279
0.001221
0.00144
0.001339
0.001339
0.010244
0.007908
0.004338
0.002105
0.003526
0.001381
0.00342
0.002639
0.001614
0.002153
0.001631
0.001443
0.003001
0.001565
0.001434
0.001705
0.002145
0.001621
0.001524
0.001672
0.01595
0.001789
0.001407
0.001053
0.001188
0.001325
0.001266
0.001251
0.001273
0.001232
0.002597
0.001975
0.004813
0.003377
0.011364
0.003157
0.002876
0.003013
0.015012
0.002478
0.00109
0.00123
0.001347
0.001337
0.002312
0.001389
0.001258
0.001398
0.001298
0.013343
0.006602
0.006802
0.004803
0.016168
0.001678
0.001592
0.00118
0.002172
0.0014
0.002241
0.001493
0.001286
0.001419
0.001158
0.006808
0.005295
0.018956
0.002465
0.001436
0.001007
0.002246
0.002268
0.001329
0.001138
0.002139
0.002237
0.005859
0.001431
0.002076
0.001887
0.017152
0.002613
0.001453
0.001517
0.002367
0.001599
0.002278
0.001333
0.001217
0.002317
0.002117
0.00407
0.001501
0.001414
0.002137
0.005843
0.001593
0.002692
0.001356
0.014769
0.002411
0.001261
0.001222
0.002074
0.002154
0.001381
0.002123
0.001117
0.002205
0.002253
0.004483
0.004214
0.002365
0.002066
0.005531
0.002518
0.00132
0.001273
0.001751
0.001106
0.001221
0.000977
0.002379
0.001394
0.00621
0.001467
0.003148
0.005231
0.00268
0.002277
0.00516
0.001353
0.003095
0.00098
0.00243
0.00107
0.002362
0.001094
0.002409
0.002347
0.001186
0.001173
0.023898
0.002948
0.001293
0.001267
0.001205
0.002304
0.001245
0.001237
0.001047
0.002207
0.001195
0.005138
0.001297
0.005273
0.002277
0.004333
0.001628
0.003358
0.002648
0.004574
0.001648
0.005513
0.003225
0.022252
0.000964
0.002573
0.005357
0.000988
0.005517
0.022078
0.00204
0.005127
0.002725
0.004786
0.003458
0.002607
0.001803
0.002366
0.00531
0.004345
0.002454
0.007954
0.006619
0.014271
0.002198
0.00197
0.002991
0.002291
0.004372
0.00612
0.005317
0.003477