
169
146
187
103
344
91
37
226
276
70
197
140
67
141
151
92
311
223
222
144
50
50
60
333
145
85
326
146
146
166
44
79
54
44
49
138
322
79
247
146
61
96
279
61
16
143
387
369
254
347
269
314
61
142
133
142
314
96
251
73
149
321
301
86
126
358
62
339
373
83
87
321
335
257
165
133
51
110
362
279
320
158
225
320
44
223
316
102
354
102
69
127
421
323
98
220
313
97
350
97
63
443
251
321
92
214
63
91
371
92
67
323
98
320
87
68
234
86
365
86
80
58
148
318
83
198
233
82
361
238
300
56
292
321
90
85
235
78
219
240
100
252
290
235
88
161
79
74
218
239
97
250
101
236
88
163
148
72
62
240
251
228
221
239
88
190
149
70
62
243
249
229
218
239
88
354
149
68
65
243
243
223
214
117
60
350
159
61
59
117
231
152
213
54
58
488
43
55
54
65
230
102
51
45
45
86
166
50
30
61
106
353
47
80
43
89
165
47
29
59
98
184
45
93
43
92
168
45
30
59
109
179
40
118
54
96
166
40
41
91
110
177
41
118
403
96
166
40
42
92
114
323
31
45
108
85
63
30
45
313
207
484
251
86
500
43
86
25
59
496
211
99
248
100
328
56
100
15
500
500
220
107
103
158
158
107
207
5
103
158