
0.00612
0.005029
0.004879
0.004538
0.004629
0.006803
0.009687
0.004853
0.007374
0.004774
0.004786
0.013751
0.011425
0.017829
0.005039
0.005366
0.009124
0.006983
0.011802
0.005115
0.004923
0.010372
0.013158
0.01032
0.014146
0.019049
0.005207
0.007445
0.00479
0.006875
0.021254
0.007166
0.009544
0.006255
0.009166
0.006091
0.006037
0.005772
0.006845
0.005175
0.005057
0.005298
0.003962
0.00697
0.00458
0.006479
0.005394
0.011976
0.006484
0.005038
0.006244
0.007225
0.005785
0.00687
0.004599
0.007439
0.005679
0.006727
0.013974
0.008843
0.004994
0.008014
0.01126
0.008042
0.005532
0.007312
0.00606
0.011811
0.00961
0.006977
0.00669
0.007316
0.005799
0.007436
0.010482
0.005264
0.005097
0.004582
0.006288
0.013783
0.007179
0.007255
0.012675
0.005959
0.014267
0.005904
0.006958
0.010394
0.012868
0.006967
0.008454
0.00517
0.008321
0.00613
0.013142
0.012805
0.011603
0.005332
0.006359
0.00455
0.003756
0.012659
0.003955
0.009518
0.006515
0.005745
0.005548
0.003643
0.006644
0.011556
0.005036
0.004938
0.005384
0.008353
0.008953
0.006168
0.007968
0.004669
0.004978
0.004668
0.008504
0.005726
0.004407
0.01291
0.016521
0.011039
0.009975
0.010733
0.012437
0.005493
0.004601
0.007153
0.004625
0.006757
0.01208
0.009956
0.010669
0.008979
0.016439
0.009754
0.012019
0.008306
0.022406
0.004787
0.011178
0.012494
0.009876
0.006229
0.024567
0.017386
0.009224
0.014721
0.01739
0.008049
0.010279
0.021263
0.009776
0.010054
0.010019
0.01937
0.010581
0.011948
0.010344
0.004952
0.010016
0.008385
0.00508
0.010266
0.006071
0.022344
0.009548
0.018048
0.006019
0.008921
0.014215
0.004446
0.00923
0.005174
0.008767
0.004412
0.004313
0.010055
0.00371
0.018297
0.009778
0.005723
0.004752
0.012221
0.012419
0.005724
0.005319
0.010574
0.012897
0.007707
0.012169
0.014408
0.007905
0.004993
0.014794
0.012668
0.009449
0.011749
0.004529
0.013247
0.012594
0.006563
0.02442
0.004871
0.012832
0.005412
0.004093
0.014363
0.005319
0.006052
0.004332
0.006055
0.011148
0.014554
0.014258
0.019776
0.003715
0.014426
0.004906
0.003729
0.004445
0.004157
0.007838
0.010944
0.005925
0.008952
0.006304
0.006682
0.007376
0.005254
0.004555
0.003374
0.015382
0.0148
0.003509
0.004267
0.007265
0.008547
0.004493
0.007229
0.012172
0.003845
0.009899
0.014897
0.005243
0.011423
0.007063
0.009351
0.005091
0.006328
0.00398
0.006597
0.008099
0.008335
0.006947
0.009106
0.008805
0.005344
0.009122
0.011523
0.020249
0.013002
0.009592
0.003489
0.009141
0.01578
0.004321
0.002775
0.009135
0.008068
0.008596
0.008018
0.013739
0.003953
0.010157
0.014967
0.006539
0.010537
0.009725
0.002816
0.006591
0.005227
0.005513
0.00545
0.008152
0.008407
0.005538
0.005458
0.005502
0.012517
0.008941
0.005018
0.005391
0.005611
0.004429
0.005863
0.005655
0.007835
0.005129
0.00895
0.011547
0.01638
0.004056
0.0057
0.002413
0.014391
0.00956
0.007006
0.009145
0.013834
0.008297
0.007069
0.00512
0.002476
0.010227
0.006592
0.008669
0.006872
0.008818
0.008021
0.00693
0.007041
0.005296
0.0058
0.005624
0.0058
0.009065
0.006193
0.008487