
0.00087
0.000934
0.000898
0.000903
0.00091
0.000901
0.000958
0.000796
0.000941
0.000916
0.000836
0.000992
0.00093
0.001004
0.000914
0.001026
0.001013
0.000926
0.000902
0.000816
0.000928
0.000817
0.001014
0.001059
0.000864
0.001045
0.000826
0.000968
0.000913
0.000824
0.000992
0.000919
0.001117
0.000973
0.000783
0.001042
0.000879
0.000848
0.000902
0.000873
0.000817
0.000843
0.000985
0.000902
0.000944
0.000941
0.001034
0.000899
0.001095
0.000789
0.000808
0.000928
0.001039
0.000979
0.000862
0.001213
0.000939
0.000902
0.001099
0.00114
0.001051
0.000968
0.000982
0.001136
0.000881
0.001135
0.000872
0.001195
0.001085
0.001003
0.000944
0.000956
0.000967
0.001007
0.001092
0.001078
0.001019
0.001137
0.000974
0.001093
0.001204
0.001036
0.001218
0.000974
0.001024
0.00086
0.001024
0.001072
0.001275
0.000883
0.00096
0.000902
0.000856
0.000923
0.001024
0.000981
0.00111
0.000937
0.001133
0.000904
0.001186
0.00099
0.00107
0.000995
0.001038
0.000864
0.000887
0.00093
0.000996
0.000902
0.000797
0.000868
0.000943
0.001092
0.000997
0.000891
0.00091
0.000899
0.000936
0.00089
0.001209
0.000978
0.000896
0.001198
0.000987
0.001053
0.000847
0.001193
0.000869
0.000965
0.000828
0.001188
0.000871
0.001064
0.000911
0.001028
0.000964
0.000912
0.001082
0.001099
0.000862
0.000976
0.001027
0.001046
0.001141
0.001062
0.000951
0.001341
0.001248
0.000944
0.001081
0.001162
0.001035
0.000937
0.001129
0.001018
0.000843
0.000853
0.000937
0.000927
0.001151
0.000839
0.000932
0.000928
0.001013
0.001075
0.000868
0.001115
0.001006
0.001003
0.001054
0.001219
0.000899
0.001183
0.000932
0.001008
0.000974
0.000924
0.000941
0.000989
0.000812
0.001048
0.000969
0.001103
0.001012
0.00086
0.000946
0.000881
0.001033
0.00097
0.001153
0.0009
0.000977
0.000764
0.001067
0.00095
0.001065
0.000909
0.001086
0.000935
0.001154
0.00114
0.001043
0.000918
0.000951
0.000965
0.001156
0.000929
0.001138
0.0009
0.000839
0.001022
0.001098
0.000979
0.000905
0.001389
0.001013
0.001183
0.001066
0.001113
0.00087
0.001035
0.000927
0.000968
0.000875
0.000933
0.000772
0.001173
0.000835
0.001034
0.001044
0.001009
0.000896
0.000982
0.000901
0.000834
0.001108
0.001164
0.000903
0.000871
0.00091
0.000962
0.000895
0.00099
0.00098
0.000931
0.001142
0.001068
0.001139
0.001103
0.000853
0.000942
0.000965
0.0011
0.000916
0.000995
0.001196
0.00091
0.000831
0.000817
0.001096
0.000864
0.000942
0.000945
0.001307
0.001277
0.001143
0.001207
0.000976
0.001002
0.000971
0.000748
0.00093
0.000958
0.001149
0.001071
0.000935
0.00106
0.000893
0.001271
0.001023
0.00116
0.001091
0.000965
0.001026
0.001038
0.000907
0.001038
0.000942
0.00111
0.000983
0.000895
0.001206
0.000851
0.001135
0.000824
0.000943
0.001116
0.000877
0.001185
0.001126
0.001259
0.000994
0.000869
0.000937
0.000996
0.000842
0.001056
0.000898
0.000959
0.000959
0.001012
0.000988
0.000948
0.000965
0.000917
0.000881
0.001103
0.001087
0.00095
0.000932
0.001129
0.001083
0.001032
0.000965
0.000903
0.000931
0.001173
0.000926
0.000893
0.001141
0.00098
0.000912