
0.0282843
0.0282843
0.0800219
0.0633899
0.0963899
0.0685847
0.0691742
0.102174
0.0818329
0.114833
0.0843004
0.0525416
0.0209797
0.0316947
0.0426068
0.17385
0.204088
0.186092
0.033
0.0168252
0.00983956
0.0151616
0.00760845
0.0321775
0.0864746
0.0748648
0.0910365
0.0991595
0.0889788
0.0966842
0.0766389
0.0841747
0.102659
0.0894487
0.108555
0.0660016
0.0182079
0.0280234
0.016964
0.0322183
0.030776
0.0104681
0.0149821
0.0441148
0.0368882
0.0216946
0.0610492
0.0592995
0.0375626
0.0802381
0.0670695
0.0562445
0.0813143
0.180614
0.190586
0.178246
0.176417
0.170821
0.182412
0.182296
0.167879
0.0360855
0.0138591
0.0165843
0.185897
0.201242
0.201242
0.066
0.0170214
0.0170214
0.362736
0.297246
0.297246
0.330245
0.0189628
0.0366217
0.0167058
0.0167058
0.0128619
0.0238424
0.0238424
0.0160445
0.0160445
0.0246731
0.0469221
0.0408947
0.0408947
0.037684
0.046133
0.0659985
0.0238031
0.0120091
0.0441089
0.0441089
0.0769738
0.0155913
0.0229266
0.0533118
0.0278817
0.0354157
0.0231644
0.0184735
0.0508786
0.0212734
0.0406943
0.0225506
0.0100887
0.0059131
0.0126174
0.0126174
0.0126174
0.0198832
0.00845871
0.0143294
0.00995393
0.00995393
0.0659993
0.0219628
0.0219628
0.0549512
0.0144136
0.0144136
0.00706997
0.0122402
0.00505224
0.0405829
0.0735828
0.00953539
0.0163201
0.0166907
0.0166907
0.037022
0.0659999
0.0235141
0.00322262
0.00322262
0.066
0.0090597
0.0090597
0.0420596
0.0146257
0.0402982
0.0201354
0.0201354
0.012868
0.0147822
0.0240258
0.00897427
0.00390489
0.0350445
0.0279306
0.0538168
0.020817
0.0264118
0.0264118