
2e-06
1e-06
1e-06
1e-06
1e-06
1e-06
1e-06
1e-06
2e-06
1e-06
1e-06
1e-06
1e-06
1e-06
1e-06
1e-06
2e-06
1e-06
1e-06
1e-06
1e-06
1e-06
1e-06
1e-06
1e-06
1e-06
1e-06
1e-06
1e-06
1e-06
1e-06
1e-06
2e-06
1e-06
1e-06
1e-06
1e-06
1e-06
1e-06
1e-06
1e-06
1e-06
1e-06
1e-06
1e-06
1e-06
1e-06
1e-06
1e-06
0
0
0
1e-06
1e-06
1e-06
1e-06
1e-06
1e-06
2e-06
1e-06
1e-06
1e-06
1e-06
1e-06
2e-06
1e-06
1e-06
1e-06
1e-06
1e-06
1e-06
1e-06
1e-06
1e-06
1e-06
0.018518
0.056967
0.018894
0.017257
0.01736
0.056527
0.017
0.017018
0.017163
0.017514
0.022005
0.023113
0.020277
0.057755
0.019792
1e-06
2e-06
1e-06
2e-06
1e-06
2e-06
1e-06
2e-06
1e-06
2e-06
2e-06
2e-06
1e-06
1e-06
1e-06
2e-06
1e-06
1e-06
1e-06
1e-06
1e-06
2e-06
1e-06
2e-06
0.013115
0.013225
0.01196
0.013625
0.012983
0.013103
0.014325
0.014318
0.01468
1e-06
1e-06
1e-06
1e-06
1e-06
3.8e-05
1e-06
1e-06
1e-06
1e-06
1e-06
1e-06
1e-06
1e-06
3e-06
1e-06
1e-06
1e-06
1e-06
2e-06
0.063851
0.026698
0.064386
0.028912
0.028386
0.026265
0.026593
0.065664
0.025557
0.025778
0.024997
0.06183
0.021943
0.023886
0.023837
0.061528
0.023676
0.059983
0.023746
0.024492
0.025313
0.062656
0.062332
0.024445
0.023613
0.020203
0.019264
0.022023
1e-06
1e-06
1e-06
1e-06
1e-06
1e-06
1e-06
1e-06
1e-06
1e-06
1e-06
1e-06
1e-06
0.058765
1e-06
1e-06
1e-06
1e-06
5e-06
2e-06
5e-06
1e-06
1e-06
1e-06
1e-06
2e-06
2e-06
1e-06
2e-06
1e-06
1e-06
1e-06
1e-06
1e-06
1e-06
1e-06
0.025748
0.024953
0.024844
0.026141
0.026269
0.063346
0.025979
0.025291
0.019628
0.019492
0.058833
1e-06
1e-06
1e-06
1e-06
1e-06
2e-06
1e-06
1e-06
1e-06
1e-06
1e-06
1e-06
1e-06
1e-06
1e-06
1e-06
1e-06
1e-06
1e-06
1e-06
1e-06
1e-06
1e-06
2e-06
0.016293
0.015543
0.015433
0.018256
0.055591
0.018289
0.054256
0.051312
0.016156
0.016182
0.016704
0.016524
0.016171
0.013862
0.012686
0.012842
0.012644
0.013948
0.013222
0.01361
0.01298
0.012947
0.054826
0.054843
0.054499
0.052019
0.01451
0.013757
0.017975
0.016829
0.016901
0.01674
0.055587
0.020859
0.020423
0.021439
0.021791
0.058593
0.01826
0.057669
0.056634
0.019959
0.020117
0.02062
0.019182
0.018406
0.016573
0.016727
0.016102
0.015502
0.054518
0.013075
0.052211
0.015455
0.015654
0.054555
0.015605
0.052177
0.054535
0.054452
0.014273
0.014383
0.015578
0.016636
0.020061
0.020316
0.019457
0.019396
0.019912
0.018388
0.020029
0.017298
0.018841
0.019268
0.019291
0.057086
0.055729
0.020552
0.018169
0.055026
0.05468
0.013656
0.013533
0.013725
0.013984
0.050724
0.013671
0.014726
0.050629
0.015242
0.01487