
0.008666
0.00739
0.007196
0.006687
0.006382
0.009058
0.013761
0.00737
0.01034
0.007072
0.007307
0.018899
0.014857
0.022696
0.007365
0.007759
0.012748
0.009516
0.015354
0.007185
0.007189
0.013614
0.016722
0.014954
0.016378
0.02492
0.007329
0.010471
0.006543
0.009477
0.026307
0.00917
0.013794
0.00879
0.012073
0.008503
0.008135
0.008465
0.009206
0.007041
0.006812
0.006845
0.005817
0.009806
0.006605
0.009091
0.007254
0.016675
0.008959
0.007101
0.008787
0.009738
0.007308
0.008808
0.007173
0.010016
0.007668
0.009047
0.018073
0.011937
0.007506
0.010718
0.016017
0.01096
0.008003
0.010102
0.008693
0.016747
0.014663
0.009458
0.009657
0.01003
0.008645
0.010124
0.014778
0.032547
0.070374
0.029039
0.031309
0.043944
0.069303
0.031014
0.043583
0.028779
0.040071
0.034696
0.033176
0.034425
0.076725
0.029517
0.014825
0.007785
0.011722
0.009088
0.020354
0.020898
0.017296
0.011171
0.009443
0.009
0.006327
0.020164
0.008087
0.019149
0.009527
0.01148
0.010805
0.007997
0.011205
0.021009
0.012443
0.01077
0.012614
0.020704
0.025336
0.022141
0.02289
0.020226
0.019877
0.023967
0.026132
0.022687
0.021002
0.017463
0.022776
0.014629
0.013498
0.014132
0.016891
0.01015
0.006549
0.009992
0.006867
0.009724
0.015602
0.013219
0.014139
0.012187
0.022909
0.013135
0.016184
0.011459
0.030085
0.070645
0.041324
0.081068
0.042216
0.037423
0.058872
0.049151
0.078222
0.04507
0.049768
0.036063
0.075531
0.049439
0.036722
0.037127
0.07467
0.049667
0.073996
0.039767
0.038154
0.033204
0.075902
0.074347
0.032169
0.036382
0.029136
0.048407
0.036704
0.02485
0.008816
0.013885
0.018239
0.008141
0.012519
0.0077
0.011851
0.005891
0.00666
0.013552
0.005818
0.024301
0.071368
0.008242
0.006971
0.019366
0.016479
0.007409
0.008741
0.014131
0.017348
0.010528
0.016078
0.019356
0.009944
0.007737
0.019431
0.016051
0.014951
0.015635
0.006782
0.017506
0.019866
0.013124
0.039405
0.032907
0.041091
0.033145
0.031558
0.044192
0.071384
0.034533
0.031998
0.027772
0.034235
0.078089
0.019088
0.027241
0.005192
0.019135
0.006688
0.004952
0.006759
0.006742
0.010754
0.015002
0.009777
0.015675
0.009082
0.009566
0.010891
0.007825
0.008886
0.007769
0.029487
0.027403
0.007978
0.008982
0.012292
0.016714
0.022992
0.025475
0.032402
0.026048
0.072882
0.045219
0.063936
0.071969
0.030924
0.031648
0.028271
0.030854
0.024685
0.025787
0.025497
0.027741
0.025768
0.028814
0.032647
0.02486
0.025224
0.028368
0.081175
0.075109
0.067079
0.058918
0.031551
0.040174
0.026756
0.023157
0.030896
0.030129
0.069786
0.034162
0.038573
0.03083
0.038052
0.083642
0.032912
0.074855
0.075611
0.02591
0.03414
0.03242
0.029663
0.029144
0.029903
0.032675
0.026801
0.025319
0.065175
0.032938
0.066537
0.027079
0.026073
0.065442
0.025703
0.064317
0.065876
0.068424
0.026507
0.029577
0.033952
0.043874
0.0283
0.0316
0.024647
0.042145
0.035825
0.033409
0.036035
0.042311
0.038638
0.033808
0.030043
0.062139
0.073456
0.030028
0.032424
0.066917
0.069091
0.029451
0.028944
0.028642
0.025786
0.058937
0.026312
0.022599
0.062804
0.028851
0.028553