
1.51128e+09
0.010031
0.008657
0.008464
0.00793
0.007633
0.010265
0.014928
0.008531
0.011564
0.008223
0.008467
0.020106
0.016207
0.024049
0.008725
0.009156
0.014148
0.010901
0.016895
0.008714
0.008672
0.015225
0.018454
0.016473
0.017912
0.0267
0.008957
0.011939
0.008009
0.011021
0.027786
0.010691
0.015254
0.010261
0.013602
0.010005
0.009589
0.009803
0.010562
0.00841
0.00817
0.008187
0.007139
0.01119
0.007954
0.01044
0.008587
0.018052
0.010302
0.008432
0.011233
0.052132
0.048805
0.055819
0.044265
0.05596
0.044033
0.056298
0.043745
0.056506
0.04348
0.056747
0.043314
0.056026
0.043884
0.055818
0.044205
0.056033
0.043972
0.055909
0.044125
0.055817
0.044193
0.056281
0.174444
0.055989
0.134755
0.052219
0.037637
0.06787
0.093179
0.038049
0.06856
0.035206
0.058431
0.160564
0.055941
0.056851
0.099648
0.034502
0.101387
0.013049
0.050707
0.032617
0.066516
0.034133
0.067107
0.032829
0.066065
0.033741
0.1027
0.025332
0.028781
0.043056
0.192349
0.017053
0.062249
0.036813
0.097106
0.025136
0.037781
0.041502
0.095685
0.025264
0.033137
0.045876
0.142431
0.024094
0.050157
0.057161
0.042806
0.058311
0.041781
0.05777
0.042233
0.058487
0.041487
0.095417
0.02125
0.041864
0.041502
0.058834
0.041116
0.058569
0.041413
0.052924
0.172063
0.025807
0.040111
0.061934
0.038079
0.061863
0.03813
0.086381
0.057166
0.097625
0.046423
0.054221
0.063004
0.065528
0.130833
0.1005
0.056652
0.191323
0.127088
0.065398
0.042116
0.057832
0.079827
0.065929
0.089825
0.045008
0.094533
0.083647
0.128246
0.081487
0.049783
0.207819
0.044224
0.064698
0.042092
0.043218
0.040518
0.059411
0.040556
0.097533
0.017862
0.082189
0.018159
0.036978
0.134049
0.028981
0.049709
0.04014
0.124182
0.023237
0.010316
0.04077
0.060806
0.039235
0.098034
0.018011
0.044959
0.039044
0.061375
0.038784
0.062499
0.037463
0.098075
0.020213
0.043826
0.037841
0.052782
0.209614
0.035964
0.050186
0.044396
0.056498
0.046198
0.054169
0.037373
0.062104
0.079687
0.039611
0.154705
0.041126
0.040599
0.092118
0.023377
0.044439
0.040147
0.061157
0.038864
0.060994
0.03889
0.059562
0.040458
0.096751
0.014197
0.047253
0.041725
0.05819
0.041816
0.052303
0.169358
0.019808
0.041679
0.097215
0.01179
0.04379
0.180423
0.029197
0.041287
0.052681
0.223409
0.032166
0.07863
0.186447
0.074855
0.076164
0.036782
0.169744
0.039838
0.042005
0.052396
0.156977
0.036007
0.042581
0.057153
0.042849
0.058165
0.04186
0.057292
0.042721
0.132174
0.124116
0.226627
0.06988
0.042472
0.057955
0.041766
0.058873
0.041243
0.052378
0.200996
0.047062
0.05214
0.038509
0.098415
0.095412
0.041559
0.225095
0.088486
0.05024
0.040422
0.098978
0.041961
0.032429
0.041424
0.035746
0.04955
0.094357
0.070006
0.188365
0.077364
0.042204
0.094082
0.075575
0.042782
0.113552
0.076117
0.073362
0.189152
0.040529
0.051245
0.047209
0.053572
0.039988
0.052975
0.185731
0.047667
0.041389
0.052612
0.235486
0.050541
0.041068
0.05943
0.065245
0.08613
0.049332
0.041233
0.072213
0.198459
0.031747
0.057475
0.042688
0.097194
0.068107
0.043243
0.096708
0.07246
0.050333