
0.00095
0.00097
0.005544
0.00568
0.006015
0.006201
0.006368
0.00587
0.005605
0.005789
0.005715
0.005619
0.006026
0.016963
0.057916
0.016489
0.01707
0.016937
0.018361
0.011602
0.017339
0.017149
0.017477
0.053264
0.017109
0.016126
0.016757
0.015636
0.052512
0.006752
0.016004
0.011814
0.046635
0.008236
0.045274
0.002537
0.006846
0.00688
0.007941
0.007521
0.008082
0.044884
0.008128
0.008495
0.008167
0.00247
0.009603
0.011288
0.011215
0.011133
0.011255
0.011784
0.012165
0.011678
0.04814
0.050877
0.002438
0.046146
0.01036
0.010221
0.010608
0.010172
0.04953
0.046051
0.047773
0.00253
0.002298
0.009178
0.010118
0.00905
0.00886
0.047064
0.046299
0.002306
0.009862
0.009346
0.047233
0.00918
0.010254
0.047499
0.010413
0.010757
0.011921
0.047533
0.011075
0.002404
0.010757
0.010723
0.011571
0.011939
0.011487
0.002726
0.009096
0.009623
0.009487
0.010572
0.010428
0.009047
0.046204
0.007881
0.007791
0.002002
0.00775
0.046665
0.002328
0.008391
0.002309
0.002483
0.002241
0.007348
0.00736
0.002131
0.007752
0.002088
0.007164
0.006813
0.007734
0.006975
0.047418
0.045314
0.001932
0.007482
0.007877
0.008396
0.002016
0.008983
0.009547
0.047966
0.008197
0.002277
0.008993
0.009106
0.048404
0.0086
0.008073
0.044092
0.001815
0.007308
0.007563
0.043775
0.007025
0.046168
0.007177
0.001913
0.007768
0.008403
0.009403
0.002378
0.008336
0.002236
0.008598
0.008932
0.009122
0.008497
0.002077
0.006612
0.007031
0.046856
0.006631
0.046438
0.006963
0.00708