
81
47
42
49
79
42
77
74
81
42
147
147
51
59
44
80
26
84
79
85
26
78
30
143
162
15
122
160
221
171
170
351
112
160
327
160
171
160
19
160
101
239
159
21
239
25
160
112
171
44
162
14
45
239
44
16
44
16
172
12
16
38
30
38
104
14
56
36
98
30
19
20
15
30
38
138
53
138
41
138
71
149
124
210
68
57
104
160
146
99
64
252
127
233
126
104
127
171
144
64
233
64
308
129
351
315
298
406
34
126
131
91
127
320
299
331
331
131
55
322
319
149
101
263
123
278
259
116
417
293
406
236
409
319
116
336
412
304
101
291
500
412
116
256
500
484
67
224
337
235
54
259
204
297
54
71
121
500
314
290
352
297
320
297
284
327
321
395
313
69
314
186
116
313
43
53
43
53
70
13
8
72
42
42
137
464
269
119
63
411
119
119
99
108
500
23
274
99
250
108
92
306
54
485
110
290
106
102
413
414
106
107
333
433
215
390
500
215
92
500
433
107
112
102
215
110
462
94
64
77
48
24
15
43
20
14
24
24
60
20
24
111
421
109
104
500
116
132
79
80
116
110
104
116
144
101
500
500
332
116
346
500
500
75
500
79
500
110
79
81
62
222
342
152
101
26
148
153
81
79
101
37
76
15
43
16
56
66
24
58
96
56
76
63
59
63
28
76
31
14
73
118
39
60
28
27
22
63
35
67
104
75
172
249
84
74
500
36
20
32
31
26
59
63
106
30
53
26
60
61
52
43
20
21
18
18
63
64
113
24
99
87
30
68
90
21
15
27
24
27
74
59
109
65
67
22
23
32
60
22
13
6
20
16
19
63
16
107
22
38
19
20
55
17
41
243
376
376
243
29
66
274
53
17
93
10
12
9
12
108
17
25
14
76
11
54
19
55
14
30
13
48
492
11
238
69
350
69
80
26
43
25
470
42
34
25
48
114
25
41
25
121
18
43
18
116
83
18
17
116
41
79
59
27
17
26
81
26
9
26
22
33
18
42
31
83
41
89
64
35
41
27
64
22
43
30
40
42
40
94
28
13
53
44
25
25
20
25
42
102
26
15
13
28
15
53
28
14
26
389
59
50
27
500
51
24
500
106
26
96
19
144
19
151
58
143
47
13
96
38
38
104
21
98
46
38
20
43
151
16
13
16
11
45
33
45
46
10
106
63
119
45
12
46
10
44
106
53
110
74
147
247
85
8