
101
146
190
112
97
190
153
163
101
190
143
162
102
122
160
221
171
170
351
112
50
38
99
155
141
301
52
265
232
164
68
57
104
160
146
99
64
252
127
233
331
131
287
322
319
149
101
263
116
278
337
235
290
259
204
297
339
71
117
500
119
322
122
269
228
306
61
491
99
99
91
276
110
97
145
290
409
500
107
107
94
112
220
111
427
96
91
496
491
456
80
116
110
104
116
144
101
500
500
332
76
490
141
97
98
66
85
352
96
98
73
118
142
169
80
228
83
360
202
172
65
500
138
84
84
232
87
354
167
253
61
129
154
206
75
62
84
159
301
260
68
360
114
79
80
69
277
178
297
257
60
206
106
70
74
61
274
118
36
257
53
206
93
197
170
15
265
387
34
234
48
492
295
238
69
350
69
263
219
245
41
309
121
324
73
407
174
269
210
212
33
227
123
70
132
115
210
117
437
115
28
221
134
78
105
105
111
105
441
121
26
389
136
80
107
500
51
253
500
121
19
151
140
481
120
254
184
263
278
125
11
147
259
147
112
241
196
63
119
82