
0.038133
0.00459
0.003636
0.003528
0.003242
0.003317
0.005437
0.003594
0.004073
0.003587
0.005639
0.003399
0.00343
0.004364
0.006982
0.00939
0.005202
0.00952
0.003624
0.003847
0.003894
0.003251
0.005511
0.009756
0.003814
0.003541
0.008565
0.010939
0.003329
0.004827
0.012265
0.011808
0.00397
0.003867
0.005677
0.003458
0.005272
0.013706
0.004543
0.005456
0.004066
0.00338
0.004647
0.007507
0.004463
0.004702
0.004347
0.005374
0.003835
0.003772
0.003966
0.002656
0.005279
0.003317
0.004901
0.003894
0.004677
0.004909
0.004782
0.00375
0.004787
0.005804
0.004258
0.005422
0.003299
0.005722
0.004245
0.005358
0.011441
0.007019
0.003516
0.00646
0.004005
0.005008
0.006298
0.004176
0.005676
0.004575
0.005576
0.003942
0.004083
0.003442
0.005478
0.00507
0.005859
0.004322
0.005853
0.004008
0.004251
0.037137
0.003073
0.002011
0.002868
0.002834
0.002696
0.002752
0.002752
0.002661
0.002684
0.002915
0.003748
0.005233
0.003639
0.00517
0.003045
0.0024
0.004661
0.003305
0.005374
0.005973
0.002929
0.002828
0.00547
0.001966
0.005741
0.003044
0.00496
0.005245
0.0028
0.003044
0.00444
0.00205
0.012238
0.003121
0.004461
0.002021
0.050227
0.001277
0.005189
0.008343
0.005276
0.004682
0.005567
0.002582
0.004046
0.001367
0.003815
0.006729
0.004635
0.004123
0.006618
0.001432
0.006426
0.004041
0.001531
0.003568
0.005677
0.003832
0.001935
0.004625
0.003243
0.001412
0.002305
0.006562
0.003722
0.001827
0.002497
0.001328
0.004563
0.002734
0.00184
0.001384
0.004854
0.038577
0.001771
0.001275
0.002067
0.00171
0.002025
0.00405
0.001634
0.003038
0.001726
0.003932
0.004233
0.00213
0.004144
0.001636
0.002442
0.001783
0.004997
0.001444
0.005031
0.004354
0.00187
0.002047
0.003789
0.004046
0.003555
0.002503
0.003988
0.004026
0.002704
0.00369
0.002143
0.004141
0.002736
0.004281
0.004695
0.006337
0.034262
0.003375
0.003369
0.003582
0.003365
0.003402
0.006307
0.004182
0.003177
0.00719
0.003297
0.008046
0.005519
0.008947
0.008191
0.008618
0.010025
0.004021
0.001538
0.003373
0.005362
0.00335
0.004954
0.01021
0.008036
0.008701
0.05621
0.001968
0.003281
0.00728
0.003236
0.010263
0.007759
0.009937
0.006598
0.010149
0.008511
0.003325
0.009006
0.010197
0.008001
0.004394
0.008047
0.012656
0.01089
0.003568
0.007085
0.012068
0.011353
0.002905
0.006408
0.064018
0.002042
0.002015
0.003334
0.008198
0.009098
0.009024
0.008015
0.008255
0.008001
0.007672
0.008734
0.008449
0.009909
0.008475
0.003565
0.008059
0.006332
0.003729
0.008212
0.052942
0.00314
0.003207
0.003007
0.003011
0.00348
0.00159
0.001076
0.003293
0.002916
0.00284
0.004486
0.010864
0.007731
0.004593
0.002805
0.010115
0.004555
0.004485
0.003723
0.003091
0.011839
0.003104
0.001393
0.007428
0.003778
0.007058
0.003062
0.003114
0.052252
0.008083
0.002466
0.011614
0.003468
0.007858
0.004336
0.003384
0.010128
0.010144
0.004232
0.003658
0.008672
0.010648
0.006275
0.009953
0.011993
0.00618
0.003623
0.012255
0.010482
0.00376
0.003455
0.003361
0.006082
0.003072
0.010982
0.060866
0.00338
0.00325
0.004588
0.002994
0.001773
0.001756
0.002814
0.001785
0.001699
0.001815
0.010428
0.001972
0.005105
0.003384
0.008391
0.012254
0.001915
0.001972
0.003509
0.010475
0.003888
0.002919
0.011905
0.003747
0.004628
0.003055
0.051142
0.002681
0.004139
0.009108
0.011846
0.011742
0.003165
0.013656
0.002571
0.011943
0.003516
0.002496
0.003214
0.002895
0.006358
0.008749
0.004502
0.00374
0.003249
0.001472
0.004627
0.004977
0.003257
0.002524
0.003809
0.003267
0.001741
0.040612
0.002726
0.0016
0.002127
0.001585
0.003149
0.001861
0.003329
0.003142
0.002245
0.00256
0.007567
0.005072
0.003573
0.002509
0.005484
0.006742
0.003501
0.001957
0.002363
0.0026
0.003025
0.001967
0.005761
0.001631
0.041733
0.002605
0.002014
0.002536
0.001998
0.001867
0.001809
0.003308
0.00277
0.004041
0.006821
0.004103
0.003231
0.005679
0.006908
0.003022
0.049908
0.002759
0.002101
0.001256
0.001901
0.001894
0.001857
0.003198
0.00321
0.004056
0.002618
0.001553
0.007865
0.003213
0.003247
0.009077
0.001971
0.003111
0.039077
0.0024
0.003077
0.00324
0.001365
0.002036
0.001309
0.001743
0.003205
0.00325
0.004369
0.003668
0.001489
0.009233
0.00347
0.005641
0.003795
0.007552
0.001795
0.046206
0.002561
0.00303
0.001424
0.001259
0.00192
0.001424
0.001567
0.003443
0.003185
0.004246
0.003655
0.003355
0.0022
0.002475
0.002277
0.001873
0.002805
0.001803
0.005082
0.002029
0.035574
0.002493
0.001797
0.001307
0.001308
0.001645
0.00123
0.001325
0.003351
0.00164
0.004153
0.006234
0.001807
0.006699
0.002892
0.005442
0.002601
0.007457
0.001814
0.005067
0.001856
0.003137
0.001704
0.003995
0.00291
0.007401
0.009479
0.009938
0.006901
0.006904
0.003548
0.001899
0.00758
0.043782
0.002366
0.001776
0.001111
0.001256
0.001071
0.001111
0.004103
0.001694
0.001904
0.002043
0.001179
0.007369
0.003682
0.010949
0.002032
0.001287
0.00203
0.003001
0.00168
0.001845
0.001975
0.007387
0.001363
0.006435
0.001755
0.006688
0.00131
0.055523
0.00222
0.001584
0.003654
0.001851
0.002773
0.006286
0.001797
0.011437
0.002617
0.002898
0.00832
0.001737
0.0101
0.001947
0.001475
0.001888
0.004836
0.00429
0.008396
0.001745
0.055031
0.002009
0.001419
0.001659
0.003004
0.001593
0.004466
0.003561
0.00171
0.001675
0.007732
0.004616
0.001696
0.001743
0.00494
0.003721
0.003726
0.003361
0.004114
0.001878
0.003938
0.001784
0.0065
0.001482
0.006645
0.003793
0.004067
0.001956
0.0041
0.001489
0.003816
0.001877
0.010424
0.00184
0.0406
0.001763
0.001792
0.002892
0.002559
0.003627
0.002833
0.003683
0.003319
0.002634
0.002863
0.007049
0.001555
0.003719
0.003508
0.003969
0.001829
0.004003
0.002902
0.003205
0.00335
0.004174
0.00303
0.00403
0.003069
0.006067
0.003051
0.003656
0.00408
0.037506
0.001868
0.00159
0.003087
0.003052
0.001812
0.002279
0.001655
0.001739
0.002876
0.004159
0.007293
0.002068
0.009532
0.001672
0.011853
0.001601
0.001628
0.001552
0.00291
0.001616
0.004135
0.003064
0.001403
0.001592
0.011955
0.001774
0.053251
0.001707
0.003124
0.003312
0.001818
0.001794
0.004132
0.007766
0.002068
0.005315
0.00404
0.007358
0.001896
0.011533
0.005096
0.049021
0.001554
0.003229
0.004965
0.003011
0.001514
0.003962
0.002947
0.002745
0.004084
0.00132
0.005217
0.001373
0.00497
0.005449
0.00351
0.003784
0.002751
0.001274
0.001385
0.008183
0.002973
0.005068
0.006967
0.001679
0.005218
0.001773
0.006967
0.001748
0.035979
0.001403
0.003013
0.00323
0.002865
0.002908
0.001399
0.003962
0.002926
0.001066
0.005303
0.001477
0.002881
0.00109
0.004241
0.001139
0.002939
0.005397
0.004279
0.003874
0.003409
0.004226
0.004152
0.003572
0.004359
0.007156
0.004602
0.003906
0.006825
0.001468