
3.3914e-05
3.4806e-05
2.0041e-05
3.351e-05
2.9398e-05
3.3501e-05
2.0762e-05
2.7159e-05
1.313e-05
3.2592e-05
2.6182e-05
2.0577e-05
3.2827e-05
3.6994e-05
2.1838e-05
2.8138e-05
2.3408e-05
2.1746e-05
2.5119e-05
3.2479e-05
2.1844e-05
3.301e-05
4.4631e-05
2.6224e-05
2.2028e-05
2.5343e-05
2.1799e-05
1.6324e-05
2.16e-05
2.2798e-05
1.4536e-05
2.9025e-05
1.6088e-05
2.5886e-05
2.1794e-05
3.7058e-05
1.7259e-05
2.156e-05
2.9456e-05
2.6544e-05
3.5821e-05
2.9077e-05
1.8977e-05
4.2389e-05
3.0797e-05
2.5182e-05
2.1433e-05
3.1783e-05
2.8928e-05
1.5743e-05
2.0461e-05
3.1189e-05
5.9377e-05
4.4888e-05
5.6157e-05
7.6618e-05
5.3726e-05
8.8763e-05
5.241e-05
5.1967e-05
5.3036e-05
6.1274e-05
4.196e-05
0.000103328
7.2981e-05
5.1639e-05
0.000100085
4.9836e-05
6.0657e-05
5.9e-05
4.8929e-05
3.8344e-05
9.291e-05
4.0721e-05
3.0979e-05
2.7157e-05
1.6778e-05
2.7642e-05
3.7257e-05
4.0342e-05
5.7453e-05
3.345e-05
2.2699e-05
5.3229e-05
2.5083e-05
2.733e-05
2.0796e-05
1.8867e-05
3.6708e-05
2.7327e-05
5.707e-05
3.0721e-05
2.7486e-05
3.2711e-05
2.8232e-05
2.6998e-05
1.6613e-05
2.1137e-05
1.8849e-05
1.4242e-05
3.1665e-05
3.7323e-05
5.4159e-05
3.2425e-05
2.0104e-05
3.8034e-05
3.5102e-05
6.4624e-05
3.8145e-05
1.483e-05
0.000124033
5.7374e-05
5.7985e-05
3.4305e-05
7.1163e-05
7.0017e-05
0.000164635
5.472e-05
1.4945e-05
2.9251e-05
7.0792e-05
7.3075e-05
2.3382e-05
3.6915e-05
1.4983e-05
3.854e-05
5.4247e-05
8.0994e-05
4.545e-05
6.0711e-05
5.8668e-05
2.9873e-05
6.683e-05
5.1663e-05
6.9452e-05
4.4296e-05
2.8442e-05
2.7434e-05
5.8766e-05
2.9697e-05
4.8324e-05
2.5788e-05
3.6905e-05
2.8219e-05
2.9668e-05
3.7039e-05
3.5565e-05
2.3839e-05
3.2815e-05
4.0909e-05
3.4008e-05
2.7756e-05
6.742e-05
2.7682e-05
4.1888e-05
5.2324e-05
0.000121202
2.2662e-05
5.5132e-05
6.257e-05
2.6961e-05
3.5153e-05
3.7511e-05
2.385e-05
6.2605e-05
4.2907e-05
3.6372e-05
1.4926e-05
5.1659e-05
4.5415e-05
3.7131e-05
4.5013e-05
2.0448e-05
5.0018e-05
4.7625e-05
4.784e-05
4.3254e-05
9.1696e-05
2.466e-05
3.0217e-05
4.184e-05
5.8409e-05
5.6942e-05
4.0259e-05
2.2322e-05
3.1281e-05
2.6598e-05
3.3331e-05
2.6416e-05
3.7968e-05
2.7183e-05
1.6819e-05
2.2634e-05
1.4826e-05
2.3457e-05
2.9295e-05
3.4345e-05
1.7392e-05
2.9935e-05
2.0259e-05
3.2142e-05
4.8235e-05
2.351e-05
2.563e-05
3.7267e-05
5.6945e-05
2.4698e-05
2.8714e-05
9.5866e-05
4.8768e-05
3.4949e-05
2.5191e-05
3.7718e-05
2.8673e-05
3.3427e-05
2.0773e-05
4.9843e-05
0.000109182
4.3167e-05
2.5378e-05
5.1864e-05
3.8232e-05
4.5385e-05
1.7566e-05
4.1475e-05
3.6566e-05
2.2276e-05
2.9902e-05
4.69e-05
2.1733e-05
1.7422e-05
4.1529e-05
2.3441e-05
1.6353e-05
1.5054e-05
8.691e-05
4.5672e-05
1.7192e-05
3.0314e-05
2.0901e-05
2.4936e-05
2.4862e-05
5.3543e-05
3.5062e-05
4.4015e-05
3.3148e-05
4.3929e-05
2.8324e-05
3.4033e-05
4.2159e-05
2.4243e-05
2.9921e-05
2.5685e-05
4.7728e-05
8.392e-05
6.3125e-05
3.3373e-05
4.2534e-05
3.5918e-05
2.4266e-05
5.1e-05
4.8216e-05
2.6602e-05
3.3375e-05
0.000119067
0.000153876
4.9564e-05
0.000235355
5.2177e-05
3.2384e-05
3.2229e-05
5.0438e-05
2.457e-05
1.4794e-05
2.2476e-05
2.5542e-05
3.7956e-05
2.2844e-05
1.6097e-05
2.8003e-05
1.9528e-05
5.8617e-05
1.8234e-05
2.8057e-05
1.7537e-05
5.8529e-05