
0.000941
0.000465
0.000508
0.000472
0.000578
0.000616
0.000558
0.000578
0.000559
0.000652
0.000724
0.000555
0.000561
0.000555
0.000615
0.000562
0.000552
0.00055
0.00054
0.000543
0.00061
0.000645
0.000554
0.000627
0.000549
0.000628
0.000545
0.000627
0.000612
0.000537
0.000628
0.000634
0.000564
0.000702
0.000732
0.000534
0.000537
0.000549
0.00055
0.000683
0.000625
0.000543
0.000555
0.00054
0.000798
0.000761
0.00065
0.00059
0.000544
0.000544
0.00058
0.000587
0.000545
0.000548
0.000587
0.00055
0.000548
0.00058
0.000552
0.000544
0.000568
0.000579
0.000591
0.000534
0.000551
0.000582
0.001165
0.00056
0.000566
0.000572
0.000541
0.000605
0.000546
0.000542
0.000539
0.000543
0.000554
0.00054
0.000543
0.000556
0.000545
0.000777
0.000536
0.000533
0.000546
0.000535
0.000636
0.000543
0.000539
0.000546
0.000555
0.00055
0.000558
0.000611
0.000563
0.000567
0.00059
0.00054
0.000539
0.000579
0.000553
0.000539
0.000549
0.00054
0.000539
0.000602
0.000551
0.00054
0.000549
0.000542
0.000542
0.000658
0.000547
0.000543
0.00057
0.000623
0.000544
0.000676
0.00055
0.00058
0.000773
0.000546
0.00054
0.000625
0.00054
0.000528
0.000534
0.000542
0.000625
0.00063
0.000548
0.00054
0.000532
0.000542
0.00055
0.000542
0.00056
0.000537
0.000549
0.000555
0.000552
0.000539
0.000576
0.000541
0.00055
0.000535
0.000544
0.000538
0.000587
0.00063
0.000551
0.000585
0.000543
0.000541
0.000565
0.000546
0.00056
0.000562
0.000608
0.000545
0.000547
0.000543
0.000794
0.000534
0.00054
0.000575
0.000531
0.000568
0.000562
0.000567
0.000581
0.000535
0.000543
0.000532
0.000533
0.000534
0.000545
0.000574
0.000561
0.000549
0.000553
0.00057
0.000547
0.000751
0.000541
0.000549
0.000545
0.000654
0.000568
0.000588
0.000539
0.000654
0.000544
0.000541
0.000542
0.000557
0.000545
0.000563
0.000624
0.000548
0.000542
0.000617
0.000625
0.000537
0.000546
0.00078
0.000559
0.000541
0.000635
0.000582
0.000541
0.000544
0.00054
0.000594
0.000593
0.000539
0.000608
0.000539
0.00062
0.000568
0.000549
0.000577
0.000545
0.000533
0.000753
0.000596
0.000553
0.000569
0.000546
0.000543
0.000546
0.000541
0.000538
0.00054
0.000541
0.000538
0.000548
0.000645
0.000565
0.000627
0.000552
0.000534
0.000658
0.000645
0.000543
0.000622
0.000633
0.000593
0.000539
0.000588
0.000544
0.00053
0.000553
0.000535
0.000546
0.000548
0.00057
0.000575
0.000548
0.00061
0.000555
0.000547
0.000572
0.000533
0.000772
0.00055
0.000538
0.000778
0.000773
0.000542
0.000559
0.000592
0.000543
0.000546
0.000599
0.000697
0.000663
0.00054
0.000543
0.000544
0.000554
0.000745
0.00054
0.000631
0.000547
0.00054
0.000606
0.000626
0.00055
0.00055
0.000745
0.000541
0.000536
0.000788
0.00095
0.000652
0.000657
0.00071
0.000671
0.000683
0.000722
0.000696
0.000863
0.000788
0.000705
0.000684
0.000712
0.000755
0.000858
0.000774
0.000687
0.000964
0.000672
0.00073
0.000787
0.000773
0.000798
0.000689
0.000772
0.000678
0.000783
0.00071
0.000661
0.00065
0.000648
0.000561
0.000548
0.000545
0.000741
0.00077
0.000535
0.000551
0.000542
0.000543
0.000534
0.000545
0.000647
0.00061
0.000558
0.000621
0.000565
0.000544
0.0006
0.000532
0.000554
0.00054
0.000552
0.000548
0.000764
0.000537
0.000542
0.000541
0.000552
0.000554
0.000544
0.000551
0.000542
0.000552
0.000593
0.00054
0.000536
0.000548
0.000544
0.000725
0.000547
0.000766
0.000568
0.000551
0.000766
0.000549
0.000539
0.000684
0.000539
0.000538
0.000536
0.000541
0.00054
0.000546
0.000547
0.000533
0.000556
0.000541
0.000541
0.00054
0.000539
0.000552
0.000549
0.000541
0.000553
0.000544
0.000547
0.000548
0.000548
0.000584
0.000542
0.000544
0.000552
0.000581
0.00059
0.000533
0.000759
0.000544
0.000551
0.000553
0.000533
0.000544
0.000598
0.000799
0.000526
0.000533
0.000547
0.000536
0.000594
0.000541
0.000636
0.000534
0.000557
0.000549
0.000585
0.000545
0.000551
0.000553
0.000589
0.000546
0.000547
0.000757
0.000606
0.00067
0.000598
0.000538
0.000565
0.000612
0.000535
0.000595
0.000537
0.000556
0.000544
0.000545
0.000749
0.000613
0.000568
0.000531
0.000548
0.000541
0.000624
0.000544
0.000541
0.000619
0.000544
0.000543
0.000545
0.000539
0.000649
0.000555
0.000537
0.000593
0.000541
0.000538
0.00056
0.000543
0.000541
0.000542
0.000623
0.000591
0.000581
0.000585
0.000561
0.000553
0.000544
0.000616
0.000552
0.000545
0.000544
0.000618
0.000602
0.000617
0.000539
0.000554
0.000536
0.000541
0.000541
0.000598
0.000538
0.000627
0.000766
0.000539
0.00063
0.000544
0.000602
0.000602
0.000546
0.000553
0.000543
0.000594
0.000579
0.000543
0.000542
0.000546
0.000615
0.000603
0.000546
0.000544
0.000549
0.000613
0.000545
0.000542
0.000596
0.000539
0.000546
0.000543
0.000555
0.000633
0.0006
0.000767
0.000544
0.000542
0.00055
0.000558
0.000664
0.000555
0.000549
0.000558
0.000572
0.000787
0.000612
0.000552
0.000552
0.000607
0.000557
0.000544
0.000542
0.000549
0.000548
0.000637
0.0006
0.000553
0.000543
0.000537
0.000717
0.000537
0.000559
0.000543
0.00066
0.000544
0.000541
0.00055
0.000599
0.000547
0.000572
0.000549
0.000638
0.000769
0.000562
0.000549
0.00055
0.00062
0.000546
0.00054
0.000544
0.000545
0.000551
0.000539
0.000539
0.000543
0.000541
0.000547
0.000556
0.000544
0.000537
0.000588
0.000628
0.000602
0.000771
0.000535
0.000577
0.000541
0.000538
0.000544
0.000543
0.000748
0.000574
0.000554
0.000548
0.000674
0.000545
0.000539
0.000543
0.000547
0.000624
0.000805
0.000594
0.000555
0.000553
0.000559
0.000548
0.000599
0.000549
0.000541
0.000546
0.000632
0.000568
0.000584
0.000635
0.000545
0.00054
0.000598
0.000551
0.000763
0.000548
0.000555
0.000547
0.000543
0.00074
0.000574
0.000764
0.000541
0.000541
0.000601
0.000751
0.000588
0.000577
0.000551
0.000554
0.000533
0.000538
0.000575
0.000749
0.000569
0.000549
0.000546
0.000689
0.000544
0.000548
0.000765
0.000547
0.000628
0.000586
0.000572
0.000546
0.00054
0.000582
0.000539
0.000548
0.000558
0.000545
0.000547
0.000544
0.000587
0.000766
0.000568
0.000546
0.000571
0.000561
0.000533
0.00054
0.00055
0.000594
0.000543
0.000542
0.000565
0.00054
0.000681
0.000542
0.000623
0.000582
0.000543
0.000729
0.000551
0.000536
0.000545
0.000624
0.000549
0.000543
0.000561
0.000571
0.000812
0.000833
0.000784
0.000587
0.00071
0.000661
0.000562
0.000862
0.000661
0.000553
0.000814
0.00078
0.000578
0.000847
0.000788
0.000564
0.000738
0.000548
0.000549
0.000572
0.000556
0.000564
0.000543
0.000598
0.000552
0.000542
0.000609
0.000558
0.00067
0.000554
0.000543
0.000544
0.000585
0.00056
0.000552
0.000573
0.000586
0.000549
0.00055
0.000572
0.000545
0.000536
0.000591
0.000533
0.000627
0.000549
0.000548
0.000546
0.00055
0.000538
0.000597
0.000545
0.000572
0.000528
0.000558
0.000669
0.000675
0.000541
0.000545
0.000626
0.000584
0.000546
0.00063
0.000573
0.000542
0.00054
0.000543
0.000622
0.000557
0.000539
0.000545
0.000546
0.000742
0.000623
0.000577
0.000623
0.000546
0.000625
0.000539
0.000622
0.000534
0.00054
0.000586
0.000537
0.000529
0.000539
0.000533
0.000537
0.000542
0.000548
0.000535
0.000545
0.000631
0.000611
0.000556
0.000546
0.000785
0.000544
0.000778
0.000609
0.000555
0.000543
0.00055
0.000542
0.000538
0.000534
0.000546
0.000556
0.000536
0.000619
0.000545
0.000548
0.00068
0.000543
0.000546
0.000597
0.000604
0.000623
0.000645
0.000606
0.000544
0.00056
0.000545
0.000551
0.000542
0.000537
0.000544
0.000541
0.000542
0.000539
0.000632
0.000553
0.000538
0.00055
0.000528
0.00056
0.000542
0.000549
0.000555
0.000541
0.000558
0.000535
0.000781
0.000564
0.000588
0.000542
0.000607
0.000556
0.000559
0.000547
0.000543
0.000783
0.000612
0.000607
0.00076
0.000538
0.000561
0.000542
0.000579
0.000561
0.000601
0.000538
0.000643
0.000679
0.000818
0.000541
0.000548
0.000568
0.000531
0.000536
0.000557
0.000548
0.000555
0.000602
0.000546
0.000544
0.000604
0.000544
0.000586
0.000548
0.000543
0.000638
0.000547
0.000614
0.000537
0.000549
0.00055
0.000624
0.000542
0.000553
0.000602
0.000581
0.000548
0.000586
0.000619
0.000574
0.000543
0.000566
0.000541
0.000543
0.000546
0.00081
0.000639
0.00059
0.000552
0.000563
0.000558
0.000543
0.000541
0.000594
0.000531
0.000542
0.000543
0.000544
0.000546
0.000547
0.000548
0.000586
0.000576
0.000602
0.000538
0.00053
0.000633
0.000543
0.000538
0.000539
0.000818
0.000625
0.000545
0.000629
0.000627
0.000544
0.000588
0.000541
0.000539
0.000799
0.000541
0.000526
0.00054
0.000547
0.00054
0.000546
0.000627
0.000542
0.000792
0.00054
0.000552
0.000545
0.00055
0.000592
0.000549
0.00054
0.0006
0.000557
0.000535
0.000634
0.000542
0.000556
0.000555
0.000546
0.000551
0.000554
0.000622
0.000547
0.000536
0.000541
0.000609
0.000555
0.000661
0.000768
0.000541
0.000542
0.000536
0.000549
0.000581
0.00054
0.000597
0.000532
0.000545
0.000532
0.000614
0.000544
0.000542
0.000534
0.000601
0.0006
0.000553
0.000544
0.000586
0.000551
0.000561
0.00062
0.000616
0.000602
0.000543
0.000598
0.000552
0.000578
0.000548
0.000541
0.000547
0.000544
0.000588
0.000545
0.000542
0.000528
0.000771
0.000771
0.000558
0.000636
0.000553
0.000553
0.000565
0.00054
0.000543
0.000536
0.000548
0.000548
0.000765
0.000542
0.000541
0.000566
0.000566
0.000536
0.000766
0.000652
0.000549
0.000579
0.000629
0.00054
0.000542
0.000551
0.000538
0.000542
0.000538
0.000542
0.000535
0.000546
0.000549
0.0006
0.000542
0.000547
0.000543
0.000576
0.000549
0.000606
0.000599
0.000544
0.000546
0.000638
0.000547
0.000541
0.000551
0.000543
0.000565
0.000557
0.000582
0.000617
0.000546
0.00053
0.000601
0.000544
0.000614
0.00053
0.000547
0.000575
0.000559
0.000543
0.000548
0.000547
0.000537
0.000549
0.000534
0.000545
0.000546
0.000544
0.000613
0.000545
0.000546
0.000586
0.000548
0.000551
0.000543
0.000544
0.000664
0.000558
0.000543
0.000607
0.000773
0.000547
0.000591
0.000777
0.00072
0.000536
0.000587
0.00054
0.000539
0.000541
0.000559
0.000565
0.00055
0.000542
0.000541
0.000545
0.000575
0.000565
0.000674
0.000813
0.000581
0.000546
0.000746
0.000551
0.000672
0.000786
0.000614
0.000539
0.000622
0.000806
0.000536
0.000535
0.000537
0.000586
0.000739
0.000558
0.000546
0.000551
0.000614
0.000562
0.000547
0.000532
0.00055
0.000541
0.000542
0.000559
0.000588
0.000547
0.000645
0.000558
0.000631
0.00054
0.000548
0.000543
0.000663
0.000704
0.000542
0.000538
0.000684
0.000535
0.000615
0.00066
0.000548
0.000547
0.000598
0.000568
0.000763
0.00053
0.000573
0.000551
0.000538
0.000784
0.000542
0.000545
0.000541
0.000535
0.000608
0.000551
0.000545
0.000543
0.000555
0.000559
0.000552
0.000545
0.000537
0.000545
0.000622
0.000546
0.000555
0.000571
0.000584
0.000581
0.000632
0.000561
0.000534
0.000543
0.000749
0.000544
0.000556
0.000595
0.000766
0.000536
0.000531
0.000539
0.000595
0.000542
0.000571
0.000535
0.000541
0.000596
0.000601
0.000608
0.000705
0.000547
0.000613
0.000572
0.000551
0.000545
0.000539
0.000549
0.000588
0.000543
0.000553
0.00055
0.00075
0.000551
0.000571
0.000537
0.000566
0.000584
0.000622
0.000541
0.000593
0.00054
0.000545
0.000557
0.000548
0.000571
0.000549
0.000562
0.000584
0.000538
0.000546
0.000585
0.000698
0.000636
0.000651
0.000714
0.000665
0.000705
0.000644
0.00068
0.000643
0.00057
0.00054
0.000555
0.00053
0.000593
0.000545
0.000542
0.000554
0.000552
0.000868
0.000574
0.000656
0.000714
0.000915
0.000735
0.000654
0.000762
0.00066
0.000665
0.000725
0.000661
0.000656
0.000685
0.000771
0.00075
0.00095
0.00069
0.000688
0.000967
0.000726
0.00074
0.000725
0.00068
0.000771
0.000684
0.000694
0.000945
0.000797
0.000703
0.000667
0.000685
0.000773
0.000782
0.000932
0.000935
0.000681
0.000696
0.000668
0.000819
0.000698
0.00069
0.000841
0.001005
0.001555
0.001429
0.0015
0.001498
0.001542
0.001086
0.002629
0.001086
0.001619
0.001143
0.001563
0.001274
0.001305
0.001831
0.002831
0.00137
0.000824
0.000828
0.000816
0.000837
0.000834
0.002088
0.002163
0.000817
0.000713
0.000699
0.000684
0.00066
0.000688
0.000691
0.000703
0.00134
0.000778
0.001123
0.00071
0.000706
0.000805
0.000675
0.000684
0.000745
0.000707
0.002528
0.000927
0.001045
0.001209
0.002851
0.000694
0.000721
0.002603
0.001164
0.002652
0.001004
0.001872
0.002677
0.000677
0.000917
0.001266
0.000682
0.0008
0.00228
0.000928
0.000761
0.001166
0.001164
0.001166
0.000762
0.000864
0.000647
0.00092
0.001093
0.000818
0.000646
0.000644
0.002575
0.001002
0.001015
0.002945
0.00065
0.000655
0.000671
0.002632
0.002536
0.000659
0.000641
0.000633
0.000646
0.00133
0.002552
0.000988
0.000639
0.000648
0.000792
0.001249
0.002537
0.000665
0.000903
0.000892
0.000907
0.001017
0.000646
0.000658
0.000676
0.001369
0.001205
0.000643
0.00064
0.000659
0.000793
0.000649
0.002532
0.000712
0.002522
0.000749
0.000985
0.00074
0.001136
0.001
0.000652
0.001148
0.000662
0.000654
0.000777
0.000636
0.000656
0.000645
0.000671
0.000653
0.000639
0.000725
0.000647
0.000647
0.000655
0.001116
0.001137
0.000844
0.00127
0.001162
0.002656
0.001745
0.000636
0.001932
0.001059
0.000801
0.000639
0.000743
0.001227
0.000669
0.000644
0.000651
0.00064
0.001607
0.002512
0.000839
0.001263
0.000729
0.000715
0.000748
0.001606
0.000677
0.000656
0.000649
0.000714
0.001265
0.000786
0.000679
0.000856
0.00079
0.000658
0.002599
0.000828
0.000831
0.001365
0.000702
0.000704
0.000908
0.001295
0.001213
0.000994
0.000633
0.000871
0.00073
0.000909
0.000644
0.000995
0.000682
0.000646
0.000716
0.000662
0.001247
0.003047
0.00372
0.00254
0.0016
0.001549
0.000659
0.002413
0.000685
0.000928
0.000798
0.001113
0.002516
0.000793
0.001217
0.002269
0.002375
0.000918
0.001614
0.002644
0.002545
0.001301
0.001543
0.001331
0.003106
0.002349
0.001898
0.002168
0.000783
0.000647
0.000641
0.00261
0.00067
0.000674
0.00069
0.00074
0.00067
0.000805
0.001221
0.002273
0.000796
0.002474
0.002784
0.002778
0.002871
0.002788
0.002979
0.002841
0.002917
0.002795
0.002501
0.002729
0.002802
0.002789
0.002667
0.00279
0.002861
0.002794
0.002467
0.002982
0.003015
0.00279
0.002974
0.002906
0.002856
0.002798
0.002499
0.002868
0.004137
0.00282
0.002825
0.00279
0.00285
0.002833
0.002921
0.00283
0.00292
0.002854
0.003713
0.002902
0.002792
0.002902
0.002751
0.002786
0.002781
0.002815
0.002529
0.002867
0.002934
0.002875
0.002495
0.002917
0.002728
0.002875
0.002432
0.002803
0.002483
0.002515
0.002507
0.002492
0.002812
0.002632
0.002781
0.002803
0.002929
0.002608
0.002803
0.002792
0.002762
0.002822
0.002699
0.002543
0.002866
0.002498
0.001735
0.002228
0.002438
0.00296
0.002438
0.00245
0.002444
0.003224
0.003072
0.002847
0.002403
0.000631
0.000633
0.000639
0.000651
0.000633
0.000681
0.000635
0.000633
0.000957
0.001012
0.000643
0.000648
0.000967
0.000649
0.000658
0.000642
0.00064
0.00065
0.00064
0.000647
0.000657
0.000663
0.000657
0.000653
0.000656
0.000641
0.000657
0.000649
0.000958
0.000639
0.000702
0.000705
0.000656
0.000652
0.000659
0.00065
0.00063
0.000654
0.000651
0.000676
0.000651
0.000647
0.000636
0.00064
0.000647
0.000963
0.000687
0.000657
0.000689
0.000639
0.000641
0.000651
0.000659
0.000636
0.000672
0.000635
0.000648
0.000646
0.000632
0.000955
0.000957
0.000633
0.000658
0.000639
0.000642
0.000635
0.000642
0.000643
0.000638
0.000636
0.000657
0.000674
0.00066
0.000649
0.000642
0.000651
0.000645
0.000648
0.000945
0.000651
0.000663
0.00065
0.000673
0.000653
0.000651
0.000631
0.000642
0.000658
0.000646
0.000647
0.000639
0.000644
0.000663
0.000643
0.000649
0.000646
0.000898
0.000644
0.000653
0.000648
0.000646
0.000933
0.000648
0.000644
0.000641
0.000652
0.000688
0.000647
0.000698
0.000626
0.000962
0.000645
0.000656
0.000656
0.000648
0.000651
0.000657
0.000644
0.000694
0.000645
0.000654
0.000662
0.000941
0.000951
0.000913
0.000686
0.000952
0.000733
0.000646
0.000681
0.000664
0.000668
0.000645
0.000656
0.000646
0.000643
0.000642
0.000647
0.000647
0.000659
0.000666
0.000963
0.000776
0.000663
0.000653
0.000661
0.000649
0.000647
0.000656
0.000647
0.000656
0.000644
0.000647
0.00064
0.000655
0.000646
0.00066
0.000658
0.000651
0.000672
0.000665
0.000658
0.000661
0.000661
0.000662
0.000642
0.000682
0.000653
0.000647
0.000646
0.000655
0.000639
0.000633
0.000631
0.000642
0.000647
0.000645
0.000645
0.000664
0.000642
0.000648
0.000652
0.000657
0.000668
0.000648
0.000638
0.000634
0.00064
0.000639
0.000642
0.000638
0.000653
0.000661
0.000644
0.000652
0.000622
0.000641
0.000639
0.000648
0.00066
0.000668
0.000645
0.000653
0.000656
0.000641
0.000639
0.000653
0.000657
0.000679
0.000657
0.000652
0.000659
0.000657
0.00065
0.000654
0.000642
0.000648
0.000651
0.000647
0.002431
0.002414
0.002552
0.000646
0.001067
0.002449
0.002466
0.002482
0.002466
0.002536
0.002439
0.002454
0.00249
0.002489
0.002462
0.002455
0.002603
0.002442
0.00246
0.002464
0.002424
0.002432
0.002465
0.002462
0.002464
0.00244
0.00244
0.002469
0.002684
0.002614
0.002539
0.002441
0.002543
0.002498
0.002505
0.002464
0.002518
0.002518
0.002524
0.002548
0.002682
0.002496
0.000969
0.000878
0.002501
0.002501
0.002473
0.002498
0.003649
0.00281
0.002775
0.002758
0.002828
0.002466
0.002488
0.00254
0.002771
0.002796
0.002504
0.002779
0.002784
0.002493
0.002768
0.002508
0.002787
0.002804
0.002808
0.002498
0.002783
0.002503
0.002773
0.002779
0.002516
0.002771
0.002768
0.002785
0.002707
0.00272
0.002723
0.002455
0.002517
0.002807
0.002503
0.002769
0.002781
0.002832
0.00257
0.002512
0.002756
0.001092
0.002224
0.002279
0.002798
0.002762