
0.012923
0.001762
0.001219
0.000914
0.001127
0.000914
0.001198
0.001112
0.001188
0.001271
0.001855
0.001191
0.000887
0.001029
0.001269
0.001629
0.001108
0.00089
0.002714
0.002771
0.0013
0.000889
0.001852
0.000919
0.000875
0.002805
0.002794
0.00327
0.003328
0.001275
0.000943
0.000862
0.000895
0.0011
0.000908
0.001117
0.002747
0.000893
0.003162
0.000892
0.001325
0.00109
0.00091
0.000896
0.000866
0.000895
0.000868
0.001239
0.000874
0.001452
0.001237
0.001229
0.001336
0.000939
0.000898
0.000923
0.001463
0.003192
0.000622
0.000898
0.003081
0.001159
0.000553
0.00171
0.00111
0.001309
0.003739
0.003373
0.003692
0.001484
0.00118
0.002744
0.002106
0.002481
0.002719
0.002446
0.002491
0.003365
0.00318
0.002646
0.001731
0.001784
0.004759
0.001757
0.000835
0.001774
0.001097
0.003384
0.004407
0.001646
0.001871
0.002391
0.001425
0.001429
0.001992
0.002188
0.00224
0.002765
0.003989
0.009814
0.001799
0.001617
0.00408
0.02358
0.000351
0.000649
0.001319
0.001089
0.000402
0.000439
0.000901
0.001305
0.000512
0.000706
0.001207
0.000803
0.001171
0.000844
0.001091
0.002544
0.000312
0.001199
0.002123
0.000873
0.001272
0.00029
0.001179
0.00289
0.000727
0.002636
0.003526
0.001898
0.003183
0.001197
0.002867
0.001358
0.002608
0.002823
0.001144
0.001182
0.001372
0.016326
0.000296
0.000661
0.000742
0.001042
0.000553
0.000808
0.000252
0.001338
0.00048
0.000679
0.00246
0.001338
0.001199
0.0022
0.001332
0.000922
0.000478
0.001182
0.001175
0.000582
0.001467
0.001237
0.000685
0.000566
0.000472
0.001313
0.002679
0.000491
0.002552
0.000522
0.001176
0.002514
0.001321
0.000929
0.000456
0.001201
0.001081
0.000971
0.000814
0.001184
0.001209
0.00293
0.000921
0.018319
0.000434
0.00045
0.001435
0.00129
0.000871
0.001062
0.001393
0.001381
0.000941
0.000668
0.001245
0.001439
0.001189
0.000889
0.001033
0.000916
0.001379
0.0012
0.001085
0.002632
0.000934
0.001427
0.00121
0.003623
0.004242
0.001766
0.001191
0.000779
0.002783
0.000383
0.001763
0.001651
0.001858
0.001587
0.001637
0.002174
0.004942
0.004078
0.002139
0.015598
0.000183
0.000588
0.000459
0.000395
0.000837
0.000794
0.001222
0.001326
0.00067
0.000792
0.002854
0.000721
0.00046
0.000793
1.5e-05
0.000752
0.000775
0.003897
0.002085
3.2e-05
0.005548
0.002363
0.001452
0.001308
0.001052
0.000439
1.8e-05
0.001044
0.000513
0.002956
0.00146
5.4e-05
0.00259
0.001243
3.2e-05
0.003086
0.005226
0.000799
0.001422
2.5e-05
0.000834
0.003402
0.000807
0.000819
0.000732
0.000802
1.8e-05
0.003922
0.001062
0.019229
0.001265
0.0005
0.000569
0.001292
0.000568
0.000956
0.000385
0.001308
0.000867
0.000566
0.007093
0.001301
0.00244
0.001656
0.003652
0.000965
0.002201
0.001149
0.001344
1.8e-05
0.003371
0.000629
0.000858
0.001019
2.7e-05
0.00726
0.001081
0.001477
0.001682
0.001713
0.00161
2.7e-05
0.002493
0.000917
0.005751
0.001057
2.7e-05
0.004744
0.002391
0.001065
0.000678
1.8e-05
0.003647
0.000659
0.02402
0.00057
0.000445
0.000503
0.001379
0.000535
0.000891
0.000299
0.001351
0.000839
0.000519
0.000897
0.002969
0.00053
0.000533
1.5e-05
0.001032
0.000778
0.000481
0.000528
0.001013
0.000856
0.000596
0.000621
2e-05
0.003497
0.001866
0.000839
0.000736
1.8e-05
0.000802
0.000733
0.003681
0.000774
0.000574
0.000672
1.6e-05
0.000796
0.000689
0.006566
0.001526
2.3e-05
0.001642
0.001252
1.5e-05
0.000779
0.000699
0.000801
0.000675
4.3e-05
0.012962
0.000532
0.000714
0.00048
0.000574
0.000556
0.000527
0.000321
0.00053
0.000533
0.000598
0.000782
0.000579
1.7e-05
0.000989
0.000358
0.001215
0.001338
0.002486
0.001545
7.7e-05
0.00167
1.6e-05
0.000797
0.000988
0.000551
0.000484
0.000837
0.001269
1.6e-05
0.00222
0.001445
0.000818
0.000977
0.000579
0.000552
1.7e-05
0.001069
0.000601
0.002794
0.001007
0.000699
0.00033
0.000778
0.003011
0.000558
0.000515
1.5e-05
0.008309
5.3e-05
0.017206
0.000719
0.000565
0.000683
0.000531
0.000531
0.000549
0.00051
0.000705
0.000566
0.000356
0.002972
0.000703
1.6e-05
0.003489
0.000665
2.1e-05
0.002801
0.003531
2.3e-05
0.003548
0.000957
2.2e-05
0.003204
0.001906
2.2e-05
0.003077
0.000771
0.001374
0.000927
2.3e-05
0.00151
0.001008
0.018615
0.00064
0.000614
0.000448
0.000627
0.000513
0.000457
0.000532
0.000458
0.000521
0.000843
0.00377
0.000668
0.000441
0.000884
1.5e-05
0.003055
0.001485
0.00069
0.000867
4.9e-05
0.004602
0.001262
2.2e-05
0.003516
0.000707
1.6e-05
0.002882
0.000602
0.003538
0.001515
1.6e-05
0.00238
0.001283
0.003652
0.000896
0.00063
0.000509
0.003775
0.000641
1.6e-05
0.000864
0.003695
0.000512
0.000629
0.001702
0.000518
5.9e-05
0.018846
0.000598
0.000448
0.000599
0.000475
0.000617
0.00058
0.000455
0.000612
0.000468
0.000568
0.001926
0.001281
2.7e-05
0.002855
0.00064
0.00145
2.3e-05
0.001102
0.006409
2.4e-05
0.004254
2.4e-05
0.002855
0.000575
0.000555
1.9e-05
0.002807
0.000414
0.001112
0.001921
2.7e-05
0.019457
0.000575
0.00045
0.000573
0.000447
0.000567
0.000541
0.000425
0.000623
0.000437
0.000544
0.002849
0.000567
1.7e-05
0.001784
0.00131
0.002329
0.000899
0.00153
0.000537
1.8e-05
0.003397
0.000655
0.000537
3.4e-05
0.002777
0.000399
0.000693
1.7e-05
0.003197
0.002487
1.8e-05
0.001767
0.000814
1.6e-05
0.001396
0.002063
0.000413
1.7e-05
0.002011
0.015984
0.000352
0.000521
0.000326
0.000405
0.000536
0.000527
0.000413
0.000557
0.000415
0.000518
0.002769
0.002768
0.000555
0.000568
1.6e-05
0.002146
0.000376
0.001764
1.5e-05
0.001908
0.000827
2.7e-05
0.002865
0.000465
2.1e-05
0.001216
0.00035
0.000961
0.000931
2.7e-05
0.008365
0.001625
2.3e-05
0.017237
0.000525
0.000582
0.000412
0.000433
0.000612
0.000599
0.000606
0.001316
0.000443
0.000533
0.003574
0.002863
3e-05
0.004279
0.000993
2.4e-05
0.002721
0.001871
2.4e-05
0.001032
0.001607
0.019324
0.000569
0.000598
0.000487
0.000601
0.000629
0.000636
0.000617
0.001267
0.000485
0.000492
0.000976
0.001734
1.6e-05
0.017542
0.00057
0.000594
0.000513
0.000605
0.000612
0.000636
0.00065
0.001472
0.000485
0.000491
0.002727
0.000638
1.6e-05
0.002238
0.0015
0.019693
0.001322
0.000466
0.000418
0.000487
0.000477
0.000524
0.000614
0.001506
0.000396
0.000443
0.002725
0.002843
0.000534
0.00052
1.8e-05
0.003568
0.00543
3.8e-05
0.00218
0.002379
3e-05
0.002668
0.001685
1.5e-05
0.001688
0.000384
1.7e-05
0.000884
0.001368
0.001382
0.002765
3.8e-05
0.015828
0.001547
0.000472
0.000418
0.000408
0.000382
0.000519
0.000569
0.001428
0.000432
0.00039
0.00094
0.000499
1.7e-05
0.001326
0.002171
0.000458
0.001546
1.7e-05
0.001677
0.001711
0.001335
0.000461
2.1e-05
0.003507
0.003146
3.2e-05
0.000457
0.003845
0.000486
0.000651
1.9e-05
0.002223
0.001621
0.002187
0.001584
1.9e-05
0.000965
0.001345
0.000475
0.000446
0.002951
0.000544
1.8e-05
0.0004
0.000408
0.017403
0.001685
0.000477
0.000478
0.000445
0.000615
0.000424
0.00048
0.000461
0.000519
0.00037
0.000348
0.000375
1.8e-05
0.008094
0.006453
2.6e-05
0.001244
0.000631
0.000379
0.000412
2.3e-05
0.001563
0.00158
0.000453
0.000465
2.1e-05
0.002273
0.000648
0.01528
0.000509
0.000439
0.000527
0.00052
0.000502
0.000522
0.000521
0.000626
0.00056
0.000364
0.002863
0.002362
2.1e-05
0.004806
0.001018
3e-05
0.002286
0.000846
0.019169
0.000484
0.000602
0.000792
0.000553
0.000561
0.000547
0.001271
0.000602
0.000565
0.00035
0.001648
0.001007
0.00055
1.7e-05
0.013258
0.00063
0.000826
0.000553
0.000537
0.000612
0.000556
0.000526
0.000346
0.00106
0.000526
1.6e-05
0.001052
0.001536
0.000536
0.000457
1.8e-05
0.001893
0.001442
0.017276
0.000577
0.000646
0.000822
0.000537
0.000535
0.000543
0.00051
0.000555
0.001476
0.000372
0.003028
0.001584
1.6e-05
0.001597
0.001421
0.000464
0.00057
0.011696
0.001339
0.001425
0.000799
0.001401
0.001325
0.001304
0.000501
0.001266
0.001402
0.000322
0.002914
0.001834
1.6e-05
0.002064
0.001611
0.00163
0.001429
1.8e-05
0.000729
0.002523
0.000571
0.001931
0.014255
0.000266
0.012219
3.2e-05
0.000944
0.000967
3.3e-05
0.002371
2.8e-05
0.00614
2.5e-05
0.000972
0.001563
9.4e-05
0.003694
1.7e-05
0.001315
1.8e-05
0.001603
0.002409
2.8e-05
0.013437
2.7e-05
0.011868
0.000196
0.005754
0.004727
0.004892
0.004357
2.3e-05
0.002486
4e-05
0.002539
0.005588
4e-05
0.002639
3.5e-05
0.003807
5.2e-05
0.001812
3.8e-05
0.003326
3.4e-05
0.024286
0.000129
0.001353
1.4e-05
0.000133
0.000161
1.7e-05
0.001294
0.00117
5.8e-05
0.000151
0.00101
0.000143
0.001146
1.7e-05
0.000156
0.002
1.9e-05
0.001926
0.001205
0.001442
1.9e-05
0.001767
0.000417
0.001353
1.6e-05
0.000152
0.000477
0.000417
5.4e-05