
4.35273
4.25592
4.28096
4.29747
4.31504
4.31337
4.30351
4.29369
4.29551
4.30031
4.31396
4.21172
4.22779
4.15641
4.16281
4.12198
3.69329
3.64109
3.57261
3.32981
3.09382
3.00465
2.81179
2.6997
2.67993
2.49808
2.34508
2.00844
1.93644
1.68471
1.61439
1.6802
1.59286
1.57261
1.50766
1.48627
1.46513
1.45405
1.43999
1.4141
1.40688
1.45655
1.44392
1.41762
1.40072
1.37621
1.35301
1.32418
1.31073
1.28558
1.27339
1.2556
1.24416
1.22759
1.20656
1.19668
1.17763
1.16864
1.15593
1.14792
1.13667
1.11675
1.10831
1.10133
1.09471
1.09361
1.09214
1.09274
1.09467
1.10096
1.1046
1.10853
1.11463
1.11894
1.13467
1.14633
1.14987
1.15797
1.16094
1.16588
1.17049
1.17186
1.17398
1.1758
1.18027
1.18155
1.18725
1.19213
1.19761
1.20868
1.21119
1.21383
1.22222
1.25245
1.26026
1.27268
1.29495
1.30915
1.34532
1.37357
1.37944
1.4037
1.40996
1.44225
1.45571
1.45571
1.47654
1.50536
1.51264
1.52745
1.55786
1.58938
1.58938
1.63863
1.66389
1.70684
1.71557
1.76019
1.79675
1.80593
1.85222
1.89941
1.90486
1.99656
1.99656
2.04631
2.08692
2.09707
2.11754
2.1485
2.18982
2.21064
2.2741
2.29659
2.36025
2.4037
2.43663
2.48076
2.52519
2.56981
2.58099
2.6035
2.64873
2.66004
2.69426
2.73971
2.76269