
0.004599
0.0065
0.003597
0.006218
0.003673
0.007257
0.004425
0.003723
0.003096
0.003291
0.003903
0.004411
0.003783
0.008268
0.005881
0.003658
0.003202
0.004747
0.003334
0.008641
0.005854
0.006706
0.01035
0.003387
0.00326
0.003324
0.003666
0.003291
0.003573
0.005887
0.00341
0.006675
0.003202
0.004053
0.003505
0.00334
0.003473
0.003369
0.005463
0.003743
0.003514
0.004314
0.003908
0.007209
0.005896
0.003292
0.004169
0.006223
0.002967
0.003377
0.006537
0.002876
0.007569
0.007968
0.010439
0.00859
0.007521
0.007157
0.007231
0.007117
0.009381
0.007814
0.004857
0.014172
0.007499
0.004129
0.011569
0.005397
0.011007
0.010289
0.007002
0.00757
0.019611
0.005647
0.008435
0.003711
0.003091
0.005851
0.007194
0.006544
0.008942
0.006967
0.006393
0.011015
0.004152
0.004405
0.005346
0.005112
0.00375
0.003809
0.006453
0.005955
0.005687
0.005572
0.003169
0.003771
0.003372
0.006199
0.003833
0.003337
0.003332
0.008573
0.012558
0.004018
0.005919
0.005131
0.004837
0.013469
0.00831
0.003111
0.012567
0.012121
0.008086
0.004145
0.009306
0.007942
0.022872
0.009784
0.002964
0.008124
0.014815
0.012735
0.004324
0.007307
0.003455
0.013516
0.010562
0.007001
0.011956
0.010133
0.00419
0.007529
0.009288
0.005769
0.006484
0.007441
0.003547
0.003181
0.010659
0.003068
0.01319
0.004221
0.003301
0.00305
0.002982
0.003544
0.00365
0.005503
0.004572
0.005601
0.003089
0.004858
0.005612
0.003463
0.008811
0.008584
0.018589
0.006205
0.00842
0.010644
0.007727
0.007199
0.007806
0.004838
0.005202
0.010635
0.006635
0.003082
0.011999
0.007323
0.006053
0.007479
0.005143
0.010792
0.007958
0.010256
0.004844
0.008632
0.006139
0.005239
0.004177
0.013861
0.009463
0.008129
0.006105
0.003566
0.004494
0.006248
0.004179
0.008151
0.007113
0.002817
0.005778
0.002614
0.007171
0.005523
0.004728
0.003278
0.003975
0.004746
0.004661
0.011343
0.004772
0.004387
0.005331
0.006237
0.003646
0.004731
0.017187
0.0082
0.008977
0.006109
0.0038
0.003779
0.006281
0.005039
0.011843
0.012098
0.006607
0.006187
0.004321
0.003181
0.00525
0.003158
0.008258
0.004286
0.003854
0.008015
0.00961
0.005444
0.00491
0.00652
0.006308
0.002691
0.002533
0.01767
0.004222
0.002437
0.00464
0.003359
0.005685
0.006528
0.010167
0.006068
0.006727
0.003543
0.006719
0.004353
0.006607
0.007288
0.006204
0.004757
0.004059
0.007978
0.024396
0.007501
0.005643
0.012482
0.003406
0.003911
0.007885
0.004477
0.003671
0.006586
0.029578
0.023783
0.007015
0.021435
0.008505
0.008197
0.005172
0.00907
0.003499
0.001773
0.003731
0.003553
0.00447
0.003765
0.002221
0.004366
0.00465
0.007477
0.004168
0.004245
0.001898
0.006198