
0.0238532
0.0533458
0.0502626
0.0832609
0.0594594
0.0923604
0.0735973
0.106035
0.0965895
0.119757
0.0913015
0.066
0.0253845
0.0476737
0.0499401
0.062227
0.0525721
0.0647818
0.0550747
0.067057
0.067057
0.0788355
0.0592724
0.00892147
0.00892147
0.0109439
0.00269891
0.266911
0.255382
0.288069
0.265157
0.263364
0.273164
0.273164
0.271558
0.066
0.0197218
0.00840642
0.0297751
0.0164219
0.00590891
0.0259742
0.0259742
0.0356071
0.0241283
0.0132038
0.0337006
0.0319477
0.0249862
0.0224089
0.0249289
0.00557228
0.0302373
0.00618386
0.0130005
0.0213582
0.0298069
0.0579551
0.0579551
0.0734142
0.066208
0.0744657
0.0631046
0.0604342
0.0755323
0.0656051
0.0712846
0.0206036
0.0293233
0.0073898
0.0589732
0.031754
0.0209848
0.0397668
0.0364734
0.0371296
0.0216316
0.00996819
0.0142677
0.0659993
0.00517472
0.034277
0.0410545
0.0121908
0.0189759
0.0360499
0.0167642
0.00962774
0.0211882
0.0611455
0.0360535
0.0108697
0.0312411
0.00640917
0.0465716
0.0340919
0.0418919
0.0418919
0.0371026
0.0246726
0.0532935
0.015414
0.00303027
0.0305663
0.00539756
0.0380322
0.00259083
0.0532503
0.00276445
0.0229902
0.00229449
0.0202926
0.0147059
0.00201837
0.00243198
0.00243198
0.0532916
0.00233037
0.0105922
0.00969942
0.0402846
0.00324309
0.000979742
0.0321102
0.0190702
0.00126319
0.0342253
0.0416801
0.00324057
0.0107212
0.0146311
0.073583
0.030122
0.0448653
0.0267404
0.0416067
0.0360579
0.0506217
0.014569
0.0366915
0.0494853
0.029194
0.00920226
0.047796
0.060675
0.040512
0.040512
0.0462772
0.0462772
0.03895
0.0646222
0.0316226