
3e-06
1e-06
1e-06
1e-06
1e-06
1e-06
1e-06
1e-06
2e-06
1e-06
1e-06
1e-06
1e-06
1e-06
1e-06
1e-06
2e-06
1e-06
1e-06
1e-06
1e-06
1e-06
1e-06
1e-06
1e-06
1e-06
1e-06
1e-06
1e-06
1e-06
1e-06
1e-06
2e-06
1e-06
1e-06
0
1e-06
2e-06
1e-06
1e-06
1e-06
1e-06
0
1e-06
1e-06
1e-06
1e-06
1e-06
1e-06
1e-06
1e-06
1e-06
1e-06
2e-06
4e-06
3e-06
2e-06
4e-06
3e-06
3e-06
5e-06
3e-06
2e-06
7e-06
0.000122
2e-06
4e-06
3e-06
2e-06
2e-06
3e-06
3e-06
5e-06
2e-06
1e-06
0.025143
0.024484
0.024655
0.023905
0.02177
0.069077
0.022476
0.024119
0.023469
0.023161
0.021733
0.021571
0.022067
0.02242
0.041932
0.026711
0.024049
0.023801
0.025191
0.024884
0.023411
0.022573
0.022592
0.02268
0.022581
0.022241
0.021911
7e-06
2e-06
1e-06
3e-06
1e-06
9e-06
1e-06
2e-06
4e-06
3e-06
1e-06
2e-06
5e-06
4e-06
7e-06
2e-06
1e-06
1e-06
2e-06
2e-06
2e-06
1e-06
1e-06
3e-06
2e-06
2e-06
6e-06
3e-06
1e-06
2e-06
2e-06
2e-06
2e-06
2e-06
0.023503
0.015817
0.015497
0.016961
0.071003
0.016605
0.016549
0.017007
0.016065
0.016113
0.015697
0.016121
0.031713
0.016027
0.015836
0.016237
0.015479
0.012667
0.013068
0.012389
0.07293
0.022844
0.059959
0.074793
0.061323
2e-06
2e-06
2e-06
2e-06
1e-06
2e-06
1e-06
4e-06
0.027279
0.027427
1e-06
1e-06
1e-06
0.035557
1e-06
1e-06
7e-06
2e-06
0.061181
2e-06
0.06439
2e-06
1e-06
2e-06
1e-06
1e-06
4e-06
1e-06
1e-06
2e-06
0.022889
0.02085
0.020542
0.020694
0.020537
0.020613
0.020702
0.020807
0.020824
0.020688
0.016335
0.020457
0.021558
0.078775
0.026624
0.022171
0.056127
0.08806
0.055904
0.033185
0.022671
0.023712
0.035269
0.018228
0.020359
0.019442
0.086376
0.056297
0.041307
0.019676
0.019477
0.05694
0.01504
0.015609
0.016245
0.015049
0.053368
0.02834
0.015227
0.015124
0.016961
0.013461
0.016215
0.014188
0.059094
0.016715
0.015521
0.014304
0.034322
0.01558
0.050363
0.052862
0.028039
0.013986
0.011861
0.011969
0.012965
0.012439
0.014049
0.012224
0.014056
0.016077
0.015464
0.068918
0.062
0.035699
0.033952
0.015377
0.015149
0.035137
0.024035
0.016208
0.054368
0.067851
0.062747
0.055329
0.073534
0.05867
0.072891
0.072186
0.073522
0.014502
0.014129
0.013659
0.013811
0.018295
0.013446
0.014041
0.014348
0.017223
0.016896
0.016885
0.039237
0.014851
0.059196