
0.007059
0.010886
0.005777
0.010303
0.005868
0.01193
0.006914
0.006112
0.004801
0.005734
0.006247
0.006868
0.006098
0.013207
0.008317
0.005905
0.005475
0.007503
0.005474
0.013534
0.008449
0.010461
0.01538
0.005836
0.005447
0.005568
0.005908
0.005448
0.005428
0.008456
0.004999
0.010017
0.00485
0.006451
0.00575
0.005449
0.005398
0.004826
0.009024
0.006414
0.005615
0.007047
0.006189
0.01123
0.009468
0.005571
0.007003
0.009209
0.004985
0.005522
0.009957
0.005294
0.014523
0.012601
0.017621
0.015606
0.012995
0.012536
0.01131
0.011767
0.016739
0.012927
0.008422
0.021908
0.012715
0.007869
0.019368
0.008983
0.019534
0.015986
0.011625
0.01163
0.031852
0.009498
0.013241
0.034521
0.033117
0.036385
0.041417
0.035505
0.095005
0.03371
0.034206
0.04099
0.0306
0.029158
0.03382
0.033722
0.030979
0.050992
0.043734
0.03653
0.035781
0.037554
0.032654
0.033312
0.032425
0.036296
0.033193
0.031417
0.03088
0.043457
0.033261
0.009705
0.011329
0.013428
0.012214
0.026712
0.019385
0.007575
0.03011
0.025646
0.019715
0.009744
0.019965
0.019181
0.053279
0.022377
0.007479
0.016686
0.032764
0.030073
0.011407
0.014734
0.008829
0.024286
0.028713
0.01639
0.022435
0.022386
0.009803
0.014436
0.0203
0.015104
0.016342
0.017181
0.032511
0.024028
0.038952
0.025256
0.099573
0.026292
0.024741
0.024229
0.023575
0.024078
0.025081
0.02877
0.038922
0.029762
0.023912
0.027267
0.030772
0.021204
0.03335
0.032076
0.102788
0.035918
0.077558
0.104461
0.076666
0.015567
0.017223
0.011007
0.013018
0.02327
0.014095
0.008061
0.026134
0.043088
0.039939
0.015685
0.011021
0.02305
0.051542
0.022964
0.011002
0.017346
0.012502
0.070182
0.007112
0.087241
0.01558
0.015988
0.011623
0.005851
0.007061
0.01258
0.009451
0.019547
0.014469
0.027674
0.032537
0.025132
0.031708
0.02901
0.027693
0.025623
0.027098
0.030439
0.027884
0.039625
0.029312
0.028314
0.09208
0.039305
0.029833
0.067879
0.122596
0.074676
0.052063
0.03655
0.033873
0.044725
0.030935
0.031479
0.042372
0.11795
0.074607
0.054047
0.028621
0.027988
0.072683
0.021956
0.034976
0.027169
0.023476
0.074294
0.049265
0.027235
0.025846
0.03253
0.026197
0.022431
0.019905
0.100706
0.02673
0.021373
0.025821
0.042077
0.027105
0.065804
0.073651
0.040508
0.027768
0.019981
0.028456
0.02321
0.026782
0.030914
0.026395
0.025174
0.025214
0.035239
0.104084
0.080381
0.044678
0.053528
0.021295
0.021253
0.046994
0.031942
0.022084
0.064649
0.113378
0.116166
0.066267
0.109558
0.07323
0.085033
0.079606
0.088396
0.020033
0.018327
0.019925
0.019925
0.027583
0.019125
0.017818
0.021217
0.024188
0.03072
0.024682
0.046
0.018273
0.07377