0.008406
0.012179
0.007085
0.01152
0.007085
0.013124
0.00816
0.007341
0.006027
0.006956
0.007518
0.008175
0.007381
0.014574
0.009682
0.007267
0.006826
0.008943
0.006811
0.014967
0.009901
0.012062
0.01704
0.007337
0.006864
0.006983
0.007323
0.006861
0.006832
0.009872
0.006413
0.0114
0.00623
0.007696
0.006882
0.006595
0.006562
0.005957
0.010154
0.007583
0.006733
0.008245
0.007413
0.012457
0.010696
0.006754
0.008196
0.01044
0.006175
0.006754
0.017056
0.055515
0.042045
0.06777
0.03369
0.062136
0.038492
0.061645
0.038406
0.065283
0.034108
0.056225
0.048184
0.051816
0.042466
0.067118
0.033445
0.058077
0.041399
0.059798
0.04131
0.069637
0.044547
0.041633
0.177835
0.062687
0.040978
0.06352
0.0669
0.042961
0.139733
0.059969
0.059936
0.047909
0.045569
0.149103
0.059049
0.042135
0.101768
0.084012
0.069624
0.043027
0.062149
0.046543
0.060383
0.041754
0.048877
0.173408
0.058252
0.039134
0.06234
0.12536
0.077119
0.023237
0.077197
0.024042
0.133217
0.162115
0.038969
0.046776
0.077664
0.036704
0.043721
0.043989
0.102897
0.098777
0.092734
0.029333
0.055868
0.217926
0.081277
0.04128
0.041862
0.033239
0.076056
0.03552
0.064531
0.027777
0.073127
0.03413
0.04557
0.178302
0.039259
0.038005
0.066663
0.03395
0.06056
0.038603
0.061897
0.046743
0.126041
0.044897
0.038227
0.175925
0.041707
0.038039
0.050074
0.102552
0.056466
0.035656
0.041031
0.033142
0.043909
0.037402
0.049562
0.109012
0.249795
0.058874
0.106478
0.143749
0.10901
0.049929
0.028708
0.076325
0.15586
0.047846
0.033537
0.138831
0.064283
0.067975
0.04834
0.042171
0.019532
0.050308
0.068156
0.031386
0.290295
0.058001
0.024898
0.103776
0.016459
0.164338
0.053451
0.038374
0.018473
0.025608
0.19392
0.032519
0.036722
0.06643
0.033964
0.06315
0.038942
0.063351
0.038172
0.060083
0.035737
0.065079
0.03489
0.056716
0.141792
0.059649
0.036338
0.10754
0.126147
0.065465
0.035454
0.145901
0.246155
0.110908
0.082769
0.052273
0.199475
0.164181
0.043563
0.155155
0.103404
0.158841
0.152186
0.072291
0.050481
0.037042
0.20572
0.037474
0.051327
0.038092
0.062439
0.106278
0.067472
0.037629
0.062515
0.037298
0.055616
0.149505
0.034884
0.128069
0.033432
0.061714
0.043093
0.054061
0.14273
0.085877
0.093517
0.166347
0.131311
0.02891
0.051329
0.165027
0.036358
0.150926
0.040648
0.040193
0.055361
0.164872
0.134837
0.160459
0.099183
0.074022
0.035735
0.090241
0.099689
0.047216
0.040188
0.08827
0.245708
0.172817
0.13288
0.176511
0.141009
0.160006
0.14021
0.209374
0.031819
0.050789
0.040978
0.080103
0.030758
0.048435
0.040594
0.060748
0.039367
0.061076
0.042357
0.059397
0.036964