
0.005255
0.007242
0.013922
0.011036
0.010894
0.013336
0.006972
0.007073
0.01288
0.007788
0.008686
0.015017
0.006449
0.019674
0.018699
0.017778
0.023575
0.018661
0.018315
0.007651
0.01782
0.059709
0.022038
0.018982
0.019332
0.01886
0.007587
0.017731
0.018523
0.072628
0.022998
0.025112
0.079638
0.010712
0.012228
0.022174
0.014768
0.059178
0.059542
0.016056
0.006514
0.030492
0.015119
0.023565
0.023492
0.024272
0.006002
0.012506
0.015475
0.010906
0.011619
0.014629
0.011532
0.014668
0.011764
0.042664
0.01121
0.010624
0.009958
0.052355
0.013629
0.014735
0.018587
0.018607
0.020642
0.020448
0.02457
0.016025
0.075216
0.019762
0.016121
0.017157
0.00715
0.026532
0.020931
0.021575
0.060341
0.020207
0.015
0.010494
0.012997
0.015478
0.013141
0.014977
0.013569
0.01427
0.00603
0.013246
0.056081
0.021785
0.017604
0.065901
0.006724
0.023621
0.019337
0.007468
0.005577
0.005709
0.054472
0.019781
0.065104
0.012197
0.012416
0.012354
0.010383
0.011041
0.011793
0.021095
0.011732
0.011782
0.004826
0.010033
0.014636
0.011369
0.005723
0.01316
0.009213
0.004845
0.004342
0.005124
0.004489
0.009787
0.004848
0.01671
0.064216
0.049599
0.013015
0.034868
0.048399
0.010038
0.016402
0.006946
0.050593
0.058423
0.054887
0.05985
0.066078
0.055481
0.007552
0.008431
0.008939
0.026362
0.00917
0.010408
0.010729
0.009369
0.062607