48
66
44
147
22
28
118
44
39
78
96
148
43
46
39
74
149
418
342
294
342
136
185
40
68
83
141
18
90
32
49
34
73
51
50
30
30
36
20
26
35
49
23
127
144
116
24
25
56
41
109
138
58
56
122
68
54
138
56
123
58
138
92
60
38
39
54
18
55
28
10
101
130
31
60
114
85
32
130
130
40
60
101
9
20
17
21
20
10
130
101
130
99
41
35
93
41
93
123
14
41
107
93
51
93
41
123
93
123
93
123
107
79
93
38
55
93
81
67
81
52
44
112
39
48
95
81
44
81
72
44
81
44
52
52
51
90
52
52
79
42
52
52
81
71
64
44
44
44
44
44
44
81
46
11
34
68
99
44
73
35
68
45
42
57
72
42
45
81
128
67
43
67
43
43
36
38
74
43
49
68
43
106
67
59
43
67
62
61
56
59
61
38
29
38
66
38
100
66
100
70
100
38
67
59
84
39
61
33
62
39
62
39
55
27
55
27
55
52
27
60
27
92
27
52
104
87
500
197
65
88
61
94
169
48
22
48
22
48
45
22
53
22
84
48
40
77
41
48
80
57
80
401
265
104
98
58
60
175
9
37
9
17
42
39
18
46
18
77
43
47
10
105
33
10
9
78
47
31
36
15
16
40
45
45
42
15
74
45
40
80
43
30
35
20
39
39
44
44
49
20
72
84
30
35
20
39
39
44
44
82
20
72
39
85
43
27
14
31
31
36
36
83
14
63
37
32
39
42
84
14
44
43
92
21
17
11
11
33
33
51
17
55
23
18
94
100
18
92
57
34
93
93
28
18
34
56
101
19
20
18
18
16
24
20
31
51
53
93
23
52
48
52
41
20
17
23
23
23
24
20
39
30
48
110
20
37
17
37
76
25
25
28
38
38
31
47
82
25
73
38
76
25
25
30
30
25
136
45
25
26
19
49
28
38
77
27
27
30
21
27
51
43
85
19
30
51
61
76
50
50
54
22
37
54
40
130
90
51
26
117
123
355
193
111
114
53
121
241
146
29
355
29
139
385
111
96
366
104
105
139
404
117
97
67
120
83
60
121
111
152
18
53
46
67
60
83
133
117
67
152
127
141
76
130
90
379
128
119
163
8
56
7
163
143
8
128
141
7
163
119
128
163
62
128
7
7