
149
336
217
147
33
129
387
217
287
361
143
343
172
141
30
148
103
221
282
356
108
82
226
90
351
138
299
272
141
351
101
330
150
107
343
130
132
276
133
135
218
98
406
218
331
123
97
198
126
155
387
122
394
230
72
112
237
306
114
143
387
492
124
72
72
72
82
72
72
143
316
125
123
364
364
61
76
381
490
124
309
87
115
360
358
54
371
369
490
100
305
55
494
95
494
347
55
365
55
92
298
49
493
89
493
342
49
360
49
84
119
86
119
85
321
337
44
351
44
77
118
84
117
86
318
343
311
124
117
74
121
82
117
269
317
342
310
91
117
72
121
82
117
269
317
343
310
99
117
72
131
74
108
260
308
336
303
227
108
63
236
69
104
95
95
334
301
89
104
55
227
69
103
95
95
127
83
103
345
51
65
71
105
97
97
128
84
183
343
48
64
110
179
98
98
130
96
184
346
47
73
111
179
98
98
131
97
98
136
45
109
111
180
100
100
131
111
100
153
43
122
124
179
113
113
143
111
76
143
40
123
355
193
111
114
53
121
241
146
29
117
97
67
120
83
60
121
111
152
18
127
141
76
130
90
379
128
119
163
8