
0.01641
0.002818
0.002391
0.001867
0.002225
0.001812
0.002106
0.002165
0.002475
0.002441
0.002845
0.002183
0.001759
0.001912
0.002359
0.002687
0.002248
0.001833
0.003894
0.003893
0.002284
0.001844
0.002946
0.001821
0.001943
0.004056
0.00394
0.004547
0.004682
0.002304
0.001933
0.001847
0.001927
0.002089
0.001889
0.002116
0.003927
0.001976
0.00454
0.001843
0.002363
0.002129
0.001882
0.001944
0.00177
0.001784
0.001645
0.002268
0.001942
0.002637
0.002338
0.002392
0.002408
0.001929
0.001833
0.001835
0.002531
0.004286
0.001698
0.001946
0.004416
0.001444
0.002269
0.002669
0.005262
0.006193
0.003049
0.002449
0.00429
0.004439
0.00423
0.004261
0.005547
0.004676
0.003017
0.008665
0.001992
0.003062
0.002332
0.007139
0.003118
0.00413
0.002993
0.003216
0.003584
0.004086
0.004571
0.013312
0.003197
0.005618
0.028311
0.001704
0.001797
0.002398
0.002092
0.001248
0.00124
0.001874
0.002133
0.001408
0.001655
0.002235
0.001652
0.001739
0.002122
0.003838
0.001228
0.003118
0.001772
0.002091
0.001143
0.004091
0.001713
0.005148
0.00636
0.004493
0.004192
0.00375
0.004027
0.002181
0.002409
0.020111
0.001601
0.001581
0.001753
0.001972
0.001389
0.001878
0.001147
0.002215
0.001362
0.001576
0.003577
0.002341
0.003415
0.002469
0.001966
0.001298
0.002266
0.001506
0.002401
0.001807
0.001591
0.001345
0.003944
0.001582
0.003814
0.001461
0.003781
0.002262
0.001855
0.001274
0.002122
0.00195
0.001932
0.002474
0.004204
0.001937
0.022164
0.001599
0.001458
0.0023
0.002167
0.001905
0.002187
0.002484
0.002418
0.001855
0.001647
0.002318
0.002559
0.001966
0.002102
0.001923
0.002275
0.002034
0.003914
0.002271
0.002297
0.00718
0.007683
0.002243
0.001748
0.003968
0.001287
0.003047
0.003279
0.002983
0.00289
0.008093
0.006253
0.018952
0.001372
0.001624
0.001435
0.001195
0.00178
0.00176
0.002085
0.002224
0.001733
0.001758
0.004013
0.001566
0.001308
0.001761
0.001726
0.001653
0.007474
0.005056
0.007864
0.003917
0.00284
0.002494
0.002169
0.001482
0.002244
0.001772
0.005633
0.003394
0.004725
0.003343
0.006274
0.008603
0.003537
0.004375
0.001875
0.004876
0.002077
0.001865
0.001678
0.00182
0.005542
0.002236
0.023111
0.002451
0.001405
0.001399
0.002113
0.001476
0.002005
0.001244
0.002417
0.002192
0.001431
0.010064
0.003844
0.00329
0.005339
0.002462
0.003611
0.002397
0.002564
0.004752
0.001586
0.001922
0.002154
0.009494
0.002774
0.002949
0.003417
0.003462
0.003431
0.004258
0.002575
0.008184
0.002681
0.006732
0.003879
0.002305
0.00172
0.005155
0.001597
0.029155
0.001838
0.001398
0.001503
0.002202
0.001498
0.001919
0.001389
0.002256
0.001859
0.001347
0.001982
0.00455
0.001469
0.001373
0.001991
0.001724
0.001306
0.001429
0.002158
0.001853
0.001519
0.001602
0.005048
0.003091
0.002123
0.001821
0.001766
0.001742
0.005736
0.001707
0.001512
0.001526
0.001703
0.001647
0.008835
0.003226
0.002709
0.002145
0.001694
0.001582
0.001681
0.001552
0.016272
0.001619
0.002761
0.001462
0.001377
0.001419
0.001316
0.00115
0.001364
0.001378
0.00155
0.001611
0.001528
0.002033
0.001188
0.002195
0.002373
0.003629
0.002681
0.002899
0.00172
0.001935
0.001479
0.001322
0.001752
0.002185
0.003204
0.002559
0.001754
0.001892
0.001408
0.001395
0.002034
0.001579
0.004083
0.002071
0.001825
0.001249
0.001733
0.004287
0.001532
0.001429
0.011918
0.021594
0.00192
0.001444
0.001632
0.001403
0.001433
0.001541
0.001353
0.00155
0.001435
0.001134
0.004209
0.00165
0.00518
0.001945
0.005911
0.006702
0.005047
0.002162
0.00467
0.00309
0.004876
0.001979
0.002859
0.002366
0.002987
0.002592
0.023211
0.001847
0.001558
0.001439
0.001478
0.001302
0.001205
0.00153
0.001385
0.00132
0.001753
0.005446
0.001865
0.001395
0.001951
0.004399
0.002501
0.001702
0.001919
0.007233
0.003401
0.004958
0.001695
0.004098
0.001435
0.005022
0.002444
0.00343
0.002186
0.005215
0.001988
0.001514
0.001365
0.005307
0.001745
0.00198
0.005215
0.001553
0.001608
0.002917
0.001605
0.02298
0.001844
0.001388
0.001586
0.001392
0.001546
0.001516
0.001353
0.001484
0.001494
0.001452
0.004455
0.003366
0.004112
0.001749
0.002935
0.002403
0.00896
0.006318
0.004039
0.001547
0.001411
0.004117
0.001334
0.002116
0.002981
0.02367
0.001761
0.001274
0.001623
0.001191
0.00151
0.001469
0.001387
0.001414
0.001286
0.001446
0.004155
0.001574
0.002754
0.002217
0.003514
0.00192
0.002531
0.001566
0.004831
0.001759
0.001593
0.0039
0.001278
0.001487
0.004875
0.003606
0.002798
0.001746
0.002687
0.00317
0.001305
0.003
0.019508
0.001606
0.001395
0.001056
0.001186
0.001345
0.001357
0.00129
0.001441
0.001401
0.001325
0.003979
0.003977
0.001347
0.001398
0.003212
0.001317
0.002823
0.003141
0.002115
0.004226
0.00162
0.002188
0.001172
0.002499
0.002615
0.011404
0.003968
0.020736
0.001846
0.001499
0.001291
0.001299
0.001646
0.001524
0.001567
0.002221
0.001285
0.001382
0.005449
0.004503
0.006087
0.002688
0.004122
0.003047
0.002098
0.002741
0.023022
0.001825
0.001498
0.001395
0.001568
0.001588
0.001565
0.0015
0.002141
0.001268
0.001312
0.002098
0.002727
0.021129
0.001777
0.001411
0.00131
0.001541
0.001372
0.001509
0.001464
0.002442
0.001348
0.001304
0.003927
0.001633
0.003278
0.002354
0.023484
0.002422
0.001356
0.001257
0.001387
0.001226
0.001426
0.001625
0.002443
0.001167
0.001344
0.004006
0.004275
0.001391
0.001517
0.006878
0.00829
0.003814
0.003639
0.003968
0.002788
0.002694
0.001189
0.001823
0.002345
0.002784
0.004235
0.019135
0.002617
0.001381
0.001321
0.001278
0.001192
0.001312
0.001516
0.002257
0.001366
0.001296
0.001869
0.00144
0.002361
0.003507
0.001466
0.00251
0.002644
0.002765
0.00241
0.001414
0.005158
0.00482
0.001466
0.005274
0.001609
0.001675
0.003518
0.002709
0.003219
0.002776
0.001979
0.002396
0.001393
0.001311
0.004281
0.001487
0.001383
0.001269
0.020816
0.002913
0.0013
0.001424
0.001277
0.001391
0.001179
0.001407
0.001466
0.001379
0.001194
0.001301
0.001147
0.011688
0.009561
0.002347
0.001725
0.001203
0.001235
0.002811
0.002642
0.001568
0.001444
0.004061
0.001572
0.018505
0.001658
0.001386
0.001311
0.001347
0.001406
0.001297
0.001328
0.001379
0.001364
0.001299
0.004234
0.00359
0.006877
0.002581
0.00372
0.002059
0.023268
0.001528
0.001742
0.001644
0.001449
0.001309
0.001416
0.002109
0.001527
0.001596
0.00114
0.002659
0.00202
0.00165
0.016275
0.001483
0.001928
0.001417
0.001317
0.001523
0.00138
0.00154
0.001116
0.002104
0.001458
0.002016
0.002508
0.001808
0.001323
0.002873
0.002254
0.021055
0.001885
0.001717
0.001752
0.001676
0.001421
0.001503
0.001506
0.001527
0.002315
0.001423
0.004378
0.002522
0.00258
0.002691
0.001503
0.001535
0.014615
0.002497
0.002323
0.001722
0.00235
0.00242
0.002308
0.001361
0.002071
0.002303
0.001156
0.004227
0.002871
0.003091
0.002702
0.002681
0.002334
0.001731
0.003908
0.001675
0.00287
0.017648
0.001111
0.016622
0.003726
0.003736
0.003686
0.008571
0.001995
0.002632
0.005254
0.002552
0.00247
0.004004
0.020812
0.01456
0.001051
0.008582
0.007902
0.007694
0.006793
0.004191
0.005505
0.008795
0.004877
0.005513
0.003198
0.005495
0.028946
0.000922
0.002314
0.000861
0.000788
0.002253
0.002181
0.000801
0.002123
0.000971
0.002194
0.000943
0.002957
0.003046
0.002286
0.002624
0.002816
0.00139
0.002533
0.000876
0.002898
0.002695