
1.81789
1.82174
1.82559
1.82559
1.81789
1.82879
1.7685
1.82412
1.82412
1.81624
1.76936
1.76936
1.83188
1.82323
1.82323
1.82323
1.82323
1.80956
1.82559
1.82174
1.76936
1.82323
1.82323
1.82559
1.77338
1.81319
1.81308
1.85037
1.83028
1.94924
1.94904
1.84843
1.84843
1.99525
1.93821
1.97905
2.04827
1.96243
1.96243
1.96243
2.03394
2.07045
2.0704
2.07045
1.99773
1.97215
1.97231
2.03443
1.93769
1.93757
1.85896
1.85896
1.85367
1.90432
1.85841
1.8205
1.82059
1.76534
1.73671
1.73687
1.58786
1.44809
1.44805
1.48886
1.46152
1.46152
1.32696
1.32754
1.28423
1.28423
1.25903
1.27061
1.24866
1.22162
1.22162
1.20144
1.20144
1.1798
1.17902
1.17763
1.17763
1.17363
1.16951
1.15389
1.06461
1.05148
1.05605
1.04794
0.931515
0.916121
0.916121
0.911799
0.850277
0.81849
0.80616
0.80616
0.796265
0.795335
0.819002
0.819002
0.814114
0.810833
0.814114
0.814114
0.822084
0.822084
0.822084
0.814114
0.814115
0.814116
0.814116
0.819806
0.835081
0.799154
0.814157
0.814115
0.814115
0.814116
0.786287
0.756168
0.742563
0.72206
0.695419
0.666889
0.654196
0.657382
0.628097
0.628097
0.609735
0.583719
0.535338
0.527718
0.500313
0.493191
0.498023
1.79065
1.84243
1.78728
1.75721
1.84755
1.72855
1.72855
1.67113
1.75237
1.75148
1.70223
1.70231
1.68484
1.74682
1.74682
1.74646
1.74122
1.73295
1.73295
1.7328
1.7328
1.69973
1.69973
1.69291
1.73912
1.69329
1.69476
1.69623
1.69623
1.70654
1.6904
1.69588
1.7252
1.73058
1.69191
1.62639
1.5972
1.59621
1.57691
1.57691
1.54884
1.53001
1.59281
1.557
1.4771
1.51926
1.50159
1.41793
1.43745
1.43133
1.40155
1.33345
1.41646
1.396
1.30272
1.32314
1.40201
1.32988
1.26558
1.25551
1.23572
1.20826
1.18268
1.13343
1.19909
1.19251