
0.000913
0.001015
0.001272
0.001244
0.000941
0.001027
0.001219
0.000949
0.001159
0.000876
0.000964
0.001196
0.001059
0.001249
0.001108
0.000966
0.000928
0.000895
0.001324
0.000997
0.000995
0.001028
0.000863
0.00112
0.000981
0.001013
0.000954
0.001193
0.000954
0.001129
0.001059
0.000994
0.000907
0.001189
0.000945
0.001584
0.0012
0.000951
0.000987
0.000896
0.000925
0.00112
0.000993
0.001033
0.001166
0.001091
0.001109
0.000919
0.001094
0.001065
0.001077
0.001009
0.001153
0.001575
0.001853
0.001102
0.001339
0.001207
0.001425
0.001605
0.001216
0.00164
0.000921
0.001369
0.001459
0.001809
0.001716
0.001175
0.001527
0.000898
0.000908
0.001115
0.001351
0.001494
0.001258
0.001864
0.001162
0.001273
0.001327
0.00109
0.001347
0.001117
0.001297
0.001354
0.001125
0.001029
0.00112
0.001031
0.00115
0.0012
0.001262
0.001189
0.00116
0.001207
0.001415
0.001016
0.001346
0.001239
0.001008
0.001005
0.001167
0.001124
0.001346
0.001108
0.001307
0.001536
0.001241
0.001172
0.001238
0.001166
0.001216
0.001109
0.001025
0.000984
0.000989
0.000996
0.000918
0.000841
0.001091
0.000979
0.001071
0.00096
0.001035
0.001058
0.001032
0.001013
0.001119
0.000958
0.001211
0.001063
0.000907
0.000833
0.000988
0.00106
0.001291
0.001052
0.001052
0.001157
0.00115
0.001255
0.001262
0.001002
0.000946
0.000944
0.000984
0.001427
0.001791
0.001029
0.000999
0.001024
0.001377
0.001012
0.001025
0.000989
0.001198
0.001021
0.001029
0.001124
0.001214
0.001174
0.001089
0.000857
0.000885
0.001095
0.000944
0.000913
0.001169
0.001415
0.00123
0.001045
0.000974
0.001045
0.001091
0.001103
0.000783
0.001095
0.00114
0.000971
0.001214
0.001223
0.001526
0.001349
0.001274
0.001106
0.001056
0.001118
0.004248
0.001177
0.000966
0.001204
0.001235
0.001089
0.000964
0.001627
0.001119
0.00128
0.000907
0.001198
0.000999
0.00127
0.000954
0.001113
0.000914
0.000991
0.000959
0.000971
0.001108
0.001086
0.001366
0.001381
0.001209
0.0011
0.001065
0.001014
0.001484
0.001099
0.001058
0.001209
0.001088
0.000944
0.001041
0.000919
0.001413
0.002659
0.001096
0.00156
0.001032
0.001241
0.001035
0.000869
0.001824
0.00105
0.001193
0.001154
0.001385
0.001192
0.001263
0.000969
0.000989
0.001982
0.001685
0.001038
0.001083
0.001369
0.001396
0.001312
0.001188
0.001521
0.001678
0.001667
0.001482
0.000933
0.00099
0.001138
0.001659
0.001409
0.001473
0.001527
0.001494
0.001732
0.001311
0.001463
0.001223
0.001129
0.00096
0.001186
0.00106
0.001767
0.001036
0.000889
0.001055
0.001031
0.000975
0.001918
0.002261
0.001045
0.001071
0.001166
0.000998
0.000945
0.001673
0.001746
0.001365
0.001227
0.001312
0.001435
0.00139
0.001237
0.001767
0.001899
0.001848
0.0018
0.00088
0.001027
0.001101
0.002161
0.000877
0.001348
0.001033
0.001409
0.001379
0.001423
0.001184
0.001287
0.001308
0.001415
0.003355
0.001065
0.001706
0.001088
0.000943
0.000813
0.000935
0.001454
0.001065
0.00108
0.001147
0.001306
0.001819
0.001958
0.003135
0.001632
0.001138
0.003451
0.000963
0.00186
0.001104
0.002062
0.002391
0.001097
0.001685
0.002007
0.001793
0.002102
0.001854
0.001149
0.002046
0.001624
0.000976
0.000887
0.000977
0.001064
0.001282
0.000979
0.001199
0.001536
0.002888
0.001494
0.000979
0.001953
0.001199
0.001009
0.001016
0.001017
0.001531
0.000907
0.001153
0.001829
0.001571
0.001083
0.000921
0.001778
0.00098
0.000891
0.000948
0.000913
0.001333
0.000983
0.001223
0.001056
0.000979
0.000988
0.003248
0.001052
0.000942
0.001073
0.001271
0.000962
0.000971
0.001154
0.000923
0.001032
0.000992
0.00109
0.000965
0.000902
0.001667
0.001019
0.000996
0.001096
0.003339
0.001026
0.001121
0.000956
0.001307
0.00101
0.001166