
0.011201
0.006796
0.006083
0.01223
0.004937
0.005729
0.010771
0.011007
0.005858
0.005535
0.010426
0.007641
0.01054
0.010463
0.00509
0.01023
0.004508
0.004891
0.005132
0.012804
0.010089
0.00967
0.004985
0.010298
0.004503
0.009501
0.004487
0.005324
0.00462
0.016217
0.014576
0.004161
0.00894
0.012815
0.0044
0.012464
0.005067
0.004571
0.004846
0.005785
0.0067
0.016522
0.010669
0.0053
0.005477
0.010125
0.01209
0.00559
0.005357
0.005528
0.011629
0.010875
0.006753
0.008404
0.031587
0.006296
0.006795
0.010922
0.008132
0.010303
0.00639
0.008326
0.006438
0.006758
0.006438
0.008981
0.008213
0.010392
0.016372
0.006123
0.005944
0.007922
0.007334
0.008666
0.006694
0.010801
0.005204
0.007049
0.011248
0.006193
0.006502
0.005078
0.005321
0.005256
0.005454
0.004672
0.012435
0.004741
0.010172
0.011267
0.005892
0.004828
0.005449
0.008728
0.011738
0.007549
0.0082
0.005521
0.006009
0.00476
0.007855
0.007009
0.010531
0.005048
0.01189
0.006797
0.0081
0.005839
0.005101
0.00484
0.007086
0.006487
0.004647
0.006351
0.004625
0.005523
0.004707
0.004019
0.006229
0.00449
0.004645
0.006173
0.004831
0.007593
0.007218
0.004367
0.008437
0.004749
0.005832
0.004739
0.005749
0.004087
0.004604
0.004143
0.007264
0.007977
0.004698
0.008847
0.004143
0.004967
0.010723
0.005424
0.004575
0.005253
0.00499
0.006125
0.015512
0.003424
0.004993
0.005163
0.007023
0.00571
0.00582
0.005221
0.005846
0.005454
0.006309
0.005791
0.007778
0.005395
0.005481
0.005575
0.005887
0.006503
0.006443
0.007388
0.005786
0.00765
0.005882
0.004855
0.004872
0.004902
0.004344
0.00537
0.005549
0.004455
0.005119
0.00572
0.012179
0.008881
0.0103
0.006573
0.00582
0.007363
0.006591
0.006756
0.038106
0.006439
0.006141
0.005501
0.014501
0.005889
0.013611
0.011357
0.008299
0.014415
0.005434
0.007168
0.008706
0.00556
0.006098
0.006704
0.010887
0.015881
0.005088
0.010092
0.006352
0.010158
0.016305
0.00645
0.005128
0.01286
0.005861
0.011286
0.005948
0.010386
0.00487
0.005432
0.006017
0.006534
0.004896
0.004565
0.007264
0.028447
0.008152
0.018251
0.011188
0.008759
0.004953
0.004481
0.019849
0.010279
0.018334
0.00633
0.012601
0.004821
0.008462
0.005842
0.00523
0.00956
0.007288
0.005629
0.005437
0.007382
0.020048
0.015553
0.006569
0.006647
0.01224
0.008157
0.030663
0.008524
0.006061
0.005093
0.007293
0.017718
0.008536
0.013477
0.009796
0.018421
0.005961
0.02199
0.010919
0.009365
0.005221
0.018278
0.009071
0.024147
0.007845
0.005925
0.010253
0.005386
0.005035
0.009886
0.012848
0.011583
0.004771
0.011012
0.013686
0.00895
0.011791
0.020815
0.011104
0.008426
0.009623
0.012384
0.009011
0.006389
0.02843
0.015718
0.008797
0.017132
0.005118
0.00919
0.005306
0.009914
0.010762
0.005771
0.008157
0.014724
0.005106
0.018389
0.006606
0.020202
0.006457
0.015304
0.023618
0.004479
0.019717
0.00923
0.009415
0.005308
0.003389
0.006065
0.011941
0.004259
0.009771
0.004458
0.01065
0.017495
0.029398
0.017322
0.004634
0.031099
0.0069
0.013633
0.009938
0.015896
0.014824
0.004532
0.01231
0.015046
0.015488
0.014373
0.005867
0.006121
0.006659
0.004964
0.003087
0.008736
0.007007
0.006013
0.015892
0.00424
0.00729
0.01177
0.02912
0.01586
0.008347
0.02212
0.011437
0.003046
0.005165
0.00837
0.012491
0.0059
0.007924
0.006523
0.011905
0.011177
0.008657
0.014758
0.010312
0.002483
0.008457
0.008507
0.009023
0.008494
0.002831
0.006895
0.007302
0.008715
0.009072
0.008259
0.00811
0.011692
0.007704
0.009097
0.004196
0.017986
0.009095
0.005334
0.015336
0.009015
0.010642
0.002384
0.016401
0.015245
0.008866
0.010397
0.030518
0.009268
0.010387
0.00567
0.006417
0.007922
0.008359