
0
0
0.000127938
1.26533e-07
1.26533e-07
0.0003838
0.0003838
0.000596907
0.00051179
0.00051179
0.000596593
0.000638911
0.000934829
0.00504174
0.00504174
0.00504176
0.00504176
0.00500111
0.00496051
0.00500094
0.00500094
0.00500121
0.00500121
0.00516036
0.00516036
0.00504493
0.00500564
0.00500564
0.00518475
0.000512048
0.000936302
0.000810674
0.000852431
0.0904825
0.123483
0.156483
0.156233
0.185112
0.172365
0.191942
0.21659
0.23418
0.118706
0.123559
0.214955
0.214955
0.184242
0.184242
0.119797
0.0884386
0.0884386
0.0589024
0.106891
0.105038
0.101805
0.109435
0.0809604
0.0380243
0.0349888
0.106663
0.146566
0.156232
0.156232
0.156258
0.156065
0.156065
0.155937
0.155995
0.156024
0.155981
0.155981
0.155924
0.155871
0.155873
0.15585
8.52557e-05
0.000509232
0.000424552
0.000262618
0.000301773
0.0537149
0.0810507
0.0516627
0.0439866
0.0463181
0.0463181
0.210148
0.155456
0.157227
0.157227
0.165108
0.166008
0.0633123
0.0373876
0.0153043
0.013213
0.0659691
0.00790528
0.014654
0.0359117
0.0241841
0.0660002
0.00717393
0.0282596
0.0189267
0.0438049
0.0748314
0.0471765
0.00755846
0.050852
0.0166376
0.020261
0.0165448
0.0250432
0.0410585
0.0515268
0.0375271
0.0455723
0.0291799
0.0493207
0.0512817
0.00448288
0.0491873
0.0089122
0.0583722
0.0378724
0.0629038
0.0550561
0.0673983
0.059221
0.0513368
0.055812
0.0603276
0.0160807
0.0160807
0.00740207
0.00740207
0.00449432
0.00449432
0.0156405
0.00768391
0.00921006
0.0863837
0.0564517
0.0265503
0.0341583
0.0545548
0.037558
0.037558
0.0703689
0.0450236
0.00309958
0.0231076
0.00339448
0.0064959
0.00799234
0.00412352
0.0659984
0.0180997
0.00374489
0.0320176
0.0195
0.0332915
0.0090587
0.0224711
0.00631613
0.0594767
0.0149598
0.0350614
0.0100251
0.0300461
0.0173421
0.0360656
0.00483845
0.0163697
0.0100298
0.0397377
0.0328057
0.0453197
0.0144469
0.0258922
0.0659946