
2e-06
1e-06
3e-06
1e-06
1e-06
1e-06
1e-06
1e-06
3e-06
1e-06
1e-06
1e-06
1e-06
1e-06
1e-06
1e-06
2e-06
1e-06
1e-06
1e-06
1e-06
1e-06
1e-06
1e-06
1e-06
1e-06
1e-06
1e-06
1e-06
1e-06
1e-06
1e-06
2e-06
1e-06
1e-06
1e-06
1e-06
1e-06
1e-06
1e-06
1e-06
1e-06
1e-06
1e-06
2e-06
1e-06
1e-06
1e-06
0
1e-06
1e-06
1e-06
1e-06
3e-06
2e-06
1e-06
1e-06
1e-06
2e-06
2e-06
1e-06
2e-06
1e-06
1e-06
3e-06
2e-06
2e-06
1e-06
2e-06
1e-06
1e-06
1e-06
2e-06
3e-06
1e-06
0.022459
0.022832
0.0627
0.023341
0.02315
0.020527
0.021643
0.023101
0.022818
0.019701
0.019633
0.022135
0.019373
2e-06
0.021481
0.023228
0.02325
0.019522
0.022776
0.019866
0.020458
0.058158
0.022602
0.025839
0.019308
0.019674
0.018939
0.019511
0.022594
0.022566
0.065001
1e-06
2e-06
0.022893
0.023163
0.025292
1e-06
1e-06
1e-06
1e-06
1e-06
2e-06
1e-06
1e-06
1e-06
1e-06
1e-06
1e-06
1e-06
1e-06
1e-06
1e-06
2e-06
5.7e-05
1e-06
1e-06
1e-06
1e-06
2e-06
0.019584
0.02248
0.019658
0.019933
0.021236
0.021341
0.020403
1e-06
2e-06
1e-06
2e-06
0.024256
0.064478
0.021945
1e-06
1e-06
2e-06
2e-06
1e-06
1e-06
2e-06
2e-06
2e-06
2e-06
2e-06
2e-06
1e-06
1e-06
1e-06
1e-06
2e-06
1e-06
2e-06
1e-06
0.02538
0.021666
0.021503
0.021882
0.022833
2e-06
1e-06
0.02437
0.015138
0.014806
0.024597
0.025853
0.025431
0.033214
0.02658
2e-06
2e-06
0.022324
0.091939
0.03186
2e-06
1e-06
1e-06
2e-06
2e-06
4e-06
2e-06
2e-06
2e-06
0.024936
1e-06
0.04133
1e-06
1e-06
1e-06
2e-06
2e-06
1e-06
2e-06
2e-06
1e-06
0.021357
0.023137
0.022392
0.024556
0.024728
0.026818
0.023763
0.027407
0.025826
0.026498
0.024091
0.022214
0.025541
0.064093
0.079635
0.025847
0.064146
0.026971
0.024464
1e-06
1e-06
4e-06
0.030249
0.027208
0.028996
0.024638
0.025372
0.024801
1e-06
1e-06
2e-06
3e-06
2e-06
1e-06
1e-06
2e-06
2e-06
2e-06
1e-06
3e-06
4e-06
1e-06
2e-06
1e-06
1e-06
3e-06
3e-06
0.00019
4e-06
3e-06
3e-06
2e-06
2e-06
2e-06
2e-06
2e-06
2e-06
2e-06
4e-06
2e-06
2e-06
2e-06
1e-06
2e-06
0.068147
4e-06
2e-06
1e-06
2e-06
1e-06
2e-06
3e-06
3e-06
3e-06
1e-06
2e-06
3e-06
2e-06
2e-06
3e-06
2e-06
3e-06
3e-06
2e-06
1e-06
1e-06
2e-06
0.015379
0.025994
0.019125
0.058298
0.0384
2e-06
2e-06
2e-06
2e-06
2e-06
0.072738
0.014519
0.055326
0.018422
0.015783
0.017036
1e-06
0.042696
0.016535
0.016367
0.016364
0.015308
0.053621
0.054234
0.065596
0.053715
0.02275
0.086398
0.01509
0.075466
0.015485
0.053094
0.068164
0.022892
0.025758
0.026458
0.0593
0.065557
0.057584
0.024238
0.071943
0.051356
0.013671
0.013368
0.013357
0.01411
0.014012
0.014555
0.015908
0.06811
0.063108
0.058839
0.012531
0.069685
0.020737
0.014492
0.014258
0.014975
0.036547
0.012789
0.012812
0.060054
0.061483
0.017004
0.013339
0.065735
0.0166
0.016262
0.016862
0.016856
0.029556
0.020159
0.020194
0.019855
0.020802
0.019886
0.074283
0.021345
0.01889
0.019239
0.020106
0.019019
0.020161
0.018873
0.017348
0.016808
0.015766
0.01872
0.018248
0.019832
0.083145
0.017166
0.017061
0.017016
0.079444
0.022648
0.018907
0.018154
0.018008
0.017312
0.013025