
0.014184
0.009534
0.008403
0.016123
0.007254
0.008571
0.013916
0.014486
0.008245
0.008029
0.013884
0.010278
0.013869
0.013596
0.006682
0.013616
0.006779
0.006311
0.007492
0.016692
0.013722
0.012554
0.007296
0.013061
0.00689
0.014584
0.005971
0.007618
0.006802
0.022464
0.020517
0.006203
0.011839
0.016875
0.006001
0.016085
0.007304
0.006551
0.007222
0.008496
0.009355
0.021283
0.014021
0.007696
0.007486
0.0149
0.015659
0.00743
0.007824
0.008188
0.016964
0.014418
0.009695
0.012358
0.039579
0.009167
0.010347
0.017286
0.012155
0.014191
0.010338
0.012134
0.008862
0.010231
0.009926
0.013049
0.012865
0.013563
0.022024
0.008805
0.007964
0.011788
0.011453
0.012477
0.010188
0.040503
0.032951
0.073513
0.040669
0.03299
0.029611
0.029686
0.033254
0.030649
0.028449
0.026947
0.041215
0.026903
0.017358
0.039744
0.036386
0.03114
0.027766
0.036231
0.038812
0.031614
0.069895
0.031338
0.034467
0.028577
0.030743
0.029144
0.039759
0.034254
0.048823
0.076374
0.012817
0.009094
0.030413
0.031357
0.035984
0.009733
0.007499
0.009611
0.007398
0.008437
0.007496
0.006989
0.009961
0.00772
0.008056
0.009084
0.008195
0.011407
0.010611
0.007359
0.012593
0.00782
0.009313
0.007609
0.009075
0.007585
0.007722
0.00717
0.030227
0.036374
0.027365
0.032659
0.028289
0.029349
0.037771
0.008815
0.007344
0.008454
0.007321
0.033915
0.086241
0.029041
0.008304
0.008206
0.010244
0.009144
0.009197
0.00862
0.009345
0.008977
0.009838
0.011508
0.012538
0.009023
0.008558
0.009097
0.009364
0.01025
0.010267
0.011079
0.009231
0.011668
0.036461
0.029447
0.029125
0.02942
0.030242
0.008467
0.008921
0.031304
0.022779
0.02343
0.040716
0.041093
0.044012
0.04793
0.039333
0.014762
0.013642
0.034695
0.139557
0.041699
0.009233
0.008595
0.019835
0.008958
0.018177
0.015521
0.011918
0.019225
0.008487
0.035027
0.012278
0.04969
0.008625
0.009316
0.014794
0.021814
0.007967
0.015058
0.009381
0.015513
0.023316
0.030846
0.030366
0.039937
0.033241
0.040211
0.035531
0.037816
0.034934
0.034296
0.034971
0.0333
0.028985
0.032102
0.075542
0.11297
0.037111
0.091124
0.042331
0.036759
0.007775
0.006442
0.026948
0.048557
0.062201
0.04255
0.049803
0.035579
0.040598
0.012564
0.011686
0.017968
0.014825
0.012153
0.010671
0.010802
0.026039
0.020247
0.010048
0.009867
0.019147
0.011693
0.042014
0.015309
0.008813
0.007924
0.011094
0.024049
0.012894
0.018876
0.01407
0.023424
0.008418
0.030822
0.014817
0.015857
0.011895
0.035775
0.015903
0.039981
0.015434
0.012428
0.017348
0.009467
0.007513
0.082805
0.017407
0.015314
0.007202
0.014731
0.020202
0.01229
0.016293
0.027367
0.01494
0.012072
0.013272
0.017112
0.01322
0.009941
0.039396
0.023383
0.01245
0.023089
0.010765
0.016158
0.010405
0.022474
0.029741
0.036272
0.030148
0.078206
0.046185
0.024329
0.009709
0.02734
0.009473
0.020023
0.108003
0.023602
0.088437
0.035051
0.032455
0.027166
0.007953
0.054497
0.039968
0.026028
0.037691
0.02459
0.078924
0.091446
0.120245
0.082303
0.032332
0.144765
0.028901
0.100436
0.032135
0.08298
0.093306
0.034327
0.047313
0.050524
0.090974
0.092213
0.070653
0.036177
0.087705
0.063802
0.020301
0.024487
0.022822
0.02272
0.033983
0.02105
0.025846
0.084222
0.10252
0.080705
0.026908
0.111427
0.04536
0.021043
0.024324
0.031222
0.060386
0.02475
0.03004
0.073669
0.085523
0.034835
0.028233
0.095973
0.034808
0.021915
0.031629
0.034055
0.04675
0.034911
0.026163
0.033781
0.035784
0.034963
0.094458
0.035675
0.035079
0.042072
0.03762
0.037377
0.028203
0.05127
0.033002
0.028944
0.041166
0.033881
0.035687
0.025413
0.110556
0.0373
0.034091
0.035044
0.120767
0.035254
0.037119
0.026424
0.032639
0.033309
0.024197