
1.5163e+09
0.015804
0.011232
0.010069
0.01794
0.008988
0.010801
0.015686
0.016222
0.009924
0.009755
0.01575
0.012067
0.015865
0.015496
0.008562
0.015503
0.008626
0.008178
0.009202
0.018436
0.015617
0.014345
0.008965
0.014736
0.008527
0.016065
0.007456
0.009124
0.008153
0.024017
0.022821
0.007782
0.013505
0.018531
0.007673
0.017773
0.008802
0.008037
0.008576
0.009888
0.010774
0.022711
0.015677
0.009405
0.009142
0.01657
0.017491
0.009249
0.009582
0.009968
0.020715
0.053336
0.059624
0.055303
0.059955
0.035767
0.047389
0.052152
0.049603
0.053939
0.055572
0.036843
0.052847
0.049262
0.061956
0.045532
0.045341
0.065776
0.040534
0.038147
0.051398
0.058526
0.04379
0.049973
0.158823
0.071364
0.063438
0.104226
0.072029
0.057287
0.053797
0.060006
0.063387
0.05517
0.051566
0.043337
0.055514
0.13769
0.046576
0.071495
0.067219
0.056035
0.057962
0.060006
0.067919
0.055486
0.10478
0.056659
0.058948
0.051828
0.055037
0.053815
0.056374
0.051876
0.138931
0.113805
0.05072
0.04324
0.061039
0.061842
0.060282
0.014625
0.04597
0.048534
0.097544
0.030381
0.011777
0.06754
0.051154
0.049317
0.049732
0.049512
0.050203
0.050647
0.036276
0.054126
0.107071
0.082582
0.013783
0.0731
0.094028
0.034413
0.034721
0.014532
0.116402
0.064155
0.054773
0.060451
0.056682
0.057809
0.062483
0.034676
0.036276
0.037852
0.052516
0.064648
0.247361
0.059352
0.050242
0.049344
0.052961
0.048649
0.05
0.050821
0.050306
0.049486
0.050575
0.09141
0.038377
0.064846
0.037159
0.011591
0.093973
0.041755
0.015702
0.053044
0.079842
0.053914
0.165778
0.057775
0.057767
0.059082
0.110354
0.013104
0.069051
0.048896
0.032549
0.10487
0.201387
0.074999
0.117687
0.069815
0.058818
0.03981
0.044287
0.193789
0.180922
0.074356
0.043021
0.085009
0.060795
0.037268
0.104173
0.050039
0.044986
0.047221
0.014419
0.097029
0.084756
0.060958
0.129787
0.027537
0.040056
0.048304
0.013477
0.089685
0.03459
0.020809
0.058278
0.054468
0.054364
0.065064
0.058849
0.066418
0.056359
0.063926
0.060429
0.060335
0.055368
0.053802
0.042842
0.046313
0.253604
0.147838
0.062938
0.127654
0.068488
0.063271
0.03465
0.082848
0.223206
0.244409
0.092602
0.065546
0.077935
0.064955
0.06877
0.041727
0.080356
0.044103
0.036895
0.019016
0.167191
0.068947
0.05112
0.045013
0.017585
0.05166
0.093307
0.032582
0.05999
0.019677
0.037162
0.058277
0.047787
0.051558
0.050415
0.049999
0.050532
0.047046
0.048426
0.040552
0.210674
0.029715
0.054474
0.060313
0.08111
0.079286
0.04364
0.038867
0.135664
0.024742
0.09416
0.155973
0.038627
0.020144
0.055356
0.031011
0.051453
0.090945
0.044672
0.051884
0.021222
0.060089
0.067548
0.034774
0.030942
0.050943
0.05916
0.03271
0.048563
0.199618
0.02369
0.045308
0.056114
0.193293
0.085724
0.05168
0.043821
0.138853
0.097376
0.042943
0.024339
0.04671
0.04384
0.233486
0.122575
0.048973
0.10002
0.180115
0.045766
0.051314
0.11243
0.061189
0.050337
0.180967
0.050862
0.040917
0.227295
0.153142
0.270942
0.093447
0.245733
0.289181
0.198984
0.249112
0.16477
0.147949
0.110358
0.088416
0.222016
0.065269
0.154025
0.28823
0.082274
0.214817
0.236323
0.214594
0.030293
0.050723
0.050237
0.050198
0.049967
0.050983
0.089076
0.139209
0.11798
0.199005
0.082945
0.133319
0.056306
0.02694
0.058368
0.095879
0.070322
0.050339
0.19793
0.126305
0.099741
0.046174
0.090809
0.113868
0.046354
0.042779
0.050281
0.225203
0.060125
0.049666
0.050223
0.049883
0.0431
0.242571
0.128653
0.048422
0.047323
0.054682
0.049969
0.050386
0.033487
0.057185
0.173139
0.039911
0.053249
0.048079
0.04331
0.061419
0.280744
0.047799
0.051113
0.094259
0.137539
0.048341
0.048536
0.050169
0.048632
0.104964