
0.001437
0.001758
0.009321
0.014552
0.012336
0.0123
0.009697
0.011128
0.010753
0.014606
0.018874
0.007514
0.010194
0.009616
0.01959
0.016119
0.011681
0.026214
0.010081
0.007835
0.008749
0.016461
0.01025
0.010433
0.010049
0.025019
0.024149
0.024266
0.025296
0.018212
0.018258
0.02423
0.024197
0.0186
0.01746
0.010814
0.008101
0.009887
0.023272
0.026325
0.025129
0.018935
0.024554
0.018114
0.021465
0.018374
0.027161
0.019675
0.019116
0.01788
0.01883
0.019248
0.011074
0.011957
0.016306
0.030264
0.030905
0.024719
0.025148
0.025054
0.018707
0.018413
0.017084
0.017192
0.016774
0.024175
0.02467
0.024743
0.024419
0.023921
0.023957
0.024242
0.01058
0.012609
0.02228
0.022451
0.022618
0.066373
0.022308
0.024314
0.065272
0.022429
0.022091
0.022913
0.022504
0.022526
0.018484
0.017675
0.022986
0.023649
0.025757
0.025117
0.016627
0.023244
0.023397
0.022633
0.025658
0.024043
0.02402
0.025009
0.025121
0.024668
0.025037
0.066563
0.015398
0.023512
0.055519
0.025413
0.023137
0.052907
0.034174
0.023147
0.023489
0.02374
0.023723
0.026242
0.016768
0.012106
0.052307
0.022978
0.026124
0.065377
0.012696
0.012366
0.012595
0.006788
0.069781
0.033228
0.026272
0.027262
0.06875
0.032755
0.020807
0.074222
0.026149
0.023543
0.021069
0.055569
0.065413
0.005135
0.005465
0.01205
0.018427
0.020582
0.055955
0.019256
0.017541
0.017855
0.018192
0.018935
0.01927
0.019571
0.014122
0.019584
0.019279
0.019511
0.013396
0.014248
0.007678
0.007921
0.006407
0.024681
0.019474
0.026903
0.019213
0.019339
0.019951
0.066834
0.012433
0.009538
0.021494
0.014694
0.020176
0.021317
0.020097
0.020865
0.059762
0.014046
0.010451
0.009827
0.051931
0.016756
0.016455
0.016348
0.059802
0.012415
0.010994
0.009979
0.016341
0.014297
0.015775
0.015999
0.016242
0.016644
0.01379
0.013341
0.003316
0.004624
0.009301
0.013297
0.014602
0.052797
0.023116
0.019635
0.009466
0.006236
0.010336
0.05352
0.061666
0.013798
0.020191
0.010285
0.01144
0.051988
0.018817
0.016554
0.023519
0.047695
0.011901
0.011783
0.012865
0.013092
0.003217
0.003363
0.003483
0.008124
0.002629
0.005349
0.005322
0.051112
0.010063
0.008955
0.053708
0.046391
0.012369
0.009022
0.009733
0.003036
0.003143
0.008946
0.008357
0.003588
0.002745
0.008773
0.009787
0.064211
0.002219
0.002407
0.002755
0.008697
0.006008
0.053048
0.004646
0.003818
0.007897
0.003797
0.002247
0.004156
0.002453
0.056254
0.011338
0.049234
0.002886
0.009847
0.052888
0.004354
0.004065
0.002181
0.00392
0.004062
0.006815
0.007291
0.007456
0.007241
0.007703
0.007996
0.047455
0.050424
0.00444
0.003004
0.052193
0.014045
0.007632
0.007729
0.052853
0.006915
0.006931
0.001938
0.048193
0.009882
0.006832
0.046988
0.011948
0.008262
0.002296
0.002575
0.002249
0.009657
0.009153
0.009402
0.009226
0.002418
0.002586
0.020395
0.009325
0.008863
0.009136
0.008881
0.00942
0.002088
0.002226
0.002349
0.008004
0.008795
0.008945
0.002334
0.008555
0.004212
0.007706
0.008523
0.052416
0.012145
0.009651
0.00836
0.00921
0.00836
0.002319
0.007083