
185
190
20
18
60
129
226
129
169
445
169
20
14
201
170
190
185
185
165
19
165
140
110
204
118
117
110
175
51
204
136
103
86
114
172
133
51
136
169
194
86
112
118
110
169
186
172
175
186
142
186
15
175
195
108
101
154
134
101
123
186
123
164
112
155
221
110
221
110
191
110
93
191
91
93
191
105
191
218
96
218
99
191
103
191
92
112
91
187
99
91
100
302
74
154
175
163
155
112
155
155
157
347
21
46
14
20
7
15
24
98
25
29
37
143
154
143
160
161
144
157
144
167
30
168
143
160
167
168
169
149
174
164
148
28
159
157
145
90
28
172
198
174
168
165
154
154
154
90
159
169
75
97
131
413
16
20
20
19
18
110
16
148
161
162
19
79
68
84
46
36
36
259
208
181
165
164
410
164
490
199
210
444
164
197
262
164
165
143
407
416
156
152
152
143
183
152
143
377
186
194
152
498
165
416
156
380
152
147
155
173
152
152
158
162
147
412
6
268
92
157
92
152
168
275
196
268
130
365
242
139
147
147
157
51
135
64
14
51
86
19
86
50
55
74
49
128
57
85
49
81
40
81
48
48
50
131
66
49
49
39
49
55
38
42
15
28
20
111
98
393
146
94
371
148
191
98
28
148
425
425
98
111
134
94
134
500
146
134
29
149
94
69
397
134
254
149
397
111
156
393
246
90
38
44
47
52
91
44
94
56
22
44
72
115
44
39
44
76
68
28
19
89
52
167
324
127
318
101
328
294
167
294
52
219
167
223
242
152
54
379
152
127
52
52
322
55
33
16
60
52
107
50
77
49
50
40
77
18
29
48
54
23
59
44
99
41
90
49
49
379
40
244
392
74
244
71
71
197
281
71
282
51
82
24
50
45
96
66
78
21
50
66
23
75
81
48
86
70
57
40
92
64
31
18
57
67
18
92
34
93
66
21
48
92
68
21
38
89
33
42
15
66
44
91
30
32
43
93
27
41
36
86
29
44
13
44
36
29
81
42
100
24
89
33
82
26
54
37
54
27
27
42
101
23
24
31
80
25
55
40
25
72
40
105
21
23
30
78
25
59
78
23
54
40
53
21
23
29
78
25
59
78
22
51
39
50
20
23
50
76
23
63
79
21
49
45
65
15
82
45
69
18
81
77
15
57
62
47
75
45
42
35
44
49
63
17
89
85
93
43
93
97
19
47
39
42
46
47
61
18
101
90
48
62
47
47
38
43
46
46
59
18
48
92
50
31
49
36
46
48
44
57
18
29
95
54
59
65
29
41
64
37
51
13
23
89
48
32
137
132
118
303
132
67
132
249
159
309
25
20
59
60
27
41
12
23
63
64
27
63
63
40
23
14
97
97
21
50
49
41
38
30
58
31
20
33
29
13
50
106
20
102
26
29
103
29
34
23
131
22
139
22
57
24
29
24
34
23
111
113
23
29
76
110
23
34
38
18
43
18
22
18
115
18
113
24
19
113
23
19
23
34
132
10
113
19
18
45
122
18
52
13
18
14
13
114
122
73
15
19
16
16
18
14
45
27
38
9
31
11
31
29
107
71
107
359
73
28
30
249
25
155
128
123
264