
185
190
170
158
166
129
226
129
169
445
110
175
169
204
136
103
209
114
172
133
109
190
201
123
164
190
190
169
210
190
149
223
149
95
148
152
68
341
86
187
159
157
145
90
154
172
198
174
168
165
149
149
181
172
237
404
201
148
161
162
171
168
142
198
368
428
181
212
165
166
159
156
152
153
277
416
247
169
155
152
162
147
412
141
268
371
157
367
152
168
266
135
399
136
220
365
172
361
293
117
270
128
392
337
224
360
189
356
297
109
111
98
393
146
94
371
148
191
98
135
156
255
377
71
105
133
377
195
200
129
132
52
390
60
88
232
63
387
324
149
128
371
108
193
86
107
70
309
107
70
120
389
105
197
78
99
71
315
113
74
123
286
108
78
77
96
289
309
67
78
120
290
373
81
72
92
182
140
93
81
119
295
373
60
70
89
98
142
90
273
116
296
62
71
67
86
100
141
89
141
115
303
59
223
64
82
97
141
121
141
114
303
57
287
62
80
95
142
125
87
114
307
55
285
61
78
94
143
192
85
114
185
55
284
60
78
93
143
191
85
113
186
54
283
165
76
92
144
194
85
285
197
48
82
161
69
86
154
195
79
286
70
58
179
193
63
82
159
203
93
289
68
63
182
191
61
118
225
205
119
289
67
65
182
190
59
117
117
209
122
292
65
67
185
188
57
115
58
210
125
303
58
70
196
181
51
108
52
210
126
290
50
141
143
171
41
101
41
165
64
256
84
129
57
166
33
109
33
103
226
244
279
244
57
371
29
229
34
252
221
113
259
244
86
365
22
223
258
243
224
118
228
56
95
363
18
249
286
114
241
122
359
74
9
380
11
303
250
107
131
164
242
129
32
121
29
141
118
179
135