
0.042662
0.009052
0.005001
0.004193
0.009652
0.003475
0.004077
0.008483
0.008918
0.004093
0.004018
0.008294
0.005726
0.008385
0.008165
0.003458
0.008147
0.00309
0.003458
0.003308
0.010391
0.007929
0.007704
0.00357
0.008059
0.003057
0.004099
0.003124
0.003066
0.003588
0.003158
0.004461
0.008615
0.003915
0.007884
0.002715
0.007148
0.007038
0.003161
0.002986
0.009714
0.003419
0.003153
0.003402
0.004254
0.004985
0.004031
0.009449
0.008521
0.003732
0.003752
0.003873
0.003836
0.009775
0.004083
0.003691
0.003878
0.004908
0.004101
0.008673
0.004909
0.005846
0.007048
0.019755
0.004507
0.004702
0.00313
0.005378
0.005809
0.007509
0.004468
0.005747
0.004817
0.004649
0.004336
0.006204
0.005697
0.00835
0.012988
0.004582
0.004368
0.005853
0.005169
0.006265
0.004754
0.038201
0.001284
0.001309
0.001811
0.003963
0.003721
0.001235
0.003504
0.001205
0.005006
0.003942
0.004608
0.004439
0.004498
0.003459
0.003539
0.00125
0.003399
0.00378
0.003195
0.006163
0.003737
0.003245
0.030598
0.001823
0.002127
0.003863
0.003886
0.001757
0.003544
0.005116
0.004003
0.002278
0.003204
0.003809
0.003144
0.003342
0.004383
0.003953
0.005613
0.005882
0.003732
0.004278
0.003213
0.001236
0.005761
0.005238
0.00292
0.004966
0.002459
0.0034
0.002883
0.004095
0.004969
0.00268
0.002414
0.037282
0.004623
0.005767
0.004139
0.00336
0.003211
0.005102
0.004677
0.003184
0.004676
0.003195
0.027743
0.003919
0.003326
0.002765
0.004457
0.003084
0.003139
0.00453
0.003323
0.005828
0.005508
0.002945
0.006519
0.031735
0.003307
0.028674
0.004019
0.003259
0.004206
0.002764
0.003161
0.002694
0.005373
0.003112
0.002896
0.003238
0.006783
0.002643
0.003207
0.004054
0.004
0.00366
0.003158
0.003764
0.003463
0.004065
0.012148
0.036714
0.00197
0.003065
0.001616
0.001772
0.001157
0.001724
0.001817
0.002768
0.001808
0.001846
0.002075
0.003478
0.003597
0.005103
0.004097
0.004171
0.003675
0.004042
0.003859
0.004643
0.004066
0.001697
0.005714
0.003643
0.028078
0.003778
0.004132
0.004382
0.004741
0.00487
0.005776
0.004006
0.005387
0.004016
0.001868
0.031536
0.001549
0.003301
0.003409
0.003381
0.002855
0.030493
0.003712
0.004155
0.002966
0.003527
0.00407
0.009683
0.042273
0.001558
0.001318
0.001804
0.001902
0.001827
0.003015
0.001785
0.003406
0.006883
0.001914
0.007749
0.002667
0.004503
0.0029
0.003958
0.002595
0.005586
0.003276
0.00489
0.002924
0.004981
0.00278
0.046124
0.022588
0.008038
0.004565
0.004615
0.003793
0.011812
0.004201
0.011219
0.008846
0.006442
0.011684
0.003929
0.005347
0.006862
0.003748
0.004556
0.049827
0.004998
0.008754
0.008843
0.003973
0.003588
0.003138
0.00478
0.004573
0.003205
0.004672
0.00819
0.004716
0.00436
0.003444
0.010314
0.00418
0.009049
0.003907
0.008129
0.003324
0.003665
0.004359
0.004956
0.003369
0.003163
0.005072
0.047876
0.00107
0.002284
0.002307
0.024415
0.006411
0.00946
0.005019
0.009068
0.006772
0.003411
0.003139
0.008362
0.007617
0.054024
0.003522
0.003481
0.002465
0.001213
0.003092
0.002212
0.002022
0.002314
0.003061
0.002285
0.008233
0.00282
0.054704
0.003502
0.003503
0.002409
0.003799
0.003133
0.002587
0.003263
0.002735
0.003222
0.002145
0.011964
0.002986
0.003242
0.003644
0.004499
0.002911
0.005959
0.003782
0.003357
0.002207
0.003221
0.002025
0.006424
0.003117
0.004234
0.002376
0.003655
0.002581
0.00666
0.002966
0.005016
0.002547
0.004157
0.002978
0.003828
0.001749
0.044732
0.001501
0.005281
0.016739
0.012586
0.004704
0.004497
0.004456
0.004796
0.005719
0.01834
0.007127
0.003087
0.003466
0.001629
0.004504
0.003508
0.005059
0.014365
0.006148
0.010596
0.007354
0.014658
0.004035
0.005297
0.012614
0.008662
0.044167
0.003861
0.002759
0.002064
0.002967
0.00322
0.003681
0.002365
0.003578
0.003341
0.001202
0.007298
0.00204
0.003677
0.002536
0.005371
0.009451
0.004704
0.002418
0.007103
0.001749
0.019941
0.004572
0.006075
0.00346
0.004543
0.002734
0.008152
0.001908
0.046872
0.003925
0.001287
0.003625
0.00728
0.009593
0.009427
0.003237
0.008756
0.003281
0.007938
0.007118
0.00911
0.012088
0.0048
0.008801
0.006485
0.007419
0.009734
0.006633
0.00463
0.015346
0.007635
0.00586
0.006463
0.006414
0.013561
0.04983
0.002541
0.002038
0.001302
0.003284
0.002157
0.00293
0.003505
0.002495
0.003388
0.003247
0.003843
0.002964
0.007238
0.002651
0.003694
0.002198
0.006738
0.004971
0.036795
0.002335
0.003358
0.00178
0.003334
0.001557
0.002868
0.003039
0.003429
0.003031
0.00319
0.008735
0.003909
0.001928
0.006354
0.011744
0.003306
0.010097
0.005008
0.00492
0.007541
0.009393
0.004643
0.012618
0.043091
0.002571
0.003629
0.001839
0.0031
0.002051
0.002498
0.003332
0.002554
0.001253
0.003177
0.018424
0.005134
0.003025
0.001778
0.016001
0.003738
0.007276
0.003865
0.035402
0.00251
0.003729
0.00194
0.004015
0.002064
0.002246
0.002544
0.001907
0.001775
0.003226
0.007611
0.002693
0.003981
0.001751
0.002168
0.002268
0.004065
0.002393
0.002212
0.00747
0.002381
0.002519
0.002846
0.002527
0.037702
0.002591
0.003891
0.001907
0.001771
0.001916
0.002353
0.0022
0.002136
0.001711
0.002497
0.005238
0.002131
0.002253
0.002328
0.002821
0.001902
0.007751
0.005437
0.03126
0.002667
0.003905
0.002022
0.003009
0.001968
0.002224
0.001939
0.002218
0.001651
0.002904
0.00576
0.007865
0.00455
0.004062
0.023508
0.014757
0.034856
0.002371
0.00383
0.001916
0.003556
0.00228
0.002202
0.001889
0.002339
0.002856
0.002223
0.014104
0.003506
0.003101
0.00191
0.03422
0.002489
0.004061
0.001918
0.001821
0.002184
0.002195
0.001973
0.002252
0.003097
0.001891
0.025235
0.013941
0.037126
0.002509
0.003926
0.001899
0.001967
0.002049
0.002057
0.002364
0.002407
0.003612
0.001859
0.005157
0.002565
0.031909
0.002463
0.002473
0.001845
0.001955
0.001947
0.002031
0.002054
0.002722
0.003822
0.001862
0.010692
0.004481
0.035936
0.002323
0.002187
0.002137
0.001992
0.002198
0.002008
0.001921
0.002475
0.003842
0.001733
0.007934
0.002357
0.035398
0.00252
0.003165
0.001672
0.002105
0.001941
0.001814
0.003511
0.003402
0.001783
0.012425
0.005329
0.011347
0.005006
0.003023
0.002745
0.009706
0.005007
0.03595
0.002459
0.002125
0.002756
0.002101
0.002142
0.001912
0.001642
0.00346
0.00359
0.004938
0.006679
0.00317
0.011905
0.00772
0.010867
0.004165
0.040014
0.002475
0.002174
0.003273
0.002203
0.002266
0.001829
0.001718
0.003831
0.004745
0.003087
0.00359
0.00357
0.00457
0.003132
0.035847
0.002561
0.002285
0.002927
0.002101
0.002161
0.001749
0.001737
0.003085
0.003766
0.003049
0.004083
0.003826
0.038246
0.002689
0.002253
0.003154
0.002334
0.002242
0.001771
0.001783
0.001901
0.004065
0.003151
0.00301
0.003554
0.039327
0.003692
0.001848
0.002855
0.003368
0.002025
0.001818
0.001596
0.001752
0.003919
0.003248
0.001907
0.001393
0.007393
0.005525
0.004389
0.008047
0.004895
0.002917
0.005523
0.009073
0.023572
0.012816
0.033715
0.002218
0.001788
0.003206
0.003505
0.001815
0.001662
0.001523
0.001214
0.003401
0.006571
0.002082
0.01791
0.008954
0.005429
0.003735
0.003724
0.003198
0.00184
0.001464
0.003708
0.001743
0.00664
0.004
0.006828
0.00292
0.003704
0.00176
0.004562
0.003278
0.004475
0.001611
0.003596
0.001801
0.033606
0.003102
0.002707
0.003133
0.002682
0.001627
0.001457
0.002759
0.001105
0.00302
0.003903
0.00427
0.003012
0.00927
0.006493
0.009282
0.002358
0.007026
0.002125
0.011617
0.008116
0.008242
0.002275
0.001458
0.001575
0.006713
0.002012
0.006726
0.004474
0.04599
0.00217
0.004767
0.001885
0.001868
0.001806
0.0019
0.001848
0.00407
0.006909
0.004063
0.006557
0.002189
0.001477
0.001559
0.005289
0.00371
0.005655
0.004045
0.006778
0.002179
0.046838
0.003442
0.002859
0.001688
0.006359
0.001755
0.001301
0.001813
0.004566
0.001861
0.004021
0.005296
0.005189
0.006431
0.001922
0.00642
0.004074
0.001287
0.008227
0.001513
0.002857
0.001381
0.004435
0.001587
0.003779
0.007292
0.004572
0.002964
0.001552
0.006517
0.008533
0.004271
0.001925
0.0073
0.002003
0.04439
0.003611
0.004114
0.001888
0.003276
0.001836
0.001368
0.001729
0.001579
0.004258
0.003807
0.003565
0.011071
0.001462
0.001714
0.001326
0.006869
0.001933
0.008609
0.001914
0.001374
0.001298
0.013094
0.003284
0.057261
0.003192
0.002722
0.003164
0.00111
0.002851
0.001224
0.002777
0.002819
0.003298
0.003973
0.008509
0.007013
0.004043
0.008244
0.0029
0.025375
0.00433
0.007375
0.008212
0.003029
0.004138
0.004483
0.004509
0.006154
0.004135
0.033485
0.006393