
2.18423
2.18423
2.18423
2.17587
2.17587
2.18423
2.18423
2.19035
2.18423
2.18423
2.18423
2.18423
2.18423
2.18423
2.18423
2.18423
2.18423
2.18423
2.18483
2.18423
2.18423
2.18423
2.18423
2.18423
2.16886
2.14897
2.1304
2.10473
2.08723
2.09986
2.11653
2.08105
2.48688
2.35506
2.23326
2.14643
2.13586
1.87946
1.49302
1.47277
1.3687
1.26261
1.19605
1.14077
1.24848
1.21111
1.76653
1.73408
1.74952
1.7227
1.69001
1.71237
1.70126
1.62734
1.62734
1.60025
1.58932
1.5671
1.5671
1.54487
1.51107
1.46756
1.43897
1.41595
1.3883
1.43691
1.36669
1.35652
1.356
1.33039
1.31472
1.32037
1.32037
1.33042
1.3213
1.34259
1.32145
1.27213
1.34209
1.29681
1.15507
1.1217
1.22408
1.2034
1.11037
1.08893
1.03541
0.984455
0.984455
1.0048
0.980187
0.970119
0.927786
0.879452
0.870646