
0.010521
0.005089
0.008916
0.009777
0.01011
0.014274
0.008602
0.004891
0.00635
0.004902
0.004793
0.00756
0.006056
0.00625
0.004756
0.003508
0.005642
0.011786
0.0043
0.005618
0.013781
0.003678
0.005739
0.005993
0.005652
0.00505
0.005984
0.004465
0.008211
0.005751
0.010251
0.006013
0.007007
0.006114
0.006209
0.005276
0.003791
0.005774
0.010846
0.004773
0.003469
0.008424
0.004895
0.005132
0.004801
0.004871
0.003536
0.006056
0.00766
0.00988
0.010605
0.006048
0.00801
0.015023
0.008199
0.008279
0.015416
0.007511
0.011689
0.007077
0.006527
0.008237
0.013553
0.007883
0.010215
0.013812
0.006277
0.014473
0.010688
0.008291
0.011757
0.007867
0.012194
0.018361
0.010037
0.01926
0.00781
0.009638
0.011835
0.004936
0.007481
0.008291
0.005933
0.006759
0.030363
0.011201
0.005622
0.004863
0.007026
0.029374
0.004947
0.01117
0.006135
0.006414
0.01301
0.007311
0.009233
0.005226
0.005883
0.013318
0.006711
0.007976
0.005993
0.019949
0.008082
0.005153
0.004475
0.011171
0.005162
0.003927
0.017621
0.005001
0.004917
0.004333
0.015677
0.004703
0.006297
0.009884
0.00451
0.015633
0.019177
0.004268
0.005141
0.00406
0.011467
0.004133
0.015038
0.009513
0.00532
0.017582
0.005057
0.005928
0.018622
0.018445
0.006034
0.008123
0.004338
0.01243
0.008463
0.010149
0.004486
0.005384
0.010116
0.004884
0.003889
0.011484
0.003678
0.008737
0.004137
0.03177
0.024319
0.004553
0.009314
0.003467
0.00334
0.00464
0.007829
0.011681
0.016472
0.00737
0.005708
0.005312
0.010078
0.004537
0.003505
0.007477
0.023052
0.005145
0.005234
0.00769
0.009344
0.007893
0.009418
0.009351
0.009223
0.004915
0.003457
0.005465
0.005998
0.005563
0.003642
0.008986
0.004416
0.003761
0.025833
0.004194
0.008991
0.009114
0.012407
0.008937
0.009169
0.004171
0.007165
0.006169
0.007336
0.023462
0.011208
0.005833
0.007591
0.003755
0.014585
0.007207
0.007748
0.030758
0.007602
0.015322
0.007906
0.006793
0.012881
0.004321
0.009874
0.00314
0.010529
0.012279
0.007875
0.013107
0.007729
0.010605
0.00587
0.008895
0.006132
0.004526
0.010932
0.005075
0.006672
0.011867
0.011004
0.0061
0.007457
0.007814
0.014414
0.008558
0.012178
0.011442
0.010672
0.00288
0.003388
0.00572
0.008212
0.007863
0.006409
0.003628
0.005105
0.010122
0.010635
0.006731
0.010562
0.002627
0.007139
0.002623
0.011945
0.008237
0.013105
0.003881
0.007402
0.009534
0.005073
0.013201
0.03174
0.007708
0.007861
0.010648
0.005177
0.002672
0.007229
0.009423
0.008577
0.006428
0.00889
0.011791
0.008418
0.008894
0.007927
0.007645
0.008083
0.002565
0.007416
0.004522
0.011004
0.031895
0.038131
0.032643
0.015713
0.007329
0.011397