
0.001125
0.001143
0.000992
0.000978
0.001109
0.00111
0.00102
0.000969
0.001022
0.001279
0.000894
0.000864
0.001012
0.001034
0.000964
0.000983
0.000878
0.000906
0.000775
0.000989
0.000891
0.001045
0.001022
0.000872
0.001666
0.001001
0.000888
0.000872
0.001018
0.001014
0.001102
0.000954
0.000997
0.00105
0.00118
0.001075
0.001156
0.000971
0.000995
0.000875
0.001005
0.001335
0.000837
0.001131
0.000893
0.000918
0.000931
0.000953
0.000966
0.001019
0.001259
0.00131
0.00146
0.001392
0.001499
0.001479
0.001573
0.001317
0.001871
0.001127
0.001498
0.001317
0.00164
0.001344
0.001588
0.001678
0.001617
0.002158
0.001532
0.001602
0.001923
0.001273
0.001174
0.002434
0.002048
0.001066
0.001056
0.001397
0.001236
0.001121
0.001887
0.001061
0.001038
0.001216
0.003425
0.00096
0.001006
0.001067
0.001165
0.00202
0.00145
0.001073
0.001098
0.00139
0.002236
0.001223
0.00121
0.001061
0.001033
0.001485
0.000869
0.001569
0.001291
0.001047
0.001057
0.000991
0.000962
0.001157
0.000996
0.001186
0.001119
0.00095
0.001317
0.001154
0.001737
0.000961
0.00116
0.00112
0.000968
0.001248
0.001416
0.000937
0.000981
0.000953
0.001018
0.000951
0.000872
0.001046
0.001051
0.001278
0.001183
0.001673
0.001994
0.0017
0.000969
0.001132
0.00109
0.0011
0.001024
0.000972
0.000959
0.001118
0.000991
0.001057
0.000957
0.000984
0.000896
0.001228
0.001037
0.003144
0.002113
0.000901
0.001072
0.000861
0.000928
0.001001
0.00103
0.001071
0.001622
0.000989
0.001024
0.000968
0.001103
0.000912
0.001087
0.001016
0.003601
0.001452
0.001128
0.001102
0.001066
0.001177
0.000927
0.001014
0.000976
0.001115
0.000993
0.000983
0.001088
0.001566
0.000935
0.001454
0.001124
0.001
0.003374
0.000963
0.000945
0.001127
0.001343
0.001322
0.001182
0.000922
0.001314
0.001102
0.00095
0.001657
0.00145
0.001656
0.001282
0.00128
0.001507
0.000943
0.000912
0.003341
0.001006
0.001096
0.000976
0.001119
0.001297
0.001143
0.001072
0.000952
0.000988
0.001444
0.001048
0.001107
0.001019
0.000929
0.00091
0.000959
0.000921
0.000989
0.00168
0.001106
0.000841
0.001042
0.001338
0.001035
0.000874
0.001205
0.001024
0.001075
0.001355
0.001141
0.001039
0.001026
0.000894
0.001132
0.001169
0.001062
0.001091
0.00096
0.001002
0.001152
0.001325
0.000948
0.000956
0.000915
0.000931
0.000927
0.001538
0.001255
0.001326
0.001152
0.000893
0.000953
0.001066
0.001187
0.002909
0.001187
0.001121
0.001033
0.000944
0.001123
0.001543
0.001064
0.000991
0.000897
0.001034
0.001448
0.001872
0.001082
0.00092
0.000936
0.001008
0.001001
0.001039
0.000943
0.001983
0.003603
0.0038
0.004274
0.00202
0.002616
0.001471