
0.0239884
0.0533524
0.0358574
0.0806305
0.0943495
0.0969317
0.101429
0.0369126
0.0132542
0.0318162
0.0370306
0.0525887
0.045368
0.0571297
0.0500621
0.0966811
0.084862
0.0858009
0.0861881
0.0861881
0.0915147
0.0882783
0.0883579
0.0883579
0.0915012
0.0881666
0.0911313
0.0911313
0.0951935
0.0943829
0.0672062
0.0586844
0.0143514
0.0223183
0.0223183
0.0455116
0.272262
0.292818
0.287815
0.279092
0.297664
0.307553
0.302704
0.294484
0.31214
0.00622909
0.00726567
0.0193856
0.0108702
0.0192243
0.0171173
0.0199909
0.0215213
0.0281291
0.0281291
0.0285799
0.0422044
0.0146576
0.0345608
0.0292135
0.0243877
0.0190745
0.0375704
0.0375704
0.0328945
0.0453648
0.0334616
0.0407005
0.066
0.0298006
0.0384534
0.0178893
0.00972286
0.0258766
0.0155004
0.0385205
0.00511926
0.0119433
0.0155417
0.0094389
0.0166228
0.0125545
0.0326067
0.0291658
0.00171066
0.00489896
0.00470197
0.026213
0.00797945
0.0184937
0.0615278
0.0244758
0.0324646
0.0199957
0.0277644
0.00405837
0.0232408
0.0232408
0.0311446
0.0269783
0.0362379
0.0143222
0.0187872
0.00665756
0.0139374
0.0115419
0.0217163
0.0659999
0.0158183
0.0228016
0.0720624
0.0517374
0.0897283
0.0821073
0.0821073
0.049124
0.0616981
0.0541246
0.0794441
0.0353722
0.0353722
0.0557916
0.0174528
0.0249931
0.0249931
0.0322776
0.0322776
0.0397753
0.0397753
0.0345224
0.0345224
0.0736684
0.0228785
0.0430414
0.0302053
0.0249095
0.0249095
0.0450724
0.0323216
0.0268983
0.0268983
0.0471889
0.0343954
0.0417649
0.0533768
0.00275394
0.00465901
0.00465901
0.000727704
0.000727704
0.0060199
0.0060199
0.0013599
0.0013599
0.00403129
0.00403129
0.0107642
0.0419022
0.00890231
0.00890231
0.0144114
0.0144114
0.00700023
0.00700023
0.0861209
0.0295219
0.0180784
0.0328599
0.0269668
0.0285279
0.0356844