
3e-06
1e-06
1e-06
1e-06
2e-06
1e-06
1e-06
1e-06
2e-06
3e-06
1e-06
1e-06
1e-06
1e-06
1e-06
1e-06
2e-06
1e-06
1e-06
1e-06
1e-06
1e-06
1e-06
1e-06
1e-06
1e-06
1e-06
1e-06
1e-06
1e-06
1e-06
1e-06
2e-06
1e-06
1e-06
1e-06
1e-06
1e-06
1e-06
1e-06
1e-06
1e-06
1e-06
1e-06
1e-06
1e-06
1e-06
1e-06
1e-06
1e-06
0
1e-06
2e-06
2e-06
2e-06
1e-06
2e-06
2e-06
1e-06
1e-06
2e-06
2e-06
2e-06
2e-06
4e-06
2e-06
3e-06
3e-06
2e-06
2e-06
5e-06
2e-06
1e-06
4e-06
5e-06
0.021414
0.024423
0.066482
0.030431
0.021596
0.07576
0.02953
0.018077
0.02097
0.071645
0.02026
0.021732
0.022537
0.021858
0.063207
0.045599
2e-06
2e-06
2e-06
4e-06
2e-06
3e-06
1e-06
1e-06
3e-06
0.019152
0.035438
0.024124
0.016514
0.01692
0.016488
0.01624
0.015629
0.017295
0.01744
0.016075
0.017798
0.080629
0.019324
0.027174
0.015455
2e-06
2e-06
2e-06
3e-06
2e-06
2e-06
0.022327
0.022188
0.021567
0.020008
1e-06
2e-06
5.7e-05
2e-06
2e-06
3e-06
4e-06
3e-06
2e-06
1e-06
2e-06
2e-06
2e-06
1e-06
2e-06
3e-06
1e-06
1e-06
1e-06
1e-06
1e-06
1e-06
1e-06
7e-06
0.055921
0.018615
0.016179
0.017689
0.020273
0.015792
0.012985
0.014694
0.055363
0.016945
0.016501
0.017495
0.017333
0.017063
0.020773
0.014557
0.063168
0.027203
0.016361
0.01548
0.015411
0.017048
0.016945
0.017316
0.01673
0.017048
0.015891
0.01743
0.020788
0.03491
0.015935
0.01421
0.012295
0.011621
0.061859
0.017672
0.012068
0.014742
0.053714
0.0384
0.015563
0.014942
0.015152
0.021007
0.015012
0.051709
0.02079
0.032516
0.063824
0.029628
0.072486
0.022165
0.015718
0.061981
0.013495
0.014512
0.01623
0.016979
0.016954
0.016959
0.016397
0.016278
0.016095
0.033032
0.050069
0.01804
0.017405
0.017902
0.016299
0.017438
0.017015
0.016391
0.082423
0.04718
0.014662
0.015229
0.02615
0.015281
0.014752
0.014205
0.014311
0.014097
0.055118
0.012946
0.012828
0.0148
0.013418
0.015412
0.015308
0.015789
0.015922
0.014001
0.014727
0.013847
0.054352
0.012688
0.012809
0.013856
0.012802
0.012787
0.017076
0.017097
0.016462
0.017028
0.012221
0.013621
0.013603
0.012802
0.059048
0.018904
0.015198
0.012187
0.014061
0.014447
0.021155
0.01734
0.013504
0.014192
0.014991
0.052502
0.071482
0.022218
0.012867
0.014854
0.013906
0.01375
0.014396
0.013771
0.056538
0.068664
0.073753
0.070585
0.062067
0.072755
0.065255