
0.014311
0.007434
0.011184
0.013185
0.015071
0.018968
0.013515
0.007425
0.008882
0.006748
0.00688
0.010871
0.008872
0.008858
0.00699
0.005485
0.008137
0.017505
0.006218
0.008098
0.0193
0.006023
0.008227
0.008482
0.008031
0.007224
0.008461
0.006663
0.012904
0.008278
0.014481
0.008708
0.010307
0.008177
0.008544
0.007639
0.00564
0.00832
0.014636
0.007092
0.005426
0.012973
0.007337
0.007499
0.0075
0.007132
0.005512
0.00858
0.010279
0.013134
0.015472
0.008697
0.01144
0.019858
0.012568
0.01208
0.021298
0.012282
0.018756
0.010286
0.011221
0.012975
0.018551
0.011865
0.01414
0.021978
0.010349
0.019174
0.014827
0.012918
0.015744
0.011326
0.016387
0.02713
0.014905
0.056114
0.037888
0.084039
0.054503
0.032121
0.093439
0.045077
0.030072
0.031527
0.163561
0.036141
0.030434
0.032183
0.03245
0.105271
0.056872
0.021141
0.01356
0.012679
0.028564
0.015031
0.013402
0.008253
0.008975
0.018173
0.028992
0.047825
0.032711
0.04468
0.02802
0.023522
0.023132
0.030532
0.025293
0.023594
0.040544
0.025007
0.088346
0.026841
0.048448
0.024728
0.011502
0.016567
0.006679
0.021433
0.025904
0.006215
0.029952
0.028348
0.037526
0.026978
0.020989
0.014495
0.008319
0.024844
0.007558
0.009335
0.023462
0.033388
0.012583
0.014802
0.010121
0.022358
0.014978
0.017788
0.008641
0.011408
0.018554
0.010312
0.009276
0.022885
0.009752
0.017071
0.007551
0.046103
0.087658
0.024793
0.028724
0.022997
0.025796
0.022905
0.02431
0.031588
0.076382
0.029546
0.02849
0.02867
0.033936
0.026081
0.028247
0.027173
0.101165
0.038264
0.025669
0.0293
0.032225
0.030385
0.033337
0.033511
0.033096
0.026622
0.024274
0.028805
0.030231
0.046325
0.021453
0.026976
0.021723
0.019549
0.102927
0.026637
0.026951
0.030373
0.0794
0.052823
0.034278
0.023237
0.03045
0.033161
0.027824
0.0949
0.03992
0.046227
0.077544
0.037941
0.100379
0.033667
0.028561
0.112566
0.026906
0.043657
0.030983
0.029176
0.040039
0.025522
0.032518
0.023995
0.034916
0.054013
0.064731
0.041694
0.030756
0.040226
0.029866
0.032141
0.030139
0.026203
0.104681
0.058081
0.023527
0.034886
0.042308
0.026961
0.026727
0.02611
0.038752
0.02563
0.071647
0.03458
0.03411
0.021242
0.020742
0.027945
0.029132
0.031317
0.028682
0.021798
0.026313
0.032913
0.072909
0.026654
0.034252
0.019608
0.022603
0.018701
0.041442
0.031169
0.041998
0.025283
0.026478
0.031252
0.025122
0.03984
0.105683
0.038154
0.030893
0.031061
0.026372
0.020201
0.031541
0.03556
0.03036
0.027616
0.029745
0.075017
0.090424
0.039673
0.028708
0.030184
0.027495
0.019152
0.029624
0.023916
0.084444
0.111315
0.119343
0.108471
0.0867
0.090902
0.080975