
1.5163e+09
0.015932
0.009077
0.012792
0.014902
0.016755
0.020618
0.01492
0.008823
0.010704
0.008202
0.00837
0.012398
0.010346
0.010265
0.0084
0.006844
0.009483
0.018955
0.00769
0.009575
0.020804
0.007517
0.009706
0.009943
0.009409
0.008534
0.009785
0.00796
0.014192
0.009644
0.015861
0.010109
0.01171
0.009571
0.009944
0.009036
0.007006
0.009688
0.016149
0.008581
0.006822
0.014382
0.008609
0.008751
0.008625
0.008238
0.006579
0.009643
0.011378
0.014325
0.018156
0.055334
0.054631
0.050418
0.050286
0.055488
0.051076
0.050642
0.044686
0.054651
0.046523
0.045964
0.049542
0.054281
0.050389
0.050058
0.052145
0.043911
0.057206
0.068931
0.030619
0.04368
0.069727
0.060313
0.169128
0.085854
0.068899
0.130116
0.076919
0.111273
0.125965
0.182746
0.05853
0.061328
0.205907
0.062208
0.057387
0.057793
0.057783
0.463693
0.090082
0.056833
0.086737
0.097003
0.056807
0.224368
0.04106
0.043229
0.075285
0.04218
0.088784
0.074066
0.04917
0.061168
0.044385
0.039706
0.046343
0.051222
0.049892
0.049375
0.056779
0.090523
0.099388
0.1878
0.073302
0.044081
0.052759
0.050631
0.055732
0.049855
0.045677
0.048612
0.051256
0.047827
0.056143
0.044641
0.048144
0.050853
0.051737
0.051717
0.041754
0.065092
0.256663
0.064206
0.051318
0.048695
0.053086
0.051975
0.037513
0.057098
0.049887
0.051209
0.034808
0.193484
0.028445
0.046824
0.052433
0.170328
0.064847
0.099477
0.112001
0.04173
0.050304
0.069757
0.038024
0.041741
0.04972
0.044528
0.217127
0.042654
0.0505
0.050133
0.049543
0.076511
0.040101
0.03106
0.160763
0.054099
0.029614
0.152696
0.04513
0.050512
0.049728
0.049994
0.049801
0.05028
0.050694
0.087488
0.088472
0.060201
0.04307
0.155124
0.032538
0.088664
0.12145
0.04403
0.044697
0.05005
0.29983
0.06449
0.049779
0.050317
0.111493
0.044149
0.050301
0.149408
0.226985
0.066779
0.127207
0.088691
0.115514
0.046646
0.050632
0.263416
0.040278
0.055825
0.034484
0.058541
0.052702
0.046613
0.050444
0.049737
0.090985
0.264415
0.076495
0.053734
0.046552
0.052712
0.046843
0.044533
0.259125
0.210013
0.30592
0.069088
0.050025
0.088429
0.053828
0.03016
0.037076
0.04016
0.050073
0.050419
0.215291
0.044886
0.050139
0.050293
0.050608
0.050613
0.049306
0.050372
0.048863
0.050261
0.049576
0.050474
0.205473
0.036118
0.05007
0.050185
0.049916
0.051933
0.054668
0.045603
0.054916
0.042869
0.050481
0.050015
0.045067
0.21893
0.118853
0.051076
0.038875
0.057589
0.050322
0.05244
0.050749
0.045741
0.050483
0.045515
0.050073
0.273872
0.108206
0.048451
0.044647
0.050084
0.050247
0.05003
0.049687
0.176923
0.139386
0.170824
0.171951
0.160598
0.1427
0.105193