
0.001023
0.002215
0.006874
0.007226
0.007653
0.01309
0.014335
0.0148
0.010697
0.014091
0.010745
0.006645
0.006326
0.010542
0.010792
0.01087
0.010146
0.006879
0.01319
0.028933
0.008407
0.008432
0.024072
0.018016
0.005619
0.021616
0.022568
0.035562
0.014413
0.071785
0.019491
0.008823
0.023313
0.023614
0.022004
0.018508
0.018767
0.018391
0.018296
0.014729
0.02608
0.027696
0.065315
0.074221
0.011973
0.013887
0.021162
0.014213
0.031228
0.015255
0.053405
0.017617
0.010996
0.010996
0.010934
0.010768
0.01045
0.011714
0.011484
0.010913
0.011275
0.057243
0.005271
0.048296
0.014034
0.010473
0.012705
0.013273
0.018232
0.017767
0.012962
0.013497
0.014242
0.012783
0.012174
0.011502
0.011799
0.012231
0.014243
0.015809
0.007114
0.015545
0.026037
0.018381
0.020957
0.020237
0.02278
0.021739
0.012994
0.020001
0.019571
0.020842
0.005843
0.007362
0.011971
0.008444
0.010062
0.003139
0.05192
0.046222
0.013484
0.008186
0.00848
0.018455
0.007687
0.008276
0.007824
0.002339
0.003931
0.008474
0.008629
0.008802
0.00847
0.027025
0.007609
0.050796
0.010559
0.001963
0.008578
0.008853
0.008586
0.008614
0.008491
0.008392
0.00893
0.046595
0.05187
0.009002
0.002246
0.002333
0.007147
0.045426
0.011373
0.007149
0.002178
0.002176
0.055712
0.00774
0.007462
0.007743
0.06222
0.00723
0.007309
0.048045
0.002486
0.013555
0.045689
0.046702
0.009999
0.007342
0.007885
0.00525
0.009713
0.008316
0.008186
0.008168
0.007731
0.008122
0.007934
0.048565
0.003407
0.007945
0.008265
0.008196
0.008679
0.007807
0.002122
0.007998
0.002084
0.003328
0.00755
0.007471
0.045492
0.007968
0.007152
0.007154
0.007198
0.007444
0.006542
0.007278
0.007247
0.007353
0.007755
0.008451
0.007668
0.008097
0.007256
0.007505
0.007005
0.007492
0.003575
0.006666
0.006571
0.006678
0.006575
0.008294
0.009366
0.008367
0.009034
0.006604
0.007005
0.007191
0.002227
0.001816
0.009265
0.009518
0.007187
0.00738
0.00925
0.010048
0.00667
0.007089
0.002489
0.002405
0.002844
0.012609
0.006201
0.006944
0.006985
0.007221
0.00714
0.006932
0.001945
0.050121
0.054354
0.048808
0.047978
0.051177
0.005721
0.003007