
16
15
17
60
66
47
60
81
23
47
29
81
37
23
25
24
28
20
31
23
21
30
56
63
23
56
12
37
18
64
163
130
407
155
26
185
500
138
95
124
124
38
55
35
52
33
47
10
61
127
47
21
52
27
188
468
55
154
60
164
167
167
170
146
245
142
137
278
188
141
80
496
226
220
141
40
379
139
45
142
441
138
45
51
87
52
228
446
54
123
52
164
69
28
231
30
43
34
122
357
284
284
39
82
122
66
228
54
122
391
167
39
123
122
375
122
67
391
102
41
10
67
52
115
39
102
11
10
67
39
31
37
102
31
36
9
48
36
24
99
47
41
19
23
112
45
99
112
27
24
99
24
112
58
92
40
16
35
16
104
56
92
104
20
7
50
338
118
298
100
47
104
223
102
252
223
23
34
12
39
16
101
49
87
85
14
23
38
38
50
12
15
20
64
101
14
20
16
28
120
33
13
62
93
13
26
9
50
26
49
49
48
22
94
28
101
21
89
88
89
30
26
19
29
14
18
89
202
33
19
22
29
57
27
64
58
89
57
56
70
39
22
7
19
81
13
65
21
16
81
15
21
81
13
39
30
40
56
16
49
31
31
23
42
31
74
31
46
13
75
42
74
74
23
21
23
22
41
16
46
16
51
98
67
19
62
106
31
51
50
50
27
42
52
10
17
67
51
51
36
22
55
33
46
33
62
55
55
33
60
36
58
37
59
33
56
22
56
35
21
32
40
44
41
60
44
68
44
42
35
21
32
40
44
41
60
44
68
44
67
26
14
44
37
36
39
52
41
64
41
36
149
99
25
173
48
48
49
24
25
25
25
195
216
17
35
17
13
23
17
41
42
48
92
18
43
18
49
43
23
42
17
67
49
18
44
98
18
191
72
191
59
10
175
34
50
56
46
83
72
10
36
153
35
73
35
30
127
20
72
72
52
57
96
23
62
77
13
32
56
28
39
62
101
100
28
56
105
99
62
28
62
27
62
105
74
20
23
28
16
80
14
31
45
16
21
112
114
107
30
105
111
102
15
20
62
31
124
167
77
47
226
145
9
217
47
162
36
12
217
10
47
145
209
10
167
9
110
53
120
4
50
230
53
5
214
50
166