
0.043783
0.003527
0.004614
0.00345
0.007026
0.007876
0.004319
0.003398
0.007058
0.004233
0.003073
0.003488
0.003413
0.004732
0.003149
0.003381
0.005721
0.004362
0.004531
0.003301
0.002241
0.004216
0.003987
0.005231
0.003056
0.004029
0.003594
0.007632
0.002334
0.004114
0.004427
0.003443
0.00358
0.00441
0.003152
0.002259
0.003984
0.004126
0.004346
0.003503
0.004377
0.002184
0.003007
0.004375
0.00433
0.003669
0.002319
0.00415
0.008641
0.003391
0.002221
0.003615
0.00251
0.0035
0.003468
0.003357
0.003403
0.002366
0.004412
0.005983
0.007875
0.004678
0.003442
0.004153
0.005664
0.012035
0.005812
0.005899
0.011677
0.005435
0.003727
0.004808
0.005168
0.004468
0.005993
0.010448
0.005589
0.007488
0.00426
0.006225
0.004069
0.010588
0.007919
0.005995
0.008977
0.005666
0.009834
0.00637
0.007672
0.006979
0.047927
0.001593
0.001256
0.001709
0.002077
0.002612
0.003275
0.002899
0.002552
0.001745
0.003147
0.005717
0.010244
0.002163
0.002444
0.006094
0.001606
0.007359
0.002403
0.003842
0.005427
0.001892
0.001904
0.003324
0.001943
0.00501
0.003427
0.00646
0.002088
0.03552
0.001498
0.001386
0.002679
0.002232
0.002232
0.001308
0.002158
0.001296
0.002922
0.001728
0.00426
0.002547
0.004923
0.024672
0.005146
0.009042
0.004046
0.003294
0.001532
0.00505
0.018032
0.00532
0.046558
0.00345
0.003185
0.00379
0.007003
0.004428
0.007565
0.006389
0.006912
0.005006
0.002423
0.003042
0.002248
0.008901
0.00345
0.004415
0.003086
0.004367
0.002232
0.009466
0.006587
0.00521
0.002596
0.040625
0.002151
0.002278
0.007159
0.003639
0.004277
0.010562
0.005069
0.005541
0.004211
0.010597
0.005842
0.006341
0.0036
0.003195
0.008912
0.003621
0.002466
0.003494
0.01112
0.003506
0.00323
0.002832
0.036214
0.002457
0.002681
0.012538
0.003361
0.001845
0.004533
0.001728
0.007849
0.002107
0.003089
0.012772
0.008642
0.007073
0.003053
0.003767
0.002705
0.00275
0.006597
0.002875
0.00264
0.009904
0.00413
0.00326
0.003727
0.003447
0.010787
0.003367
0.003771
0.014864
0.05155
0.00327
0.003139
0.001734
0.003592
0.002168
0.002964
0.003001
0.002673
0.001268
0.001779
0.014907
0.006468
0.004463
0.002933
0.006089
0.002221
0.002926
0.002976
0.010056
0.003617
0.00663
0.002088
0.008208
0.003062
0.003183
0.001198
0.003748
0.002384
0.008116
0.003262
0.003368
0.001829
0.035606
0.00339
0.002213
0.003009
0.001762
0.001769
0.003012
0.003145
0.002959
0.003176
0.001954
0.002576
0.002226
0.006445
0.00258
0.003115
0.001887
0.00245
0.002995
0.006751
0.003836
0.03322
0.002825
0.002048
0.001412
0.002888
0.001703
0.002663
0.003177
0.002675
0.002498
0.001826
0.002821
0.001186
0.025579
0.007883
0.019963
0.003193
0.007345
0.002284
0.002144
0.003192
0.006061
0.002947
0.00642
0.012976
0.039878
0.002042
0.001842
0.001603
0.002106
0.001789
0.002475
0.002135
0.00225
0.002184
0.001412
0.005728
0.001778
0.004153
0.003277
0.003826
0.003128
0.008015
0.002352
0.003296
0.001801
0.00219
0.001565
0.005856
0.001749
0.017546
0.007192
0.003265
0.002712
0.003649
0.001804
0.005933
0.002055
0.03738
0.001878
0.001929
0.001912
0.001827
0.003284
0.002243
0.001638
0.002618
0.001866
0.007426
0.003159
0.006008
0.001816
0.007637
0.003336
0.007481
0.003087
0.007357
0.003545
0.003353
0.001825
0.002166
0.002373
0.004031
0.002897
0.004289
0.003509
0.002395
0.002377
0.004244
0.002401
0.030056
0.002984
0.001684
0.00173
0.001943
0.001171
0.001839
0.002838
0.002717
0.00165
0.002886
0.002083
0.002464
0.001518
0.020403
0.009355
0.00288
0.001906
0.007369
0.002073
0.007205
0.002425
0.002659
0.007261
0.002623
0.003936
0.036122
0.001978
0.003367
0.003036
0.001853
0.001156
0.001608
0.002114
0.001714
0.003489
0.001299
0.006866
0.001903
0.002112
0.005029
0.002061
0.001588
0.002943
0.00161
0.002165
0.002991
0.00211
0.001578
0.004601
0.003061
0.005801
0.001901
0.008422
0.011166
0.005741
0.003257
0.008759
0.002955
0.044269
0.002227
0.003018
0.002887
0.001823
0.002938
0.002894
0.001863
0.002647
0.003232
0.001602
0.003705
0.003851
0.005803
0.003124
0.002188
0.002353
0.002566
0.009137
0.002567
0.002312
0.005677
0.001625
0.006204
0.001655
0.024833
0.007317
0.044405
0.001741
0.001583
0.003211
0.001705
0.003347
0.001851
0.001746
0.003239
0.005931
0.002017
0.004882
0.007879
0.003672
0.003008
0.006255
0.003098
0.005125
0.001881
0.0055
0.004856
0.001583
0.003151
0.002909
0.001693
0.007903
0.001912
0.001959
0.002175
0.008514
0.003488
0.009774
0.002836
0.055509
0.001719
0.001867
0.003573
0.002847
0.001574
0.002702
0.001744
0.003476
0.002749
0.006274
0.003346
0.005558
0.005163
0.001469
0.003501
0.006054
0.001934
0.004876
0.003843
0.00336
0.002724
0.004335
0.004182
0.00718
0.001869
0.004582
0.003168
0.044461
0.001874
0.001871
0.002042
0.003142
0.00161
0.00306
0.001696
0.00305
0.003398
0.002947
0.00323
0.003148
0.042132
0.001771
0.001869
0.002109
0.002986
0.001472
0.003055
0.001688
0.002958
0.00331
0.003067
0.00835
0.00608
0.042349
0.001625
0.001801
0.003021
0.003185
0.001892
0.003049
0.001845
0.003215
0.003687
0.003204
0.003598
0.003507
0.005123
0.003931
0.005836
0.001418
0.006268
0.002327
0.002529
0.001981
0.00189
0.005971
0.001399
0.005964
0.001492
0.006329
0.005664
0.00133
0.001763
0.006846
0.009772
0.046409
0.002277
0.002978
0.001603
0.001568
0.001818
0.001562
0.001469
0.003406
0.003067
0.003962
0.005964
0.003302
0.001849
0.003278
0.005138
0.003427
0.001619
0.003127
0.001673
0.001678
0.002267
0.001873
0.004069
0.003397
0.006343
0.002102
0.006218
0.004136
0.004888
0.003299
0.002421
0.001786
0.003696
0.003546
0.008088
0.004286
0.008358
0.002961
0.041904
0.003511
0.001596
0.00147
0.003452
0.003175
0.003018
0.005206
0.003763
0.00544
0.0032
0.00384
0.001636
0.001574
0.001491
0.005678
0.00156
0.001524
0.007383
0.001972
0.004833
0.001921
0.006349
0.002068
0.010619
0.006362
0.002448
0.001854
0.005947
0.003552
0.007695
0.003786
0.0036
0.003575
0.005142
0.005612
0.003434
0.003811
0.040249
0.001978
0.003303
0.003624
0.001633
0.002614
0.00311
0.001377
0.003021
0.003366
0.003865
0.026557
0.008159
0.001554
0.004283
0.001557
0.004068
0.006063
0.004028
0.00872
0.003926
0.003783
0.003756
0.001423
0.001348
0.005157
0.001433
0.006271
0.001483
0.003253
0.006863
0.004168
0.005029
0.003716
0.007063
0.00189
0.007318
0.001958
0.00222
0.001825
0.045025
0.001987
0.003501
0.001628
0.002763
0.003042
0.001856
0.001467
0.004179
0.004219
0.004269
0.005987
0.005721
0.007047
0.004301
0.00634
0.004211
0.006019
0.003741
0.006387
0.00185
0.001467
0.00128
0.005856
0.00359
0.003286
0.003081
0.035899
0.001216
0.005709
0.002449
0.006445
0.002399
0.023476
0.002488
0.002551
0.010641
0.021158
0.0267
0.002257
0.010156
0.002385
0.004252
0.00411
0.00917
0.036668
0.001126
0.001005