
147
42
46
135
160
493
148
326
146
493
210
130
56
131
156
242
144
43
157
193
184
463
489
154
150
161
165
55
168
187
188
468
101
154
150
164
167
167
170
146
171
52
228
446
54
123
52
164
69
28
279
61
333
456
375
115
90
367
115
166
276
119
48
62
114
112
331
364
112
54
268
111
104
72
107
104
207
359
104
47
223
104
104
239
189
106
300
351
102
40
195
97
120
232
181
188
93
201
49
234
62
94
195
230
89
93
89
202
49
100
215
254
211
224
81
84
81
84
200
81
208
220
166
180
140
220
74
111
146
75
200
190
51
172
157
98
67
174
167
106
195
170
352
177
214
297
62
55
288
231
210
238
139
54
211
116
60
110
170
243
210
238
139
54
211
116
60
110
170
243
201
231
149
57
202
119
52
114
171
249
191
58
191
185
43
175
41
59
117
224
191
158
191
59
36
175
34
111
126
158
131
151
287
31
72
99
28
89
133
210
123
159
229
59
89
144
21
220
244
297
124
167
77
47
226
145
9
217
47
162
53
120
4
50
230
53
5
214
50
166