
0.000944
0.001234
0.001682
0.000918
0.001039
0.000882
0.000842
0.000913
0.000933
0.000858
0.000937
0.000912
0.000936
0.00094
0.000862
0.001016
0.001137
0.000899
0.000879
0.000915
0.000871
0.000976
0.00096
0.000914
0.000965
0.000978
0.000949
0.000973
0.000922
0.000935
0.00092
0.001
0.000912
0.000964
0.000932
0.001111
0.000909
0.000874
0.000814
0.00096
0.000889
0.000872
0.000914
0.000943
0.000924
0.000888
0.001022
0.001038
0.000961
0.000871
0.000868
0.000864
0.000969
0.000809
0.001041
0.00083
0.001135
0.000914
0.001064
0.000954
0.001059
0.000936
0.00118
0.000926
0.00111
0.00109
0.001012
0.000789
0.001052
0.000923
0.000942
0.000881
0.001106
0.000952
0.001006
0.001003
0.001113
0.001022
0.001101
0.001115
0.001131
0.001021
0.00098
0.000858
0.000988
0.001083
0.001047
0.001046
0.001033
0.000969
0.000854
0.000851
0.001023
0.000824
0.001104
0.000975
0.001012
0.001004
0.00087
0.000992
0.001002
0.000881
0.000845
0.000865
0.001219
0.000832
0.000979
0.000962
0.001042
0.001048
0.000991
0.000768
0.000859
0.000972
0.000945
0.000812
0.001201
0.001039
0.000964
0.000829
0.000973
0.000869
0.001195
0.001138
0.00119
0.000895
0.001177
0.001072
0.001118
0.001043
0.000852
0.000835
0.001119
0.000934
0.002325
0.000896
0.001015
0.000935
0.00086
0.001022
0.001041
0.001269
0.00115
0.000974
0.000981
0.000829
0.000986
0.000768
0.001
0.000997
0.00104
0.000966
0.000966
0.000887
0.001069
0.001168
0.001158
0.000859
0.000946
0.001013
0.000809
0.001067
0.000857
0.00115
0.001074
0.000888
0.001095
0.000949
0.001102
0.001558
0.000849
0.000879
0.00102
0.000866
0.001081
0.001218
0.000815
0.000885
0.000853
0.00091
0.000997
0.000931
0.00119
0.000876
0.000849
0.000967
0.000883
0.000874
0.000879
0.001043
0.000933
0.000947
0.001174
0.00084
0.000821
0.000888
0.000893
0.000956
0.000886
0.000892
0.001096
0.000942
0.00087
0.000864
0.000845
0.001146
0.000919
0.001059
0.001137
0.00121
0.001461
0.001137
0.000916
0.001209
0.000954
0.001163
0.000965
0.000802
0.000822
0.001196
0.001129
0.000847
0.000895
0.000897
0.000924
0.000989
0.000929
0.000998
0.001117
0.001148
0.000852
0.000868
0.001079
0.000874
0.001152
0.000979
0.000952
0.000723
0.001018
0.000736
0.001529
0.000932
0.000851
0.000972
0.000884
0.00084
0.000967
0.000852
0.001086
0.000833
0.000867
0.000815
0.001112
0.000881
0.0008
0.001027
0.001126
0.001067
0.001093
0.001164
0.00088
0.000948
0.000918
0.000976
0.000867
0.000934
0.000912
0.000854
0.000982
0.001141
0.00096
0.000903
0.001064
0.000852
0.000849
0.000823
0.001147
0.000757
0.000861
0.000865
0.001192
0.001042
0.0009
0.00079
0.000868
0.001212
0.000879
0.000867
0.000766
0.001274
0.000834
0.001068
0.001044
0.001954
0.000748
0.000983
0.000776
0.000933
0.000848
0.001046
0.000901
0.000825
0.000814
0.00081
0.00108
0.000881
0.00085
0.001142
0.000978
0.001068
0.000869
0.000946
0.001089
0.000954
0.001214
0.001015
0.001032
0.000983