
0.005472
0.014284
0.017601
0.008079
0.006007
0.005796
0.005543
0.007926
0.006692
0.010701
0.006355
0.006694
0.005563
0.005339
0.005274
0.00771
0.005508
0.006251
0.005394
0.006474
0.006904
0.005249
0.012698
0.003575
0.006118
0.00642
0.007958
0.010317
0.007918
0.005839
0.006478
0.006354
0.006022
0.013017
0.008038
0.008269
0.005888
0.006244
0.005926
0.006094
0.007843
0.011473
0.006273
0.010222
0.00544
0.005287
0.015284
0.011945
0.014794
0.006816
0.008441
0.005224
0.007688
0.005182
0.006032
0.005234
0.006261
0.004055
0.006377
0.005116
0.005821
0.006607
0.013204
0.004713
0.010512
0.010607
0.005816
0.005002
0.004539
0.011451
0.005896
0.009036
0.005638
0.007515
0.007321
0.005667
0.017552
0.006653
0.011523
0.00939
0.009066
0.00515
0.004829
0.006251
0.005246
0.00625
0.008672
0.005798
0.012056
0.005812
0.005949
0.004579
0.005502
0.005612
0.006376
0.005883
0.010535
0.006166
0.009234
0.006728
0.007658
0.004454
0.008119
0.005317
0.005751
0.005482
0.005181
0.008589
0.004859
0.009921
0.011011
0.00512
0.011359
0.010531
0.0051
0.005211
0.013203
0.009923
0.006907
0.005216
0.007012
0.009894
0.010253
0.005601
0.005741
0.005477
0.014357
0.005941
0.014894
0.005892
0.006382
0.011484
0.005119
0.011874
0.012872
0.005207
0.004776
0.017361
0.007841
0.018804
0.007799
0.008364
0.015141
0.008723
0.004856
0.007525
0.005561
0.005758
0.00688
0.011674
0.005572
0.004987
0.011217
0.006459
0.005006
0.005294
0.011243
0.006574
0.004875
0.005573
0.00575
0.005594
0.005021
0.006036
0.00464
0.00599
0.006003
0.005592
0.004939
0.004581
0.005997
0.005139
0.005676
0.009387
0.004501
0.00989
0.00455
0.006384
0.004125
0.004603
0.004737
0.006212
0.013224
0.005037
0.008277
0.004945
0.008079
0.009592
0.008148
0.004438
0.004028
0.008251
0.006779
0.006466
0.004108
0.007601
0.00722
0.007496
0.004225
0.004942
0.010204
0.005041
0.009735
0.004655
0.004895
0.008895
0.004771
0.009587
0.008225
0.008196
0.010958
0.012379
0.004523
0.008319
0.004725
0.009824
0.005749
0.004368
0.004633
0.010988
0.005218
0.004205
0.009044
0.004178
0.009975
0.007764
0.009471
0.0071
0.003543
0.009626
0.00641
0.013729
0.004154
0.004742
0.008613
0.010843
0.006021
0.008879
0.010208
0.003004
0.019328
0.00751
0.003243
0.005319
0.007218
0.009329
0.013616
0.00904
0.006853
0.003073
0.009805
0.005008
0.014596
0.006258
0.008457
0.003072
0.012212
0.004781
0.012212
0.014854
0.008709
0.009755
0.010304
0.005598
0.008188
0.013976
0.008421
0.004152
0.008389
0.01065
0.013673
0.010014
0.006932
0.005727
0.00638
0.009726
0.011529
0.002416
0.004847
0.009241
0.003747
0.005345
0.006141
0.005172
0.002723
0.011896
0.009548
0.00903
0.00453
0.005683
0.004679
0.002952
0.009442
0.010659
0.002456
0.006251
0.003094
0.004342
0.009217
0.004577
0.009429
0.002271
0.0104
0.010092
0.005343
0.002376
0.00427
0.008615
0.009056
0.0051
0.003776
0.002478
0.005488
0.008551
0.007095
0.006324
0.008704
0.002175