
0.0282843
0.060498
0.0836042
0.1001
0.100391
0.0783429
0.10098
0.0809799
0.103958
0.0830629
0.0243443
0.0138176
0.0339161
0.0144201
0.03424
0.183122
0.183122
0.200542
0.200542
0.196646
0.190218
0.192588
0.194711
0.152043
0.13213
0.161058
0.169902
0.149164
0.137167
0.155841
0.175264
0.143464
0.0192816
0.0192816
0.0408073
0.0173979
0.0153382
0.0578941
0.0227994
0.0187389
0.0070545
0.0282411
0.0163006
0.013863
0.013863
0.0233223
0.00694208
0.0162318
0.00656627
0.00656627
0.0276168
0.01564
0.0130944
0.00150879
0.0222115
0.0102775
0.0193806
0.0538898
0.0392254
0.0151708
0.0299075
0.0123291
0.0210009
0.00946264
0.0121308
0.0121308
0.00203203
0.0195294
0.00333229
0.0290966
0.00673894
0.0267518
0.0146437
0.0242854
0.0244211
0.118204
0.125418
0.108552
0.0915087
0.123344
0.131151
0.163648
0.0171518
0.0340758
0.0390785
0.0319538
0.0123772
0.0256339
0.0304945
0.016585
0.0352682
0.0352682
0.0288123
0.0288123
0.00346411
0.023947
0.0115291
0.00716163
0.0660006
0.00374087
0.0240938
0.0115816
0.00979461
0.00173049
0.0143691
0.00660864
0.0319426
0.0115512
0.0241534
0.00376797
0.0287638
0.00842707
0.0210994
0.00123585
0.0155076
0.00284432
0.00458664
0.020922
0.0120824
0.0192675
0.013738
0.00288602
0.0107237
0.043723
0.0035563
0.0146517
0.0272323
0.0386695
0.024733
0.0372707
0.0295606
0.00923157
0.0347296
0.066
0.0483369
0.0100868
0.0100868
0.0177985
0.0380032
0.0123803
0.0199183
0.0400785
0.0144989
0.0474906
0.00920737
0.033
0.0277466
0.0151237
0.0352447
0.0426583
0.00427444
0.00427444
0.011885
0.00139366
0.0192532
0.0063483
0.0137712
0.0137712
0.0213013
0.00845002
0.00363304
0.0234843
0.0108207
0.0178968
0.00536654
0.0181775
0.0148304
0.0350353
0.00946688
0.0166225
0.00900294
0.0114122
0.0146913
0.0184385
0.0130181
0.0203708
0.00606816
0.0148175
0.00948856
0.0292909
0.0274611
0.0347583
0.0292046
0.0237271
0.0181049
0.00383888