
3e-06
2e-06
1e-06
1e-06
2e-06
1e-06
1e-06
1e-06
2e-06
1e-06
1e-06
1e-06
0
1e-06
1e-06
1e-06
2e-06
1e-06
1e-06
1e-06
1e-06
1e-06
1e-06
1e-06
1e-06
1e-06
0
1e-06
1e-06
1e-06
1e-06
1e-06
2e-06
1e-06
1e-06
3e-06
1e-06
1e-06
1e-06
1e-06
1e-06
1e-06
1e-06
1e-06
1e-06
1e-06
1e-06
1e-06
1e-06
1e-06
0
0
1e-06
2e-06
1e-06
1e-06
2e-06
1e-06
1e-06
1e-06
1e-06
1e-06
1e-06
1e-06
2e-06
1e-06
2e-06
1e-06
1e-06
1e-06
1e-06
1e-06
2e-06
1e-06
1e-06
0.022357
0.022514
0.023581
0.061948
0.024013
0.024441
0.023903
0.02373
0.023398
0.060173
0.02378
0.022624
0.023003
0.020441
0.021277
1e-06
2e-06
1e-06
2e-06
1e-06
2e-06
1e-06
1e-06
1e-06
2e-06
1e-06
2e-06
1e-06
2e-06
1e-06
2e-06
1e-06
2e-06
1e-06
2e-06
1e-06
2e-06
1e-06
1e-06
1e-06
2e-06
1e-06
2e-06
1e-06
0.014298
0.014343
2e-06
1e-06
0.016499
0.016109
0.015976
0.051721
0.052543
0.015148
1e-06
1e-06
1e-06
1e-06
1e-06
1e-06
1e-06
2e-06
1e-06
2e-06
1e-06
1e-06
1e-06
1e-06
1e-06
1e-06
1e-06
1e-06
2e-06
1e-06
1e-06
1e-06
0.013712
0.013855
0.015365
0.050504
0.050539
0.053366
0.014065
0.013912
0.051098
0.012916
0.048616
0.05182
0.049109
0.050461
0.012685
0.05122
0.01241
0.050356
0.012472
0.011746
0.012972
0.011212
0.011752
0.052217
0.051619
0.015288
0.015486
0.015601
0.015658
0.01566
0.015033
0.01228
0.012239
0.012077
0.014407
0.014177
0.014504
0.015921
0.016463
0.016348
0.016569
0.056993
0.017394
0.0176
0.016223
0.016071
0.015701
0.01581
0.014799
0.051654
1e-06
1e-06
1e-06
1e-06
0.053553
0.012455
0.051947
0.051843
0.054247
0.054653
0.050789
0.014309
0.05051
0.014183
0.050646
0.015771
0.016203
0.014998
0.051226
0.052985
0.014987
0.013351
0.013345
0.012686
0.013086
0.014079
0.015078
0.054528
0.054533
0.015203
0.015443
0.01691
0.015263
0.051973
0.014846
0.016226
0.0162
0.016856
0.016304
0.016513
0.017219
0.017275
0.017239
0.017026
0.016439
0.01634
0.017262
0.016592
0.016615
0.016396
0.016688
0.016139
0.019432
0.018248
0.05457
0.018266
0.055982
0.019345
0.05698
0.020422
0.020874
0.021954
0.023638
0.019201
0.01641
0.015503
0.015668
0.015065
0.016515
0.018018
0.019199
0.056487
0.020023
0.019346
0.01936
0.021102
0.013779
0.013934
0.013797
0.055075
0.014107
0.013855
0.012053
0.012246
0.012186
0.013343
0.014496
0.012888
0.013241
0.013153
0.048681
0.049669
0.013217
0.01292
0.012892
0.014437
0.01333
0.012846
0.050758
0.013691
0.012867
0.012733
0.013799
0.051564
0.050603
0.014128
0.052305
0.054304
0.054695
0.013704
0.051552
0.04791
0.050637
0.0508
0.050817
0.050727
0.050862