
0.007819
0.017425
0.021137
0.010934
0.008511
0.008165
0.00773
0.010342
0.00916
0.013996
0.009012
0.009153
0.007921
0.007405
0.006966
0.010039
0.007285
0.008861
0.007127
0.009077
0.009625
0.007517
0.016489
0.005756
0.008416
0.00902
0.010805
0.013909
0.009961
0.0085
0.009126
0.008824
0.008329
0.017804
0.011117
0.011379
0.008041
0.008406
0.008094
0.008499
0.010643
0.015088
0.008629
0.013009
0.007267
0.007418
0.021003
0.016735
0.020065
0.009267
0.011793
0.006818
0.0105
0.006907
0.008326
0.007759
0.008931
0.006564
0.008986
0.007776
0.008582
0.009273
0.017588
0.006652
0.014177
0.015018
0.008089
0.006958
0.006954
0.015123
0.008604
0.01244
0.008403
0.010397
0.010132
0.03392
0.058304
0.035669
0.079674
0.039533
0.039421
0.036559
0.034115
0.035508
0.074607
0.033184
0.034688
0.031664
0.038115
0.029919
0.008779
0.009405
0.008022
0.008307
0.00926
0.011041
0.018175
0.008204
0.012459
0.009877
0.010485
0.007032
0.011288
0.007976
0.008138
0.007394
0.007442
0.011761
0.007583
0.013913
0.016013
0.007128
0.016209
0.01482
0.007275
0.007605
0.020912
0.014735
0.009536
0.02174
0.024137
0.013098
0.014381
0.024897
0.023925
0.024319
0.071828
0.060989
0.035647
0.008511
0.008965
0.015199
0.007677
0.016391
0.016517
0.008012
0.00717
0.023738
0.010526
0.025607
0.011798
0.011929
0.020312
0.013109
0.007326
0.01026
0.008171
0.008208
0.009852
0.016421
0.010676
0.023887
0.032344
0.027176
0.059924
0.061537
0.074949
0.025755
0.023278
0.062533
0.02539
0.06066
0.062779
0.060326
0.059763
0.023291
0.062894
0.023414
0.060561
0.02244
0.023103
0.022848
0.022222
0.028302
0.061426
0.071609
0.025084
0.028423
0.025845
0.025777
0.025043
0.027511
0.038035
0.023254
0.026708
0.024368
0.028881
0.030649
0.029584
0.026688
0.026095
0.032011
0.070986
0.030639
0.026107
0.029778
0.030849
0.032123
0.024179
0.02765
0.072761
0.010587
0.017234
0.009064
0.009187
0.066794
0.019335
0.072942
0.067264
0.070484
0.071583
0.074463
0.02343
0.069522
0.023418
0.063624
0.024027
0.024824
0.024259
0.071498
0.062297
0.023372
0.030311
0.020726
0.033663
0.028324
0.031902
0.031591
0.062304
0.071534
0.027201
0.041664
0.025601
0.02577
0.068736
0.034999
0.02643
0.03323
0.03325
0.023084
0.048624
0.030455
0.024467
0.02954
0.030689
0.034714
0.043015
0.035274
0.028755
0.023794
0.03531
0.026447
0.041564
0.032628
0.034893
0.061584
0.040795
0.063095
0.040061
0.081928
0.037777
0.03842
0.038516
0.031733
0.032986
0.041871
0.029384
0.025568
0.029259
0.033289
0.039907
0.038583
0.070588
0.031522
0.034016
0.038859
0.041929
0.019075
0.021036
0.026491
0.060709
0.021578
0.022558
0.018773
0.017953
0.027491
0.025628
0.026433
0.019447
0.020594
0.020013
0.05455
0.062314
0.026586
0.018253
0.021703
0.019066
0.019825
0.02535
0.05756
0.027506
0.017584
0.026923
0.027264
0.059371
0.055521
0.01999
0.064163
0.066289
0.062262
0.019328
0.056612
0.055548
0.062342
0.061709
0.059684
0.06231
0.055275