
1.51128e+09
0.009447
0.019048
0.022828
0.012687
0.010355
0.009716
0.00928
0.011867
0.010715
0.01564
0.010652
0.010731
0.009363
0.008834
0.008361
0.011281
0.00854
0.010101
0.008386
0.010309
0.01092
0.00877
0.017752
0.006967
0.009746
0.010296
0.012166
0.015279
0.011334
0.009946
0.01047
0.010142
0.009652
0.019147
0.012859
0.012808
0.00947
0.0098
0.009411
0.009805
0.011964
0.016427
0.009923
0.014313
0.008565
0.00868
0.022388
0.018137
0.021498
0.010674
0.014893
0.050646
0.054105
0.045998
0.056663
0.043329
0.056668
0.043313
0.056332
0.043652
0.056149
0.043841
0.056274
0.043694
0.056329
0.043691
0.056366
0.043645
0.05625
0.043785
0.056556
0.043537
0.056615
0.043346
0.206568
0.062129
0.123602
0.064112
0.108456
0.047542
0.067411
0.06547
0.04129
0.051389
0.187945
0.056802
0.058872
0.037078
0.059942
0.034975
0.057952
0.033119
0.065866
0.034171
0.065847
0.03416
0.102506
0.012783
0.091179
0.014673
0.08151
0.011718
0.051945
0.033697
0.057827
0.099966
0.018234
0.023751
0.0971
0.017158
0.082513
0.010372
0.050415
0.042463
0.057927
0.042049
0.057975
0.042077
0.058188
0.041742
0.096988
0.01659
0.044719
0.04172
0.058144
0.041884
0.083059
0.06442
0.18463
0.019899
0.050447
0.04152
0.058897
0.041135
0.059404
0.040633
0.097479
0.035326
0.017078
0.05002
0.061456
0.038802
0.05859
0.041162
0.05824
0.04179
0.057999
0.04199
0.052106
0.047816
0.164019
0.073201
0.044227
0.075766
0.071979
0.065606
0.087286
0.087144
0.027438
0.18097
0.037357
0.064872
0.074652
0.110693
0.107849
0.027386
0.180322
0.072389
0.071951
0.042709
0.057284
0.04269
0.052501
0.21164
0.068205
0.204848
0.037743
0.042111
0.058684
0.041241
0.057973
0.04142
0.057086
0.04285
0.227625
0.036187
0.042331
0.058549
0.041389
0.058747
0.041307
0.052903
0.077464
0.203605
0.038979
0.049029
0.041864
0.05947
0.040515
0.04996
0.083779
0.016146
0.095687
0.02052
0.03397
0.071805
0.185736
0.084136
0.117482
0.119717
0.08381
0.077825
0.074427
0.186105
0.073751
0.112617
0.034634
0.073009
0.027161
0.082357
0.110239
0.026288
0.040122
0.023552
0.042115
0.210679
0.043303
0.042198
0.067945
0.216164
0.039386
0.045146
0.048878
0.225025
0.079626
0.042372
0.058359
0.041633
0.058705
0.041393
0.06044
0.039523
0.058859
0.041057
0.052499
0.187705
0.055154
0.041549
0.05854
0.041403
0.058532
0.04139
0.210366
0.08473
0.083926
0.221404
0.053376
0.075681
0.043427
0.094804
0.051003
0.041987
0.09887
0.035013
0.17715
0.090611
0.032262
0.036024
0.035911
0.096619
0.052335
0.041842
0.083168
0.040901
0.059845
0.042355
0.148817
0.028264
0.043456
0.058039
0.108248
0.024044
0.031245
0.028564
0.049807
0.056918
0.043043
0.05694
0.043057
0.057054
0.042992
0.098976
0.071571
0.049912
0.043359
0.052643
0.141879
0.028803
0.087096
0.066252
0.04364
0.057439
0.042599
0.057145
0.104966
0.104106
0.022308
0.074094
0.115615
0.07162
0.043131
0.179403
0.101291
0.108002
0.107999
0.104014
0.107952