
0.001137
0.003765
0.006342
0.006362
0.005989
0.005827
0.005982
0.006025
0.006044
0.005998
0.006253
0.006391
0.006747
0.019674
0.056881
0.020084
0.020136
0.019536
0.020372
0.008354
0.019832
0.017704
0.0181
0.016446
0.016365
0.01548
0.015506
0.052173
0.055622
0.052382
0.01574
0.007542
0.007194
0.046787
0.046367
0.007219
0.007138
0.007637
0.007385
0.046607
0.007828
0.007699
0.007518
0.001998
0.007882
0.008112
0.008535
0.008942
0.047149
0.008042
0.010598
0.008359
0.007858
0.007673
0.001891
0.001976
0.044817
0.007429
0.043994
0.007534
0.007713
0.044776
0.001931
0.00744
0.007332
0.045746
0.043586
0.001964
0.044193
0.007073
0.006839
0.002124
0.002164
0.002187
0.007672
0.008294
0.007545
0.006647
0.001979
0.007447
0.008177
0.008114
0.002356
0.002172
0.00849
0.007805
0.009116
0.007138
0.045161
0.007503
0.001888
0.006949
0.046408
0.045519
0.008404
0.047347
0.001852
0.047075
0.04559
0.007281
0.044814
0.007437
0.044502
0.006619
0.002037
0.007535
0.001881
0.001937
0.008336
0.002176
0.007364
0.007911
0.008244
0.007987
0.008412
0.002076
0.00816
0.008225
0.008085
0.002347
0.048276
0.045235
0.002127
0.008833
0.008834
0.009035
0.009333
0.050168
0.002115
0.045551
0.007314
0.04611
0.008695
0.008834
0.009364
0.002135
0.006481
0.00768
0.04461
0.006086
0.0067
0.006641
0.006795
0.041944
0.006551
0.006401
0.001992
0.006437
0.043368
0.006215
0.006905
0.006924
0.042933
0.045907
0.007163
0.04647
0.006716
0.001532
0.043637
0.043446
0.044043
0.042101
0.043377
0.042689