
87
74
81
20
146
62
60
72
17
77
63
76
148
44
16
21
15
149
31
22
148
163
181
164
120
161
129
150
28
161
66
164
38
38
164
164
212
184
150
80
177
128
161
164
118
246
100
1
120
186
123
148
148
211
97
178
148
118
226
117
152
100
211
148
178
313
118
123
118
123
141
243
178
117
178
243
156
267
155
200
168
41
273
289
202
136
157
151
391
125
383
381
128
125
202
357
167
168
458
50
125
202
168
202
125
95
93
216
139
157
202
157
202
48
18
56
44
45
44
23
56
50
53
118
28
70
41
30
40
27
35
41
28
58
17
35
17
42
23
34
28
28
52
115
39
116
28
17
26
29
40
11
35
11
40
24
28
37
27
49
111
34
63
33
37
17
26
54
36
39
25
61
33
31
53
39
48
109
33
28
31
51
59
20
55
53
51
46
59
43
103
23
46
104
22
11
46
59
59
104
27
23
62
24
16
55
18
44
62
39
98
37
50
33
32
98
99
60
44
66
46
35
17
9
65
11
24
65
48
92
24
35
43
8
96
25
48
16
34
43
60
18
13
87
87
105
12
31
69
80
34
47
13
30
13
35
49
84
71
71
16
15
72
38
34
85
9
113
72
77
32
47
9
108
9
53
22
289
101
31
21
90
17
14
89
17
31
53
81
46
42
95
72
29
23
92
19
93
32
95
73
29
73
95
99
43
99
69
27
23
95
18
46
33
29
33
99
20
46
95
60
95
62
20
40
92
22
43
10
99
100
61
44
23
61
99
23
29
61
91
40
95
108
40
24
57
26
20
103
21
54
20
57
108
121
25
56
121
16
121
112
125
24
53
15
18
125
46
59
23
52
112
54
122
125
43
47
13
13
50
45
60
38
125
53
68
124
115
42
28
83
20
76
49
39
38
36
36
13
51
13
20
53
15
14
32
13
20
87
14
13
39
76
53
114
133
10
13
369
88
136
28
80
309
88
182
52
88
29
91
282
31
80
127
91
28
306
282
268
80
91
65
28
276
282
28
127
31
139
105
102
17
71
278
218
38
139
286
71
280
76
76
139
17
334
314
76
17
76
238
260
110
34
18
79
226
83
7
137
51
118
72
147
113
113
253
79
8
141
241
7