
195
318
169
146
146
140
115
370
259
168
219
337
191
273
469
155
130
161
120
150
120
178
186
94
149
126
152
148
118
139
156
267
155
200
168
102
273
289
202
125
48
202
93
93
91
86
204
155
186
118
87
189
85
90
78
92
141
141
124
115
82
190
80
86
118
50
137
141
121
111
238
195
125
111
58
52
269
167
119
109
63
208
121
105
70
63
155
180
114
103
227
213
211
98
74
99
159
185
109
98
250
157
211
92
180
93
227
223
299
92
81
111
195
80
88
154
213
106
324
106
77
113
231
77
86
152
206
108
320
117
134
189
272
72
83
148
221
87
93
105
276
191
273
69
82
150
222
88
94
106
280
203
277
62
75
165
224
149
97
48
250
122
155
57
178
298
280
150
104
141
253
500
157
53
90
293
305
168
110
152
255
500
171
47
87
287
161
169
111
163
362
117
131
38
102
126
220
181
154
319
369
88
136
28
80
309
88
182
52
88
139
105
102
17
71
278
218
38
139
286
79
226
83
7
137
51
118
72
147
113