
0.048819
0.004018
0.01165
0.014703
0.006268
0.00442
0.00438
0.004144
0.006401
0.005132
0.008836
0.004755
0.005154
0.004021
0.00392
0.003948
0.006135
0.003905
0.00473
0.003981
0.004932
0.00528
0.003765
0.004174
0.006309
0.002386
0.004571
0.004808
0.00608
0.004331
0.003962
0.006063
0.004404
0.004929
0.004745
0.004519
0.00489
0.005744
0.00615
0.006212
0.004547
0.004757
0.004541
0.004575
0.006023
0.005101
0.004257
0.004768
0.008344
0.004035
0.003892
0.005389
0.007069
0.005949
0.003447
0.006071
0.006068
0.005216
0.006497
0.003857
0.0059
0.003902
0.00441
0.003912
0.004541
0.002841
0.004705
0.003778
0.004196
0.004995
0.0039
0.006892
0.003344
0.008389
0.004838
0.003411
0.004238
0.003746
0.003103
0.009403
0.004398
0.007304
0.004014
0.005848
0.005565
0.048417
0.003204
0.002398
0.002851
0.001692
0.003855
0.002756
0.002054
0.002703
0.001632
0.003539
0.004122
0.002214
0.010675
0.003707
0.002689
0.00545
0.005165
0.001951
0.009647
0.001788
0.007458
0.001796
0.007111
0.001969
0.003685
0.003984
0.003405
0.001952
0.004788
0.002051
0.003816
0.005359
0.051808
0.004567
0.00696
0.004221
0.004313
0.005585
0.004292
0.004545
0.003374
0.001509
0.00396
0.004389
0.004691
0.004378
0.00179
0.00407
0.004292
0.00179
0.004583
0.007618
0.005058
0.006098
0.003203
0.006628
0.003968
0.004025
0.004127
0.035247
0.003704
0.006868
0.003339
0.004216
0.003712
0.000793
0.004818
0.003924
0.003863
0.003838
0.005431
0.003379
0.005018
0.0037
0.003924
0.006337
0.004205
0.004367
0.003426
0.005276
0.003912
0.005462
0.008103
0.004034
0.00395
0.003975
0.004015
0.004073
0.006793
0.004807
0.00427
0.005599
0.006709
0.046676
0.001713
0.004907
0.004261
0.004959
0.009516
0.003506
0.009741
0.009421
0.003742
0.003361
0.005294
0.009196
0.006361
0.004727
0.010968
0.002368
0.003643
0.006219
0.005286
0.006622
0.003392
0.003425
0.003441
0.006015
0.004032
0.004425
0.005227
0.004288
0.005059
0.004029
0.002046
0.033886
0.001894
0.003931
0.002846
0.002159
0.003047
0.001426
0.002972
0.003075
0.002362
0.004317
0.003563
0.001884
0.00948
0.002912
0.004935
0.002136
0.003508
0.00187
0.003717
0.0023
0.00455
0.004449
0.001833
0.002017
0.005065
0.00216
0.003481
0.001856
0.004051
0.002456
0.031331
0.001864
0.002515
0.001726
0.0022
0.00184
0.001963
0.001914
0.001872
0.002299
0.004393
0.00438
0.003382
0.004172
0.003319
0.003692
0.002626
0.004368
0.001835
0.003205
0.002011
0.004631
0.001946
0.004341
0.002594
0.03113
0.001319
0.002375
0.001599
0.002157
0.001691
0.001859
0.002076
0.001859
0.002184
0.004099
0.004129
0.00204
0.003401
0.00218
0.002679
0.002349
0.004582
0.001999
0.003804
0.001664
0.004147
0.00188
0.00766
0.002695
0.036468
0.002236
0.002113
0.001787
0.002675
0.001992
0.001966
0.002398
0.002141
0.002388
0.002978
0.003081
0.002388
0.004695
0.002933
0.00183
0.002034
0.031024
0.003401
0.003048
0.001653
0.001988
0.002983
0.002947
0.003786
0.003114
0.002103
0.002906
0.003246
0.00174
0.004736
0.002936
0.002854
0.003091
0.003208
0.001748
0.003255
0.001266
0.004675
0.003223
0.004549
0.006117
0.003203
0.003279
0.003837
0.00326
0.006695
0.001937
0.048978
0.001945
0.003306
0.001371
0.001522
0.003095
0.001761
0.003408
0.003272
0.002115
0.002849
0.003544
0.002023
0.006488
0.002498
0.007818
0.002203
0.006492
0.001774
0.003067
0.003205
0.002777
0.002955
0.006582
0.003326
0.00497
0.003598
0.004978
0.003365
0.04606
0.003139
0.00271
0.001815
0.001152
0.00325
0.00156
0.001836
0.003439
0.002955
0.003211
0.002929
0.001744
0.005902
0.003057
0.005601
0.003435
0.003185
0.002653
0.001088
0.00316
0.002979
0.001506
0.003595
0.002443
0.002807
0.005252
0.001787
0.002801
0.003624
0.002241
0.007955
0.003333
0.003318
0.001712
0.003633
0.0015
0.004108
0.002793
0.003434
0.037792
0.00141
0.002554
0.003565
0.002458
0.00195
0.003422
0.001155
0.002544
0.001463
0.00209
0.005125
0.002537
0.003153
0.003016
0.006388
0.003608
0.006313
0.004775
0.008477
0.00167
0.003521
0.006604
0.002204
0.003396
0.003216
0.00219
0.003901
0.002416
0.00272
0.002606
0.039575
0.001443
0.003499
0.002453
0.001935
0.003102
0.001201
0.001103
0.004087
0.003374
0.001759
0.007789
0.004258
0.003165
0.001931
0.003412
0.001838
0.008797
0.003887
0.00372
0.001492
0.003012
0.001598
0.007328
0.003853
0.002917
0.001182
0.004282
0.003662
0.002692
0.003062
0.006089
0.003708
0.039472
0.003199
0.002294
0.00386
0.002387
0.002156
0.001701
0.003715
0.001763
0.001965
0.007711
0.004055
0.002307
0.003144
0.00264
0.001937
0.002197
0.002374
0.007647
0.003907
0.042858
0.004374
0.002257
0.004074
0.002564
0.001943
0.001723
0.003863
0.001741
0.002836
0.00192
0.005049
0.001946
0.003813
0.007622
0.002115
0.00391
0.002759
0.001718
0.003465
0.003094
0.042009
0.004192
0.003113
0.003902
0.002193
0.00155
0.002743
0.004041
0.001737
0.00304
0.001686
0.006714
0.004153
0.008846
0.004128
0.0048
0.00223
0.007319
0.003298
0.008258
0.001916
0.002057
0.002026
0.007662
0.008226
0.004074
0.001684
0.005964
0.002217
0.002174
0.002132
0.003887
0.003828
0.005768
0.003086
0.007647
0.004133
0.046041
0.004468
0.002832
0.001745
0.00204
0.002111
0.00162
0.003949
0.002009
0.003014
0.001737
0.001918
0.009431
0.002227
0.004138
0.007376
0.004518
0.005221
0.001906
0.002051
0.002043
0.008028
0.004469
0.003772
0.001693
0.012052
0.004652
0.05227
0.004713
0.004719
0.001782
0.002037
0.001546
0.001765
0.004541
0.003039
0.003225
0.001841
0.004777
0.003068
0.006939
0.004382
0.001862
0.002239
0.050953
0.005291
0.004557
0.003012
0.002003
0.001585
0.001551
0.002992
0.002922
0.003147
0.002849
0.009944
0.004735
0.003376
0.010066
0.003724
0.012257
0.004705
0.007062
0.004344
0.007935
0.003318
0.008431
0.001642
0.004091
0.006605
0.00181
0.046127
0.00394
0.003089
0.002993
0.00176
0.002801
0.00269
0.001538
0.003049
0.001578
0.001314
0.004523
0.007257
0.003227
0.001614
0.00677
0.001732
0.002993
0.003085
0.006681
0.00195
0.008562
0.001886
0.003962
0.007459
0.00171
0.006362
0.001744
0.00177
0.001822
0.005308
0.003768
0.004465
0.003133
0.004868
0.004442
0.008
0.005073
0.002502
0.006806
0.001661
0.001506
0.038315
0.001595
0.001504
0.001506
0.003601
0.007501
0.002332
0.003991
0.004717
0.003995
0.001723
0.001474
0.009762
0.007792
0.007344
0.003461
0.004006
0.003496
0.001753
0.001539
0.007514
0.007838
0.001578
0.001524
0.004741
0.002092
0.036563
0.001325
0.003079
0.007532
0.003176
0.003213
0.004365
0.001346
0.001188
0.008611
0.008342
0.003883
0.00139
0.001215
0.003069
0.006749
0.007287
0.003587
0.002736
0.001431
0.001255
0.028488
0.001199
0.003946
0.006801
0.003066
0.002297
0.001053
0.004761
0.006921
0.001117
0.001035