
1.9812
1.9812
1.9812
1.9812
1.99157
1.95551
1.95551
1.9812
1.9812
1.95551
1.95551
1.96977
1.95551
1.95551
1.9812
1.9812
1.9812
1.9812
1.9812
1.9812
1.9812
1.9812
1.9812
2.08556
2.08556
2.07939
2.02568
2.02551
2.00559
2.02895
1.94543
1.93636
1.94275
1.85423
1.82613
1.81678
1.80767
1.78344
1.75669
1.72144
1.76784
1.72325
1.6986
1.68722
2.23154
2.22184
2.18014
2.04799
2.023
1.94196
1.83022
1.84234
1.80972
1.74789
1.69519
1.65623
1.60712
1.54178
1.50955
1.47167
1.45138
1.43212
1.41101
1.3621
1.3448
1.32008
1.1113
1.50918
1.50918
1.43795
1.43283
1.40018
1.38392
1.35073
1.35073
1.35078
1.37699
1.33215
1.30959
1.34973
1.26407
1.24109
1.27818
1.25511
1.20166
1.1498
1.22113
1.1352
1.11729
1.10282
1.0713
1.0713
1.05009
1.05009
1.03618
1.03014
2.25393
2.24262
2.3988
2.38743
2.44744
2.50512
2.47258
2.47258
2.58656
2.76978
2.7587
2.77564
2.8348
2.8348
2.92621
2.95585
2.90745
2.85129
2.80332
2.77735
2.77735
2.80148
2.85683
2.71484
2.73685
2.79741
2.53594
2.45448
2.39411
2.22411
1.94215
1.79045
1.72425
1.60243
1.47506
1.34767
1.34767
1.28545
1.07119
1.04212
0.923449
0.863368
0.839516
0.839516
0.804458
0.792
0.750517
0.750517
0.733612
0.775062
0.775062
0.775062
0.728378
0.696022
0.678741
0.664725
0.664725
0.60126
0.57103
0.557149