
0.00527
0.008549
0.012541
0.004724
0.008505
0.004727
0.011639
0.004647
0.008987
0.004893
0.013591
0.009581
0.011993
0.004675
0.004437
0.00501
0.005813
0.009413
0.0052
0.005218
0.003904
0.005327
0.005976
0.004825
0.005272
0.008064
0.005672
0.004565
0.009763
0.006355
0.007846
0.008586
0.005746
0.00749
0.005096
0.005183
0.004533
0.004504
0.00375
0.005192
0.004683
0.005667
0.004744
0.00516
0.003514
0.004046
0.009074
0.005624
0.005361
0.006471
0.004892
0.012392
0.005029
0.008205
0.021647
0.013722
0.006298
0.014445
0.005094
0.004854
0.006361
0.006906
0.010824
0.00783
0.009424
0.010471
0.006974
0.011067
0.007676
0.018945
0.007982
0.007963
0.009121
0.012521
0.009869
0.00398
0.009412
0.009868
0.004864
0.005619
0.004286
0.01052
0.005881
0.00649
0.004656
0.009612
0.005748
0.007967
0.012201
0.013318
0.011248
0.007834
0.005674
0.007632
0.005467
0.008276
0.0129
0.019006
0.025188
0.005963
0.004131
0.012804
0.00543
0.00411
0.003571
0.005111
0.006388
0.008047
0.006409
0.005806
0.006401
0.007595
0.006302
0.013376
0.006031
0.004819
0.007025
0.009783
0.004886
0.005204
0.006718
0.004789
0.006248
0.008058
0.00627
0.013907
0.008446
0.009182
0.00514
0.005983
0.006801
0.010217
0.004659
0.010396
0.017669
0.004814
0.008486
0.00853
0.008028
0.004608
0.005886
0.03033
0.011259
0.010429
0.016248
0.006527
0.00772
0.00646
0.033828
0.006969
0.004323
0.008474
0.006457
0.005786
0.005112
0.003843
0.007198
0.003677
0.003977
0.005225
0.010859
0.009836
0.010168
0.015469
0.008739
0.009789
0.015293
0.031024
0.005114
0.011818
0.006899
0.011999
0.008195
0.009889
0.004647
0.00862
0.005941
0.004751
0.011577
0.004363
0.00431
0.013791
0.005755
0.01007
0.03239
0.008367
0.004496
0.00626
0.009075
0.006425
0.004915
0.013097
0.004533
0.009227
0.003837
0.006619
0.006419
0.005116
0.012038
0.01472
0.008218
0.012198
0.005496
0.007853
0.010854
0.019844
0.01497
0.009372
0.009138
0.009899
0.014097
0.00516
0.007354
0.00641
0.006297
0.016375
0.00749
0.010752
0.012979
0.012821
0.025665
0.025213
0.015356
0.004907
0.015022
0.011947
0.016555
0.009562
0.016003
0.012613
0.009575
0.008627
0.018745
0.013886
0.005375
0.009935
0.004328
0.010542
0.007581
0.013774
0.009817
0.006245
0.007656
0.00548
0.008033
0.010783
0.007672
0.010841
0.013554
0.013928
0.021287
0.007202
0.005363
0.008838
0.013734
0.013927
0.017549
0.007914
0.016328
0.006016
0.02056
0.009742
0.005554
0.01352
0.015397
0.010821
0.01317
0.007031
0.01238
0.009998
0.011118
0.01344
0.014323
0.00995
0.005433
0.005443
0.008621
0.012246
0.017505
0.01919
0.011406
0.018877
0.010996
0.01099
0.013087
0.007008
0.02387
0.015654
0.01668
0.012141
0.004879
0.007265
0.023976
0.006858
0.004373
0.005608
0.01448
0.006794
0.02236
0.010916
0.015007
0.045058
0.037052
0.004733
0.00753
0.017903
0.00938
0.008534
0.00901
0.018989
0.006966
0.010395
0.010178
0.004361
0.03326
0.012248
0.010634
0.005984
0.022462
0.00606
0.021523
0.020198
0.01086
0.019586
0.009229
0.005601
0.010196
0.012782
0.004686
0.013096
0.005296
0.006905
0.007403
0.008002
0.009816
0.022379
0.006136
0.007787
0.004559
0.045391
0.004985
0.007765
0.007087
0.015356
0.006652
0.011744
0.010988
0.006044
0.013849
0.007516
0.002791
0.005388
0.008953
0.005192
0.006733
0.015495
0.005802
0.017842
0.011446
0.006281
0.022163
0.007204
0.011466
0.007019
0.005577
0.005036
0.011488
0.023629
0.006166
0.006871
0.0056
0.040477
0.007918
0.002468
0.006618
0.007458
0.011401
0.006679
0.006899
0.006845
0.005782
0.01626
0.028448
0.006426
0.015977
0.006078
0.007901
0.008898
0.01198
0.00566
0.011242
0.002299
0.020448
0.010315
0.006979
0.005813
0.006278
0.011712