
0.000931
0.000922
0.001216
0.001021
0.000973
0.000872
0.001042
0.000995
0.001098
0.001017
0.001226
0.00102
0.00105
0.001035
0.000904
0.00097
0.001045
0.001194
0.000947
0.001057
0.000854
0.00082
0.000891
0.000961
0.00101
0.001106
0.001256
0.000881
0.001024
0.000952
0.000931
0.00094
0.001092
0.000971
0.000973
0.001015
0.000986
0.001017
0.000936
0.000911
0.001162
0.001105
0.001001
0.001001
0.000841
0.000952
0.000977
0.001146
0.000957
0.000946
0.000868
0.001073
0.000915
0.001435
0.002177
0.001596
0.001213
0.001183
0.001132
0.001104
0.001406
0.001482
0.001796
0.001601
0.001612
0.001557
0.001455
0.001671
0.001419
0.001786
0.001684
0.00153
0.001449
0.001519
0.001391
0.001024
0.001228
0.001277
0.001208
0.001335
0.000933
0.001034
0.001091
0.001433
0.000831
0.001017
0.001081
0.000937
0.00106
0.001054
0.001136
0.000995
0.000775
0.000843
0.000876
0.000988
0.001767
0.001456
0.001539
0.001117
0.001038
0.001092
0.001102
0.001116
0.001036
0.001442
0.001208
0.001134
0.001468
0.001473
0.001412
0.001482
0.001321
0.001271
0.001216
0.001141
0.001159
0.001842
0.001009
0.001029
0.001457
0.001166
0.001394
0.001086
0.00146
0.001821
0.001464
0.001179
0.000984
0.001047
0.001198
0.001984
0.001006
0.000906
0.000985
0.00099
0.000917
0.001013
0.001526
0.001097
0.001045
0.001702
0.001233
0.001106
0.001107
0.001559
0.000866
0.000926
0.003574
0.001225
0.000985
0.001051
0.001042
0.001256
0.001301
0.001027
0.001415
0.000866
0.001043
0.001153
0.001477
0.00129
0.001365
0.001763
0.001118
0.001177
0.002662
0.002139
0.001212
0.00143
0.001599
0.001181
0.001114
0.000867
0.001098
0.001544
0.001145
0.000963
0.001284
0.001152
0.001148
0.001468
0.001424
0.001019
0.003921
0.001835
0.001044
0.001134
0.001125
0.001374
0.001189
0.002158
0.001024
0.001039
0.000956
0.00138
0.001155
0.001265
0.00194
0.00148
0.000914
0.001213
0.00115
0.001369
0.001736
0.001236
0.001019
0.000863
0.000953
0.001099
0.001447
0.000903
0.000907
0.001262
0.001262
0.001958
0.000994
0.001138
0.001088
0.001171
0.00155
0.0016
0.000948
0.001382
0.001464
0.001224
0.001145
0.001095
0.001081
0.001065
0.000946
0.001038
0.001693
0.001419
0.000956
0.000887
0.001066
0.001251
0.000959
0.001155
0.00103
0.001048
0.001235
0.000884
0.001286
0.001148
0.001037
0.001022
0.001438
0.001146
0.001349
0.001259
0.000886
0.001156
0.000951
0.001869
0.00117
0.000906
0.001285
0.000894
0.001681
0.001082
0.000991
0.000993
0.000951
0.001041
0.001082
0.000948
0.00105
0.000854
0.001417
0.001121
0.001525
0.001649
0.001014
0.001011
0.001474
0.001475
0.001446
0.001922
0.001141
0.001361
0.001069
0.001198
0.001306
0.001082
0.00183
0.001667
0.001046
0.0009
0.00115
0.001334
0.0032
0.001296
0.000877
0.000841
0.001421
0.001586
0.002147
0.001713
0.001952
0.003059
0.00213
0.00107
0.001164
0.001446
0.001926
0.001588
0.0018
0.003624
0.001854
0.001228
0.000908
0.000973
0.002123
0.001272
0.001081
0.001141
0.001655
0.001177
0.001298
0.001485
0.001969
0.001998
0.000883
0.000889
0.001039
0.000988
0.000869
0.001075
0.001082
0.00104
0.001348
0.000978
0.001049
0.003473
0.001318
0.00099
0.00118
0.003717
0.000956
0.001031
0.001049
0.001199
0.001374
0.0012
0.00105
0.001448
0.001903
0.00129
0.000971
0.001339
0.001384
0.000921
0.000853
0.001757
0.001168
0.00237
0.00099
0.001193
0.001442
0.001247
0.000857
0.001085
0.001046
0.000846
0.000952
0.001072
0.000971
0.001236
0.001206
0.003202
0.001309
0.000846
0.000878
0.000993
0.001271
0.000958
0.001252
0.001217
0.001042
0.001392
0.002271
0.000961
0.001675
0.001152
0.000916
0.000902
0.001478
0.000882
0.001458
0.000911
0.001872
0.001808
0.001209
0.001144
0.001004
0.001289