
0.028199
0.0604127
0.0713654
0.0900368
0.0728938
0.0841018
0.0841018
0.10627
0.129248
0.0127813
0.0082084
0.0393599
0.0185811
0.0285484
0.13338
0.13275
0.122529
0.152767
0.152102
0.0223228
0.0228707
0.0340362
0.0238109
0.0345685
0.0454128
0.0351826
0.046039
0.0263755
0.0152887
0.0142676
0.0200862
0.028679
0.023926
0.0333699
0.197619
0.184593
0.205927
0.0447272
0.0571229
0.0480809
0.0736719
0.0442828
0.0700651
0.0572368
0.0469932
0.0753659
0.0462962
0.0555251
0.0573886
0.0573886
0.041138
0.0746488
0.122567
0.0926741
0.0926741
0.0985511
0.0711886
0.0711886
0.0557372
0.0674764
0.0412497
0.0356443
0.0448619
0.0128673
0.0417158
0.0748894
0.0163811
0.0113612
0.102243
0.121285
0.158297
0.0340227
0.058657
0.0572888
0.0595917
0.0603173
0.0603173
0.0603173
0.0604066
0.0605254
0.060615
0.060615
0.060615
0.0606742
0.0605445
0.0605254
0.0606001
0.0608232
0.060862
0.0609442
0.0610248
0.0610248
0.0615233
0.0618573
0.0618573
0.0619409
0.0619409
0.00042645
0.000383933
0.000341874
0.000341874
0.000508164
0.000674818
0.00079861
0.00079861
0.00574816
0.00576004
0.0237675
0.0237077
0.0532804
0.0862779
0.08732
0.10502
0.113854
0.0797106
0.0656665
0.0587932
0.0508969
0.060684
0.060684
0.0665955
0.0508196
0.0635843
0.0732197
0.0732197
0.102491
0.0932737
0.0834459
0.103207
0.113456
0.0928303
0.0325209
0.0100467
0.00112718
0.00957253
0.0425709
0.0198511
0.0301809
0.0519255
0.0511621
0.0286134
0.0615156
0.0389796
0.0492745
0.0492745
0.0485641
0.0265482
0.0588845
0.0644336
0.0404551
0.0388593
0.0375513
0.0375513
0.0543324
0.018328
0.00773009
0.0174572
0.0109504
0.00983109
0.0139448
0.011893
0.0354102
0.0241761
0.0173787
0.0241903
0.0241903
0.0244087
0.0316522
0.025128
0.0399175
0.0872693
0.00814035
0.0133771
0.0149227
0.0168496
0.0202876
0.0441805
0.0265627
0.0274976
0.0339988
0.0606374
0.0344186
0.0414251
0.0627411
0.0358328
0.0451399
0.0148532
0.0316173