
2e-06
1e-06
1e-06
1e-06
2e-06
1e-06
1e-06
1e-06
3e-06
1e-06
1e-06
1e-06
1e-06
1e-06
1e-06
1e-06
2e-06
1e-06
1e-06
1e-06
1e-06
1e-06
1e-06
1e-06
1e-06
1e-06
1e-06
1e-06
1e-06
1e-06
1e-06
1e-06
2e-06
1e-06
1e-06
1e-06
1e-06
1e-06
1e-06
1e-06
1e-06
1e-06
1e-06
1e-06
1e-06
1e-06
1e-06
1e-06
1e-06
1e-06
1e-06
1e-06
1e-06
2e-06
3e-06
1e-06
1e-06
1e-06
1e-06
1e-06
1e-06
1e-06
2e-06
2e-06
8e-05
2e-06
2e-06
2e-06
1e-06
2e-06
2e-06
2e-06
2e-06
1e-06
2e-06
0.020541
0.017835
0.020294
0.021796
0.021913
0.016398
0.025696
0.022462
0.061886
0.016597
0.016607
0.017105
0.017064
0.017029
1e-06
2e-06
1e-06
6e-06
1e-06
6e-06
7e-06
4e-06
3e-06
1e-06
1e-06
2e-06
1e-06
2e-06
1e-06
2e-06
0.023597
0.071105
0.01773
0.058749
0.025354
0.061628
0.023487
0.019306
0.018846
0.018249
0.021523
0.020659
0.059369
0.017796
0.020542
0.055156
0.019694
0.021638
0.016754
0.016744
3e-06
3e-06
2e-06
6.2e-05
2e-06
1e-06
3e-06
0.0222
1e-06
1e-06
2e-06
2e-06
1e-06
3e-06
0.024518
0.025473
3e-06
1e-06
2e-06
2e-06
2e-06
2e-06
1e-06
9e-06
1e-06
2e-06
2e-06
3e-06
3e-06
0.021221
0.019245
0.019027
0.017226
0.018091
0.031601
0.053826
0.02068
0.027828
0.062683
0.019042
0.017585
0.068792
2e-06
1e-06
3e-06
4e-06
2e-06
2e-06
2e-06
0.020852
0.063453
0.021404
0.016854
0.05642
0.034039
0.01525
0.053391
0.058047
0.016044
0.065557
0.076905
0.016815
0.01857
0.019393
0.06346
0.020035
0.069295
1e-06
2e-06
2e-06
3e-06
2e-06
2e-06
3e-06
2e-06
0.019627
0.025498
2e-06
3e-06
4e-06
1e-06
1e-06
1e-06
2e-06
1e-06
0.064851
1e-06
1e-06
2e-06
2e-06
3e-06
0.01894
1e-06
2e-06
1e-06
2e-06
3e-06
2e-06
1e-06
2e-06
1e-06
1e-06
1e-06
1e-06
1e-06
1e-06
1e-06
0.065265
0.067184
0.032604
1e-06
1e-06
0.033143
0.026009
0.027802
0.026891
0.028937
0.031389
0.025125
0.090447
0.027981
0.024038
0.024473
0.062851
0.050962
0.061718
0.081968
0.029945
0.02147
0.021141
0.07809
0.02832
0.025797
0.03906
0.02388
0.074178
0.025281
0.025515
0.023897
0.027142
0.028929
0.029957
0.030121
0.027473
0.02716
0.026238
0.025935
0.08111
2e-06
1e-06
1e-06
3e-06
2e-06
1e-06
3e-06
0.041542
0.017598
0.019348
2e-06
2e-06
1e-06
3e-06
4e-06
1e-06
1e-06
1e-06
1e-06
8e-06
2e-06
1e-06
2e-06
3e-06
3e-06
5e-06
4e-06
3e-06
4e-06
2e-06
2e-06
3e-06
4e-06
4e-06
2e-06
4e-06
9e-06
3e-06
2e-06
2e-06
1e-06
2e-06
0.026912
2e-06
1e-06
3e-06
1e-06
2e-06
1e-06
3e-06
3e-06
0.016663
1e-06
0.028438
0.019672
0.018737
0.015187
0.015487
0.014947
0.059001
0.01429
0.012621
0.071132
0.021837
0.01458
0.016363
0.070024
0.016151
0.016127
0.016338
0.017122
0.024706
0.023513
0.018687
0.058777
0.065644
0.024577
0.016827
0.017072
0.022522
0.020253
0.014349
0.021184
0.018418
0.063033
0.014117
0.036565
0.052813
0.022181
0.018604
0.02724
0.018748
0.019828
0.019686
0.020371
0.02056
0.059389
0.023395
0.069798
0.020787
0.018567
0.020494
0.020026
0.032643
0.021151
0.057841
0.021031
0.031817
0.055491
0.075523
0.023141
0.069663
0.031819
0.019481
0.019233
0.073082
0.022323
0.056297
0.025233
0.078078
0.063605
0.039045
0.020395
0.019632
0.068438