
0.007808
0.011575
0.01785
0.00693
0.010749
0.007019
0.016422
0.006995
0.012162
0.007316
0.018195
0.012121
0.015703
0.006869
0.006955
0.007264
0.008205
0.014151
0.007863
0.007547
0.005911
0.007973
0.008413
0.00702
0.007846
0.01066
0.008268
0.006742
0.012874
0.00912
0.010831
0.011602
0.008074
0.010331
0.007518
0.007535
0.006619
0.00651
0.005834
0.007866
0.006111
0.008032
0.007166
0.007639
0.005665
0.006159
0.012379
0.008077
0.007801
0.009142
0.007004
0.016697
0.007174
0.011843
0.028971
0.020868
0.009686
0.020546
0.008251
0.00688
0.00978
0.010861
0.015911
0.013378
0.014776
0.016055
0.010801
0.016223
0.010836
0.026679
0.011981
0.012254
0.013582
0.016704
0.014133
0.029027
0.040515
0.037231
0.033349
0.034152
0.026307
0.049967
0.034563
0.077299
0.022813
0.030634
0.025718
0.027665
0.03381
0.017107
0.015761
0.011662
0.00897
0.01158
0.008598
0.011708
0.01652
0.027608
0.035898
0.009235
0.007426
0.059058
0.012216
0.00911
0.00946
0.034913
0.084963
0.032904
0.07183
0.037838
0.075584
0.038689
0.031675
0.046446
0.030216
0.031622
0.034818
0.079795
0.028288
0.028784
0.065705
0.026894
0.031443
0.027894
0.02598
0.02268
0.013147
0.013646
0.009787
0.008788
0.009625
0.01567
0.029257
0.014618
0.025093
0.007373
0.011956
0.012102
0.012432
0.031347
0.034082
0.041229
0.017161
0.01378
0.022851
0.011373
0.01108
0.009139
0.042472
0.009593
0.006978
0.0118
0.009062
0.009164
0.029177
0.025426
0.030885
0.026072
0.024135
0.040078
0.072078
0.03498
0.048246
0.08457
0.034516
0.031113
0.089504
0.058983
0.011347
0.023151
0.016328
0.021922
0.014312
0.015669
0.03026
0.080661
0.033057
0.025189
0.078191
0.042484
0.023204
0.078038
0.071353
0.032823
0.113635
0.096538
0.025986
0.031737
0.035037
0.077233
0.027572
0.088704
0.007205
0.012936
0.006372
0.010313
0.0099
0.006999
0.019299
0.020382
0.030844
0.041054
0.008389
0.011933
0.016532
0.026718
0.021683
0.012504
0.012112
0.013964
0.083368
0.007675
0.010207
0.009404
0.009875
0.021093
0.029959
0.0152
0.016832
0.017041
0.033021
0.033413
0.019806
0.007403
0.019085
0.016659
0.022743
0.015929
0.020762
0.016746
0.01248
0.011104
0.091999
0.086381
0.040486
0.013263
0.006895
0.04744
0.036576
0.045773
0.040394
0.038005
0.041725
0.032992
0.101084
0.042679
0.033661
0.039148
0.081194
0.070484
0.089361
0.091861
0.037695
0.033532
0.039439
0.102703
0.051262
0.036579
0.060547
0.031717
0.10193
0.038538
0.033658
0.041913
0.047311
0.043373
0.048106
0.039878
0.043966
0.040681
0.04104
0.047199
0.101461
0.019322
0.00804
0.007971
0.012447
0.019487
0.024079
0.026265
0.056323
0.042789
0.034015
0.015228
0.016873
0.010429
0.032046
0.019904
0.023295
0.01576
0.007547
0.010678
0.032078
0.009909
0.005961
0.007173
0.019788
0.010505
0.028392
0.016312
0.028326
0.058132
0.04331
0.007172
0.010711
0.023678
0.013796
0.012691
0.013529
0.028417
0.010656
0.015863
0.019203
0.009697
0.060891
0.043152
0.014327
0.008465
0.029554
0.008512
0.030564
0.028361
0.016232
0.026351
0.029615
0.008306
0.042256
0.038207
0.025785
0.033077
0.02317
0.025018
0.069362
0.025097
0.025857
0.100658
0.030571
0.025501
0.023178
0.122043
0.023641
0.027112
0.029632
0.038771
0.034311
0.039815
0.036778
0.067703
0.086516
0.03802
0.021127
0.024545
0.035501
0.027892
0.023267
0.042454
0.027093
0.088168
0.039305
0.049593
0.096896
0.038019
0.039972
0.036524
0.027251
0.027384
0.035265
0.051437
0.029821
0.069452
0.031946
0.114921
0.033146
0.02233
0.029366
0.03071
0.047694
0.030803
0.067613
0.030748
0.045927
0.084278
0.111102
0.032316
0.092845
0.040473
0.030748
0.031286
0.089656
0.030596
0.072324
0.028944
0.105652
0.077681
0.049091
0.028284
0.028756
0.084752