
1.51639e+09
0.009013
0.012875
0.019127
0.00821
0.012044
0.008282
0.017737
0.00823
0.013464
0.008653
0.019514
0.013429
0.017237
0.00827
0.008403
0.0087
0.009542
0.015485
0.009051
0.00872
0.007061
0.009177
0.009637
0.008129
0.00902
0.011879
0.009506
0.007964
0.014243
0.01052
0.012349
0.013123
0.009478
0.011808
0.009048
0.008959
0.008003
0.007864
0.007144
0.009218
0.00749
0.00938
0.008485
0.008891
0.006869
0.007369
0.01364
0.009322
0.009006
0.010505
0.009683
0.055972
0.053054
0.056046
0.054471
0.043318
0.048845
0.049631
0.04719
0.052719
0.051801
0.052337
0.053756
0.050023
0.050883
0.050198
0.056479
0.036995
0.050407
0.049832
0.049803
0.050467
0.0453
0.049886
0.220994
0.086379
0.078438
0.068166
0.063945
0.05337
0.060081
0.082998
0.053352
0.204667
0.040445
0.049875
0.050479
0.049328
0.064272
0.048933
0.050639
0.050524
0.052071
0.047674
0.045882
0.087337
0.082862
0.062224
0.072292
0.043076
0.012969
0.281821
0.048694
0.047757
0.048731
0.120167
0.109909
0.055145
0.100908
0.190087
0.109534
0.066152
0.058522
0.073735
0.061867
0.06279
0.049763
0.246504
0.058074
0.050874
0.096836
0.088199
0.053038
0.049445
0.087142
0.059187
0.028766
0.046837
0.140353
0.013041
0.111094
0.049214
0.048689
0.036089
0.047716
0.028987
0.028314
0.081243
0.020566
0.069758
0.101655
0.068278
0.047221
0.049701
0.093115
0.036336
0.026983
0.062013
0.13356
0.034175
0.049686
0.079442
0.071492
0.039645
0.050392
0.046899
0.053195
0.047844
0.091349
0.060854
0.095591
0.097909
0.079278
0.121388
0.046359
0.043011
0.292304
0.085424
0.086074
0.04591
0.045933
0.045338
0.037185
0.040577
0.229973
0.109527
0.054778
0.030218
0.155836
0.05873
0.05002
0.0922
0.213144
0.094801
0.191217
0.121943
0.048954
0.056137
0.057854
0.242489
0.085334
0.130013
0.0374
0.05023
0.053569
0.044513
0.048767
0.098938
0.048559
0.194126
0.089352
0.071797
0.077356
0.084686
0.048381
0.046007
0.046287
0.051656
0.041321
0.05119
0.187014
0.01082
0.062109
0.05153
0.064843
0.04107
0.083698
0.034094
0.022151
0.07865
0.090673
0.060604
0.030746
0.068415
0.047551
0.044827
0.049349
0.050897
0.050924
0.049719
0.138609
0.026655
0.120812
0.116983
0.057178
0.019012
0.074819
0.064161
0.054024
0.063128
0.058248
0.093657
0.0575
0.105322
0.110013
0.049925
0.154899
0.054571
0.145892
0.085561
0.151747
0.111019
0.051969
0.047595
0.09406
0.131414
0.067003
0.093937
0.211053
0.088901
0.128699
0.054554
0.049412
0.059753
0.065405
0.062506
0.066782
0.057047
0.060812
0.057061
0.057356
0.100703
0.118013
0.162746
0.011829
0.06811
0.044825
0.050353
0.091925
0.101744
0.068503
0.056036
0.087966
0.034594
0.020826
0.055917
0.054613
0.041932
0.049338
0.053145
0.050004
0.052299
0.041664
0.149915
0.016127
0.053146
0.091688
0.069877
0.086496
0.03751
0.088711
0.122408
0.057391
0.050524
0.053781
0.090189
0.034905
0.033545
0.088657
0.045067
0.01466
0.157166
0.030364
0.11114
0.084141
0.05624
0.025968
0.068653
0.04632
0.035161
0.061933
0.09683
0.030411
0.165317
0.041101
0.059464
0.055921
0.051381
0.028816
0.054934
0.050034
0.064081
0.080944
0.034529
0.073919
0.122138
0.040547
0.051616
0.090682
0.127332
0.156532
0.038136
0.051316
0.089554
0.0504
0.052308
0.049228
0.082035
0.114973
0.049242
0.027754
0.06138
0.049378
0.046694
0.066912
0.057645
0.076623
0.253651
0.097744
0.06094
0.104499
0.049946
0.21702
0.048645
0.050312
0.050285
0.050299
0.0649
0.042089
0.083592
0.045991
0.129931
0.048256
0.050793
0.049917
0.091187
0.060792
0.049375
0.07355
0.24501
0.051953
0.303389
0.132552
0.087052
0.118349
0.052592
0.03346
0.111379
0.107224
0.045196
0.091712
0.083912
0.246393
0.138906
0.062556
0.049695
0.090295