
0.001022
0.004669
0.006795
0.010137
0.013129
0.01116
0.010317
0.01005
0.007183
0.009138
0.010516
0.012297
0.016124
0.01605
0.016371
0.017274
0.017815
0.01097
0.011131
0.011154
0.010869
0.011257
0.00662
0.006633
0.019633
0.050331
0.029294
0.024312
0.023955
0.012384
0.026189
0.025145
0.011812
0.008599
0.012215
0.01192
0.012382
0.011719
0.024856
0.024884
0.025378
0.025659
0.027734
0.025637
0.020469
0.058216
0.056563
0.02588
0.027476
0.026106
0.017231
0.026392
0.026771
0.026104
0.077087
0.014704
0.014392
0.020451
0.012821
0.02676
0.019838
0.019892
0.020968
0.025077
0.025113
0.00885
0.016679
0.023689
0.016703
0.023902
0.056158
0.016386
0.016557
0.056046
0.028373
0.00805
0.004915
0.015447
0.058733
0.022327
0.015034
0.016387
0.0174
0.016716
0.029173
0.020809
0.059664
0.02032
0.017305
0.017061
0.059894
0.017586
0.010765
0.028344
0.005322
0.01915
0.018787
0.042174
0.056821
0.023683
0.016311
0.016515
0.018039
0.015772
0.062509
0.015736
0.018114
0.057146
0.023727
0.027759
0.007274
0.007066
0.057101
0.014282
0.052519
0.015202
0.022081
0.016418
0.016943
0.017541
0.054492
0.018112
0.015838
0.0639
0.010914
0.010754
0.006418
0.015188
0.05653
0.069323
0.013757
0.016928
0.017303
0.017101
0.006742
0.05222
0.030079
0.017335
0.017952
0.022439
0.016484
0.015339
0.064201
0.012428
0.011755
0.050971
0.021815
0.049958
0.060647
0.016646
0.012299
0.01309
0.01426
0.005611
0.006163
0.007848
0.010824
0.011897
0.024505
0.012833
0.048406
0.011725
0.025936
0.051793
0.016061
0.016157
0.014992
0.010473
0.009921
0.010507
0.011207
0.01111
0.002788
0.009975
0.017768
0.020417
0.011234
0.020694
0.011287
0.011831
0.011663
0.0121
0.050008
0.010801
0.064735
0.002933
0.002412
0.011164
0.010675
0.05697
0.010344
0.05492
0.013229
0.009831
0.009643
0.049567
0.018536
0.010714
0.052324
0.002525
0.052236
0.017401
0.011214
0.010949
0.012661
0.012719
0.013614
0.013169
0.012036
0.01189
0.011452
0.011377
0.048703
0.006096
0.010258
0.015577
0.011737
0.011159
0.051883
0.061938
0.00839
0.009191
0.048533
0.013402
0.015229
0.014429
0.010049
0.009402
0.011804
0.011613
0.007831
0.003289
0.007293
0.007176
0.009496
0.051101
0.053521
0.051819
0.014912
0.053918
0.056893
0.009612
0.009994
0.013327
0.053113
0.015105
0.014765
0.058972
0.005069
0.00726
0.007637
0.06242
0.015137
0.008918
0.016185
0.011408
0.01101
0.054673
0.004973
0.007983
0.008276
0.016008
0.010055
0.009619
0.008619
0.00874
0.021019
0.007947
0.006812
0.045044
0.015104
0.007136
0.008666
0.04903
0.002043
0.007883
0.008015
0.008921
0.047373
0.011704
0.009274
0.009088
0.010454
0.019839
0.008131
0.010439
0.010037
0.007098
0.019805
0.010803
0.046674
0.00413
0.054056
0.007526
0.00293
0.002768
0.013
0.008888
0.008948
0.009123
0.009504
0.010105
0.009032
0.010437
0.010338
0.010553
0.009047
0.009608
0.00966
0.049955
0.009637
0.008896
0.002328
0.010424
0.002376
0.055031
0.015385
0.051367
0.018415
0.009062
0.065508
0.01308
0.008934
0.014351
0.051543
0.005423
0.054899
0.00979
0.009354
0.049438
0.05357