
146
75
57
47
47
35
55
56
52
54
32
148
32
31
148
61
148
148
37
28
150
158
162
94
147
239
209
17
142
21
48
158
147
158
142
239
209
142
242
397
243
119
242
142
234
242
314
123
253
325
148
63
500
113
60
48
37
62
59
56
56
43
40
63
25
20
45
52
80
25
37
18
59
44
18
47
63
55
96
39
35
42
44
37
66
37
37
15
66
43
36
8
53
69
48
42
48
48
35
31
36
107
89
89
96
215
160
89
141
143
96
141
18
132
155
120
67
406
133
500
129
274
245
129
133
133
298
229
192
92
274
153
283
63
225
165
406
63
179
63
267
120
63
80
61
108
61
111
108
56
48
235
111
56
236
60
282
156
103
26
35
32
103
43
18
41
41
41
26
41
43
70
43
71
20
41
18
94
15
15
52
32
13
51
48
32
61
24
25
17
87
20
14
54
96
88
12
8
55
25
16
98
37
18
20
30
73
57
22
46
33
22
50
68
27
55
12
58
108
32
10
51
50
105
32
279
33
44
59
33
74
241
18
9
54
65
19
54
18
12
48
43
229
259
64
73
106
110
477
74
444
252
258
284
258
77
210
63
51
253
264
264
267
270
256
288
490
460
51
253
51
215
338
67
43
490
386
270
258
300
220
88
275
60
345
210
479
300
130
191
82
130
345
220
312
240
214
165
494
115
83
258
500
39
430
192
498
500
417
288
36
101
190
70
21
485
198
144
309
301
87
484
491
347
448
165
398
317
347
21
266
222
22
110
81
105
110
102
169
93
220
313
350
213
143
81
177
271
118
446
143
177
410
78
446
95
132
93
145
102
65
168
32
123
72
70
32
105
109
173
65
123
109
168
41
235
141
65
70
235
192
398
65
152
333
82
65
81
81
71
71
109
69
67
36
59
11
62
62
9
110
53
118
36
67
11
331
304
103
338
135
451
109
228
214
89
241
135
121
87
216
126
59
245
131
455
134
219
145
309
216
107
97
216
135
107
210
85
200
317
216
136
203
69
416
53
86
148
96
304
408
244
50
98
106
118
125
176
43
125
96
358
106
96
244
308
44
99
148
96
45
43
98
165
96
137
96
96
114
133
72
72
72
66
123
40
28
65
72
67
84
58
56
103
73
46
110
412
115
108
108
108
37
464
148
192
349
148
132
108
420
412
420
157
163
119
412
29
163
29
148
185
341
180
141
185
124
116
40
119
83
27
105
59
142
43
122
49
422
169
118
145
152
25
468
189
185
77
371
160
244
153
250
311
252
154
160
15
264
93
158
99
163
274