
146
169
167
381
240
195
103
126
96
124
158
162
94
147
239
209
147
142
266
118
483
153
124
56
272
230
129
129
115
110
135
150
123
47
235
233
130
242
100
106
142
74
136
194
134
201
134
134
95
100
120
216
95
241
67
229
91
133
104
151
108
276
231
199
294
241
186
396
101
120
103
70
150
166
103
62
226
242
272
265
94
67
67
197
223
236
74
123
269
342
88
34
60
266
215
93
278
37
43
101
304
123
266
267
53
167
288
277
33
333
204
234
56
277
259
168
258
252
48
321
94
215
63
99
499
63
63
267
57
238
82
229
65
258
65
281
400
277
479
352
236
360
290
274
115
296
386
67
494
176
500
417
288
170
101
190
70
70
485
198
500
72
269
169
88
300
72
72
488
350
65
168
261
123
72
70
402
105
109
173
361
83
71
158
220
62
87
64
110
126
135
121
87
216
126
53
245
131
455
134
148
96
304
408
244
43
98
106
118
125
101
101
101
141
249
40
87
142
101
343
412
115
108
108
108
29
464
148
192
349
418
163
110
147
138
27
457
178
181
70
422
169
118
145
152
15
468
189
185
77
318
270
270
257
322
15
488
167
188
85