
0.030671
0.003784
0.006821
0.005257
0.004746
0.003281
0.006716
0.003425
0.002881
0.006531
0.003226
0.007023
0.003381
0.003062
0.007921
0.007609
0.009676
0.003252
0.003017
0.003558
0.004161
0.003818
0.003134
0.003699
0.003629
0.002699
0.003901
0.004418
0.003474
0.003681
0.006195
0.003821
0.003214
0.007764
0.004635
0.00613
0.006784
0.004155
0.005801
0.003567
0.003629
0.003177
0.003019
0.002471
0.003696
0.00305
0.003977
0.00323
0.003586
0.002354
0.002724
0.002985
0.003962
0.003914
0.00384
0.004748
0.003484
0.006486
0.003231
0.003562
0.005885
0.007601
0.009025
0.00514
0.005253
0.004378
0.007164
0.004328
0.003518
0.003255
0.004256
0.004833
0.007854
0.005423
0.00675
0.007684
0.004853
0.008128
0.00536
0.007743
0.006963
0.00552
0.00566
0.006614
0.009862
0.007283
0.052158
0.00327
0.002524
0.002212
0.003174
0.003088
0.002824
0.002195
0.002165
0.001571
0.0021
0.002609
0.001484
0.003816
0.003232
0.00386
0.001945
0.007735
0.002065
0.003209
0.003401
0.003727
0.002295
0.002913
0.002931
0.003102
0.005229
0.003338
0.002897
0.004183
0.002102
0.0044
0.004277
0.03627
0.001252
0.001274
0.00161
0.003338
0.00387
0.003489
0.004057
0.006265
0.005675
0.004093
0.011516
0.008918
0.006073
0.004327
0.006005
0.004
0.006507
0.009979
0.010418
0.004773
0.00912
0.011758
0.004231
0.0027
0.010277
0.041491
0.003246
0.002229
0.002048
0.002168
0.003543
0.003268
0.003086
0.002972
0.004497
0.001927
0.003749
0.002408
0.002692
0.001824
0.002282
0.002594
0.003243
0.002134
0.004534
0.002398
0.006169
0.00261
0.004272
0.00206
0.003782
0.002784
0.034124
0.001574
0.001882
0.002117
0.001197
0.002906
0.003548
0.003123
0.003433
0.001472
0.001447
0.004445
0.003377
0.005325
0.002371
0.00435
0.002027
0.006152
0.004489
0.003518
0.0025
0.004213
0.002149
0.003257
0.001691
0.005186
0.00357
0.006843
0.003092
0.036463
0.002227
0.001199
0.003167
0.00358
0.003124
0.003517
0.003044
0.002934
0.001884
0.001946
0.003431
0.002148
0.003701
0.004676
0.003225
0.004191
0.006299
0.004193
0.005075
0.005418
0.006067
0.003803
0.003251
0.003712
0.001586
0.047737
0.004403
0.005037
0.007118
0.003282
0.008291
0.003182
0.011506
0.003334
0.00674
0.006742
0.00567
0.003085
0.004351
0.014352
0.010504
0.005594
0.003243
0.008119
0.004458
0.009078
0.004436
0.006147
0.004907
0.023244
0.004137
0.051566
0.005151
0.00299
0.006613
0.004955
0.004074
0.003385
0.002505
0.002641
0.002395
0.002461
0.002374
0.002567
0.003578
0.008361
0.002053
0.00755
0.003693
0.004021
0.003593
0.012221
0.006843
0.002297
0.007733
0.011303
0.043054
0.002855
0.001345
0.00281
0.002713
0.002347
0.003051
0.001324
0.001579
0.001724
0.001494
0.007872
0.017685
0.003789
0.004298
0.003536
0.003386
0.009316
0.005614
0.004778
0.005216
0.009582
0.002986
0.00634
0.001672
0.008266
0.001832
0.003149
0.001611
0.044782
0.002626
0.001233
0.001261
0.003203
0.001515
0.001734
0.003346
0.003472
0.001412
0.002332
0.006142
0.002557
0.00434
0.002372
0.003383
0.001307
0.009207
0.003561
0.002908
0.001272
0.002861
0.001101
0.011107
0.004812
0.003809
0.003944
0.035798
0.002443
0.001213
0.00106
0.003108
0.001453
0.00169
0.003598
0.001889
0.001807
0.008143
0.001943
0.026197
0.008826
0.005756
0.005729
0.003063
0.001743
0.004519
0.003087
0.007098
0.001978
0.004477
0.002881
0.051462
0.00324
0.003404
0.001852
0.003304
0.001837
0.003534
0.003736
0.002711
0.001042
0.002046
0.003405
0.00973
0.003198
0.007334
0.002622
0.004783
0.00474
0.003487
0.009046
0.011978
0.05473
0.00142
0.001599
0.003303
0.003463
0.001173
0.003153
0.00123
0.001586
0.001698
0.006603
0.009933
0.003933
0.005834
0.007996
0.003722
0.012913
0.001988
0.010325
0.007718
0.007298
0.007849
0.011391
0.042955
0.003854
0.005794
0.004673
0.004546
0.01314
0.005674
0.008529
0.010797
0.010548
0.009655
0.011917
0.02098
0.013006
0.003183
0.01233
0.003357
0.00628
0.009912
0.003798
0.007573
0.00187
0.013341
0.01038
0.007721
0.06035
0.006797
0.015274
0.011196
0.003955
0.008198
0.002929
0.008242
0.005961
0.011182
0.007871
0.004621
0.005812
0.004161
0.006018
0.008577
0.005955
0.062715
0.008864
0.010923
0.006225
0.005161
0.017688
0.005253
0.004044
0.006886
0.011326
0.010832
0.004017
0.014786
0.006391
0.013484
0.061633
0.002514
0.001619
0.004636
0.016948
0.007746
0.004105
0.011107
0.013004
0.008714
0.010759
0.00552
0.010133
0.008171
0.008636
0.004028
0.006982
0.001632
0.011395
0.007508
0.00299
0.061152
0.003954
0.004034
0.006304
0.004645
0.004888
0.010858
0.00378
0.015454
0.00929
0.009289
0.006281
0.004892
0.003956
0.008832
0.010618
0.005301
0.019485
0.006884
0.005905
0.009844
0.003909
0.009943
0.003304
0.005199
0.008811
0.010039
0.005021
0.045975
0.001396
0.001497
0.00314
0.004317
0.004384
0.007233
0.004744
0.018136
0.008008
0.007528
0.004073
0.004314
0.020413
0.017183
0.032531
0.003308
0.005687
0.014765
0.006574
0.00623
0.006471
0.013808
0.004548
0.003479
0.00462
0.03747
0.004025
0.003893
0.002988
0.00349
0.001669
0.001874
0.00343
0.001497
0.002181
0.008356
0.004437
0.003027
0.003199
0.00745
0.020213
0.007843
0.003461
0.009862
0.008528
0.004345
0.018138
0.00438
0.01275
0.004631
0.008185
0.008098
0.007948
0.015773
0.041828
0.001875
0.007391
0.004141
0.008147
0.006401
0.003666
0.003412
0.006174
0.004164
0.003735
0.00501
0.005517
0.006365
0.007784
0.016706
0.004286
0.00588
0.003011
0.036385
0.002652
0.003621
0.040286
0.001687
0.005881
0.001708
0.003615
0.001676
0.003801
0.008753
0.004663
0.003423
0.005891
0.006676
0.001873
0.001771
0.004098
0.010394
0.003749
0.001779
0.001637
0.001649
0.0036
0.006623
0.003865
0.005425
0.006359
0.005793
0.004091
0.014204
0.043535
0.004073
0.003387
0.003488
0.003634
0.004151
0.001549
0.001907
0.003271
0.003969
0.004107
0.004867
0.004216
0.003028
0.003324
0.004545
0.00374
0.013238
0.004645
0.004024
0.005395
0.005313
0.004339
0.00942
0.004592
0.044161
0.001599
0.005421
0.003987
0.003735
0.009283
0.010163
0.009606
0.004583
0.004918
0.00383
0.034641
0.001506
0.00429
0.00149
0.005211
0.00569
0.009052
0.005057
0.005001
0.004908
0.040213
0.004382
0.004176
0.002522
0.004148
0.003683
0.00165
0.003006
0.002372
0.004886
0.002984
0.004189
0.004639
0.013101
0.005224
0.041649
0.001789
0.024026
0.004811
0.012241
0.004355
0.006215
0.007078
0.009321
0.004225
0.008594
0.00129
0.016572
0.071519
0.007869
0.005078
0.004319
0.004643
0.00931