
4.24611
4.22592
4.21335
4.21335
4.34331
4.31706
4.2324
4.2073
4.25855
4.23549
4.15498
4.12642
4.07543
4.04985
4.00076
3.91175
3.90874
3.34867
3.22446
3.13257
2.99985
2.78122
2.74065
2.55651
2.46951
2.36539
2.35985
1.87088
1.63443
1.48813
1.25468
1.17804
1.02177
0.971874
0.928536
0.874664
0.847007
0.847259
0.844317
0.83022
0.83022
0.834192
0.83079
0.83083
0.834152
0.845787
0.845414
0.845496
0.830504
0.830788
0.783544
0.783053
0.789525
0.803693
0.781714
0.809107
0.789733
0.789775
0.812294
0.81242
0.820631
0.84111
0.8343
0.855927
0.821251
0.809153
0.808964
0.788701
0.798164
0.797748
0.797791
0.812455
0.801924
0.844234
0.802554
0.801936
0.791523
0.763307
0.755988
0.751254
0.786556
0.762645
0.752386
0.751133
0.800924
0.806775
0.805882