
0.005077
0.005302
0.005294
0.011095
0.005554
0.011258
0.011733
0.004143
0.010868
0.007241
0.013382
0.006873
0.006903
0.004448
0.006444
0.01048
0.006793
0.004932
0.005245
0.013144
0.005317
0.005403
0.005378
0.005538
0.012081
0.005817
0.010693
0.007039
0.005182
0.005774
0.005133
0.005678
0.00528
0.00525
0.005665
0.013031
0.006125
0.005895
0.005751
0.007111
0.007015
0.005228
0.010829
0.005389
0.005126
0.00622
0.005788
0.005649
0.010267
0.00614
0.005293
0.012218
0.006186
0.007566
0.005333
0.011037
0.006034
0.006182
0.006205
0.012974
0.005517
0.005995
0.006125
0.006407
0.005637
0.005752
0.007411
0.005444
0.005189
0.005851
0.010254
0.006108
0.0059
0.006179
0.00584
0.005532
0.005023
0.011852
0.011005
0.007776
0.010519
0.010459
0.007013
0.008139
0.006132
0.005687
0.006662
0.003669
0.005944
0.005929
0.005948
0.005761
0.006713
0.005127
0.005657
0.005537
0.005231
0.00622
0.005436
0.00531
0.005626
0.005328
0.005173
0.006191
0.005323
0.006322
0.00404
0.006025
0.006
0.004499
0.013901
0.006227
0.004787
0.005083
0.0097
0.009784
0.005581
0.005784
0.0063
0.006325
0.005232
0.005939
0.005476
0.006019
0.005403
0.006253
0.005004
0.005711
0.006067
0.005273
0.00526
0.006237
0.006483
0.006023
0.005193
0.004875
0.005109
0.011222
0.009419
0.005531
0.012445
0.006178
0.005788
0.006577
0.005054
0.005847
0.010024
0.004582
0.005587
0.004417
0.005096
0.00474
0.004335
0.006696
0.005508
0.005783
0.005128
0.008667
0.007452
0.006467
0.005771
0.012102
0.00559
0.008126
0.007906
0.005895
0.006113
0.019701
0.005581
0.006566
0.00591
0.005155
0.008307
0.005147
0.006183
0.004803
0.021208
0.006392
0.00518
0.00532
0.005957
0.005248
0.005043
0.005839
0.004996
0.006074
0.00499
0.00723
0.005151
0.006358
0.005867
0.012228
0.004961
0.005468
0.010784
0.006029
0.009385
0.004936
0.009215
0.006501
0.00933
0.008704
0.004197
0.005596
0.00502
0.006837
0.004354
0.006437
0.004939
0.005227
0.004733
0.012437
0.004393
0.005761
0.006226
0.006072
0.012109
0.018534
0.019961
0.013302
0.01783
0.012897
0.005264
0.014435
0.005294
0.005836
0.005423
0.0053
0.004389
0.005765
0.005146
0.010333
0.014669
0.019423
0.014077
0.008697
0.00609
0.014365
0.018326
0.004705
0.014296
0.010032
0.015016
0.004164
0.00406
0.014641
0.02892
0.010083
0.005648
0.007357
0.005137
0.018749
0.005333
0.009171
0.008226
0.01061
0.004253
0.005639
0.013018
0.009099
0.010844
0.009237
0.005196
0.004627
0.010526
0.009148
0.005423
0.007416
0.00516
0.00538
0.008491
0.004482
0.009394
0.005381
0.005463
0.005608
0.004912
0.006934
0.009251
0.004131
0.004852
0.008013
0.009222
0.008347
0.004028
0.004674
0.003834
0.004978
0.006014
0.004063
0.003799
0.003811
0.004608
0.004437
0.008664
0.004809
0.004458
0.007008
0.005593
0.010084
0.004364
0.007043
0.005374
0.004475
0.005343
0.004995
0.009381
0.011267
0.004793
0.007575
0.00925
0.005482
0.010845
0.006157
0.009296
0.005329
0.008947
0.006093
0.003666
0.005813
0.003649
0.009306
0.007599
0.006685
0.007708
0.003795
0.014611
0.008079
0.005674
0.005054
0.009488
0.004372
0.003795
0.004801
0.005064
0.008106
0.00336
0.006035
0.003757
0.004607
0.007543
0.007706
0.004812
0.013049
0.003318
0.003096
0.004267
0.009452
0.013658
0.003561
0.007427
0.00765
0.004345
0.008115
0.003468
0.015855
0.012785
0.009243
0.004747
0.011144
0.007468
0.004145
0.00449
0.018032
0.003364
0.003505
0.00472
0.003335
0.004692
0.003214
0.003647
0.011309
0.005293
0.017018
0.003723
0.009167
0.002924
0.003748
0.002777
0.004502
0.004906
0.011204
0.00362
0.005719
0.003763
0.010083
0.008277
0.004558
0.005174
0.005468
0.012007
0.004737
0.0048
0.007458
0.004273
0.004728
0.005148
0.007225
0.009143
0.005434
0.007604
0.00495
0.011993
0.005814
0.009277
0.009501
0.009024
0.013454
0.016381
0.011434
0.014553
0.005546
0.002254
0.01596
0.004333
0.004812
0.014614
0.0046
0.004934
0.002395
0.009776
0.008785
0.002219
0.012104
0.006256
0.005036
0.012069
0.002223
0.019217
0.007688
0.00778
0.004026
0.002453
0.004547
0.015784
0.014062
0.007758
0.007895
0.002401