
0.001018
0.000887
0.000874
0.000872
0.000945
0.000922
0.001131
0.000868
0.000919
0.00091
0.000974
0.000947
0.000846
0.000881
0.00099
0.000981
0.000964
0.000955
0.000806
0.000846
0.000913
0.000903
0.001029
0.000892
0.00093
0.001092
0.0011
0.000948
0.00086
0.000869
0.000823
0.001001
0.00081
0.000869
0.000769
0.000882
0.000835
0.001061
0.000784
0.001012
0.00088
0.000908
0.000981
0.000953
0.00082
0.001108
0.000914
0.000863
0.000904
0.000835
0.000835
0.000954
0.000988
0.001017
0.000915
0.001167
0.001032
0.001051
0.000889
0.001074
0.000916
0.001077
0.001
0.000976
0.001007
0.001034
0.001951
0.00097
0.000993
0.001113
0.00095
0.001058
0.000977
0.000963
0.00093
0.001008
0.000999
0.001001
0.001217
0.000997
0.001197
0.001058
0.001117
0.000955
0.001063
0.000933
0.000982
0.000968
0.000937
0.001187
0.000884
0.001045
0.000923
0.000853
0.000935
0.001078
0.00081
0.00105
0.000944
0.000936
0.000929
0.000995
0.000933
0.001132
0.000958
0.000876
0.000969
0.001184
0.000934
0.000934
0.001126
0.00115
0.000873
0.000883
0.000951
0.00112
0.000942
0.001066
0.001007
0.001079
0.000883
0.001156
0.000845
0.000891
0.000891
0.001063
0.000808
0.000979
0.000858
0.001083
0.00085
0.000909
0.000791
0.001003
0.000914
0.001011
0.00102
0.000911
0.001189
0.001029
0.001276
0.001599
0.001186
0.000861
0.000903
0.000879
0.001229
0.000973
0.000978
0.000925
0.000996
0.001105
0.000981
0.000938
0.001476
0.00113
0.00112
0.00128
0.000981
0.001042
0.00092
0.001056
0.001228
0.001021
0.0011
0.000851
0.00104
0.001076
0.000939
0.001082
0.000931
0.001065
0.00096
0.001081
0.000918
0.000915
0.001109
0.00092
0.000956
0.001064
0.001229
0.000981
0.001008
0.000822
0.000835
0.000835
0.000887
0.000832
0.000995
0.00089
0.000908
0.000965
0.000851
0.001146
0.000976
0.000941
0.001013
0.000864
0.001022
0.001068
0.001028
0.000995
0.000935
0.000817
0.000959
0.001211
0.000795
0.001025
0.000874
0.000852
0.000748
0.001277
0.00123
0.001267
0.001001
0.001062
0.001079
0.001356
0.001147
0.001027
0.00098
0.001259
0.000877
0.0009
0.001021
0.001029
0.000823
0.000965
0.001011
0.001067
0.001003
0.001065
0.00102
0.00106
0.000894
0.000927
0.000833
0.000965
0.001321
0.000918
0.000889
0.001062
0.001229
0.000909
0.001028
0.000898
0.00133
0.000955
0.000824
0.00095
0.000925
0.001015
0.00106
0.000921
0.000985
0.001004
0.000972
0.000933
0.001153
0.000972
0.000893
0.001233
0.001066
0.000822
0.001165
0.001099
0.000907
0.000815
0.000799
0.001087
0.000871
0.001076
0.001169
0.000863
0.000892
0.000865
0.00098
0.000863
0.001139
0.000853
0.001067
0.000863
0.00115
0.0012
0.00082
0.001
0.000885
0.000782
0.000908
0.000951
0.000842
0.00079
0.000938
0.000923
0.001005
0.000933
0.000964
0.000919
0.000925
0.000933
0.000891
0.000942
0.001016
0.000843
0.000864
0.001019
0.000974
0.001205
0.001023
0.001084
0.001222
0.001037
0.001027
0.000912
0.001282
0.000999
0.000865
0.00089
0.00095
0.000929
0.000901
0.000916
0.001107
0.000893
0.003696
0.000977
0.000937
0.001222
0.000956
0.001204
0.000905
0.000936
0.000815
0.001065
0.001136
0.001095
0.000888
0.001025
0.000846
0.000921
0.000927
0.001165
0.000936
0.000932
0.000868
0.00081
0.000925
0.001004
0.001023
0.000855
0.00097
0.00086
0.000922
0.000906
0.001048
0.00117
0.001074
0.000862
0.000977
0.000978
0.000976
0.002007
0.000927
0.000972
0.000915
0.000918
0.000876
0.000878
0.000921
0.001178
0.001007
0.001051
0.000959
0.001057
0.001211
0.000917
0.000894
0.001042
0.000879
0.000983
0.000983
0.000864
0.000928
0.000798
0.001193
0.001103
0.001095
0.001109
0.001227
0.000808
0.000939
0.000814
0.000955
0.001074
0.00094
0.000873
0.000991
0.001153
0.001252
0.000752
0.00094
0.000986
0.000868
0.001023
0.001067
0.001152
0.001193
0.00091
0.001
0.000804
0.001077
0.000913
0.000814
0.001104
0.00084
0.001081
0.000934
0.000797
0.001211
0.000897
0.001033
0.00098
0.000982
0.001109
0.001051
0.001017
0.001206
0.000882
0.001381
0.000934
0.001143
0.000911
0.001087
0.001119
0.0014
0.001163
0.001185
0.001005
0.000905