
0.0282843
0.0282843
0.0505615
0.0744779
0.0563107
0.0893107
0.100263
0.101236
0.11415
0.0940659
0.078283
0.0257958
0.0579386
0.0278624
0.0426605
0
0
0
4.2646e-05
4.2646e-05
8.5292e-05
2.3074e-07
8.52951e-05
8.52951e-05
8.52951e-05
0.000298525
0.00034117
0.00034117
0.000298525
0.000298527
0.00545643
0.0209486
0.0209869
0.000554384
0.000639667
0.000639667
0.000724935
0.000767568
0.000852836
0.000852836
0.00085284
0.000938087
0.000895453
0.00115092
0.0012785
0.0012785
0.0012786
0.00123616
0.00132002
0.00148617
0.00148617
0.0016095
0.00156884
0.00160929
0.00160929
0.00149438
0.00149438
0.00153014
0.00132828
0.0012673
0.00132594
0.00135523
0.00141499
0.00138483
0.00138483
0.00138483
0.00132676
0.00132676
0.00124549
0.00112901
0.00101659
0.00101659
0.000982847
0.000982847
0.000983157
0.00098257
0.000954674
0.000990082
0.00102262
0.000895103
0.000880764
0.00083861
0.000927013
0.000927013
0.00096181
0.00656909
0.0272425
0.0271182
0.0589867
0.0589867
0.00938641
0.00938641
0.00654476
0.00725942
0.00681794
0.00681794
0.00681794
0.00757231
0.00752783
0.00750496
0.00766149
0.00766149
0.00766149
0.00816771
0.0475244
0.34251
0.374031
0.328198
0.349388
0.318978
0.318978
0.350366
0.0456916
0.0130342
0.0130342
0.0276821
0.0181853
0.105207
0.105207
0.126535
0.126535
0.152092
0.120885
0.141474
0.126892
0.30133
0.243249
0.273221
0.263384
0.32461
0.274431
0.285094
0.265341
0.295219
0.295219
0.325701
0.427897
0.41676
0.41676
0.448979
0.438211
0.273673
0.273673
0.273673
0.306253
0.066
0.0496787
0.0606329
0.0606329
0.0760615
0.0316979
0.0123419
0.0218772
0.0313493
0.0411199
0.030325
0.0198548
0.0198548
0.0659997
0.00916055
0.0659996
0.0087785
0.0424825
0.0542636
0.0228985
0.066
0.00784521
0.0191674
0.0160223
0.0160223
0.0164674
0.0122222
0.0317233
0.0133621
0.0133621
0.0147901
0.0418042
0.0384693
0.00589164
0.0121221
0.00806943
0.0107638
0.0107638
0.0399856
0.0399856
0.0197138
0.0197138
0.0197138
0.0144527
0.0239879
0.0165941
0.0402125
0.0206781
0.040567
0.0212147
0.0115079
0.031812
0.0658602
0.0202459
0.0137374
0.0137374
0.0219832
0.0412288
0.0209296
0.0131562
0.0131562
0.00952016
0.041092
0.0341333
0.014312
0.0265571
0.0191219
0.012313
0.0168626
0.0409915
0.0215379
0.045991
0.0153928
0.040852
0.00970656
0.011009
0.00272555
0.00724916
0.00724916
0.0174203
0.0174203
0.00984833
0.01978
0.014933
0.0226851
0.0663671
0.0721768
0.0754347
0.0754347
0.0747441
0.0696477
0.0417566
0.0300395
0.045622
0.0308637
0.0308637
0.0344502
0.0227053
0.0291262
0.0291262
0.0335288
0.0188147
0.0390492
0.0461087
0.0161103
0.0242331
0.0444115