
3e-06
1e-06
1e-06
1e-06
1e-06
1e-06
1e-06
1e-06
2e-06
1e-06
1e-06
1e-06
1e-06
1e-06
1e-06
1e-06
2e-06
1e-06
1e-06
0
1e-06
1e-06
1e-06
1e-06
1e-06
1e-06
1e-06
1e-06
1e-06
0
1e-06
1e-06
2e-06
1e-06
1e-06
1e-06
0
1e-06
1e-06
1e-06
1e-06
1e-06
1e-06
1e-06
1e-06
2e-06
1e-06
1e-06
1e-06
1e-06
1e-06
0
1e-06
2e-06
1e-06
1e-06
1e-06
1e-06
1e-06
2e-06
1e-06
1e-06
1e-06
1e-06
2e-06
1e-06
1e-06
1e-06
1e-06
1e-06
1e-06
1e-06
1e-06
1e-06
1e-06
0.018211
0.055741
0.017797
0.020182
0.020727
0.019747
0.019964
0.058357
0.018989
0.01523
0.015599
0.018424
0.018286
1e-06
1e-06
1e-06
1e-06
1e-06
1e-06
1e-06
1e-06
1e-06
1e-06
1e-06
1e-06
1e-06
2e-06
0.017244
0.054645
1e-06
1e-06
1e-06
1e-06
1e-06
2e-06
1e-06
1e-06
1e-06
1e-06
1e-06
1e-06
2e-06
1e-06
1e-06
1e-06
1e-06
1e-06
1e-06
1e-06
2e-06
1e-06
1e-06
1e-06
5.4e-05
1e-06
1e-06
1e-06
1e-06
1e-06
2e-06
1e-06
2e-06
0.012753
0.05464
0.054655
0.054857
0.01737
0.05699
0.017188
0.017575
0.015451
0.054081
0.017311
0.01698
0.015852
0.012937
0.013249
0.015359
0.012307
0.012229
0.012429
0.016295
0.016101
0.01636
0.016555
0.016711
0.016933
0.056614
0.016692
0.051928
0.015278
0.018484
0.01793
0.016853
0.017173
0.020376
0.020568
0.019858
0.020499
0.020387
0.019611
0.019401
0.018857
0.020291
0.019313
0.018051
0.054516
0.054639
0.014634
0.015129
0.015312
0.012653
0.012916
0.012748
0.012671
0.01304
0.013099
0.01329
0.012787
0.012656
0.013511
0.013905
0.013426
0.012878
0.053419
0.01761
1e-06
1e-06
1e-06
1e-06
0.013711
0.013629
0.017106
1e-06
0.011984
0.012322
0.054293
0.017664
0.054042
0.017093
0.017789
0.05224
0.054486
0.020495
0.018465
0.024146
0.023808
0.026649
0.025841
0.061361
0.021313
0.020233
0.021249
0.021462
0.018568
1e-06
0.018491
1e-06
0.022379
1e-06
2e-06
1e-06
2e-06
2e-06
1e-06
1e-06
2e-06
2e-06
3e-06
1e-06
2e-06
0.023454
0.023411
0.020973
0.020776
0.022093
0.017821
0.054446
0.019114
0.018821
0.016925
0.016434
0.016193
1e-06
2e-06
1e-06
2e-06
1e-06
2e-06
1e-06
2e-06
2e-06
1e-06
2e-06
1e-06
1e-06
0.05055
0.012789
0.012622
0.012802
0.012382
0.01253
0.01258
0.013317
0.014796
0.050605
0.013573
0.051774
0.050617
0.012132
0.012428
0.012355
0.013229
0.012469
0.01205
0.015285
0.015493
0.015835
0.014297
0.014777
0.013339
0.012065
0.011963
0.012057
0.012481
2e-06
1e-06
2e-06
1e-06
1e-06
0.013929
0.01337
0.051907
0.050598
0.012593
0.05137
0.049139
0.013668
0.013189
0.051205
0.011744
0.011847
0.012708
0.013434
0.012906
0.011616
0.01175
0.051543
0.012883
0.011843
0.012205
0.012125
0.011767
0.012162
0.05051
0.011466
0.012778
0.011804
0.048534
0.049433
0.047953
0.011849
0.012255
0.011997
0.012328
0.01223
0.011502
0.011817
0.01145
0.01164
0.011567
0.011537
0.011435
0.011509
0.011607
0.011685
0.012356
0.013665
0.012547
0.053909
0.051139
0.014191
0.015729
0.016312
0.01432
0.017309
0.054191
0.015134
0.015081
0.015007
0.015036
0.013284
0.012344
0.012244
0.049399
0.050548
0.050356
0.013898
0.013614
0.01669
0.016398
0.01716
0.017506
0.017048
0.017058
0.013948
0.013306
0.013403
0.01029
0.047682
0.050518
0.01288
0.050689
0.05065
2e-06
1e-06
1e-06
1e-06
2e-06
1e-06
2e-06
2e-06
1e-06
1e-06
1e-06
2e-06
2e-06
2e-06
1e-06
1e-06
0.054441
0.016299
0.016896
0.018305
0.02054
0.059239
1e-06
1e-06
1e-06
2e-06
1e-06
1e-06
2e-06
1e-06
1e-06
1e-06
0.012853
0.014799
0.052935
0.013991
0.014543
0.051445
0.013389
0.013424
0.016883
0.018248
0.018415
0.056988
0.051537
0.050614
0.013059
0.053182
2e-06
1e-06