
0.007347
0.007343
0.007538
0.014455
0.00773
0.015534
0.016234
0.005841
0.013833
0.009912
0.017237
0.009735
0.009447
0.006725
0.009385
0.01404
0.009611
0.007322
0.007467
0.016846
0.007462
0.007752
0.007137
0.007854
0.015943
0.008172
0.013735
0.009787
0.007334
0.00805
0.006874
0.007429
0.007085
0.006994
0.00798
0.017987
0.00854
0.008156
0.007533
0.009653
0.009095
0.007177
0.015364
0.007319
0.006956
0.007699
0.007527
0.007913
0.013652
0.008605
0.007384
0.016489
0.008539
0.010342
0.006848
0.014994
0.008653
0.008869
0.008875
0.016648
0.00748
0.008128
0.008846
0.009148
0.008144
0.008324
0.010165
0.007479
0.007761
0.008285
0.013985
0.009218
0.008502
0.008931
0.007582
0.030252
0.067379
0.037944
0.044699
0.035481
0.044581
0.038384
0.073111
0.034506
0.028522
0.026663
0.03074
0.027329
0.011724
0.012586
0.011382
0.012675
0.012442
0.010584
0.013094
0.01218
0.011766
0.011912
0.011586
0.010474
0.01169
0.013086
0.029038
0.065324
0.011272
0.01357
0.009607
0.011174
0.010636
0.010356
0.023947
0.012829
0.009793
0.007162
0.014088
0.013414
0.008503
0.008525
0.009145
0.009499
0.008107
0.008801
0.008211
0.008927
0.00813
0.009231
0.007821
0.008553
0.008991
0.009493
0.008348
0.009418
0.009541
0.00886
0.007968
0.007562
0.007539
0.027752
0.068107
0.062613
0.071259
0.025209
0.06546
0.026337
0.024973
0.023742
0.069078
0.024366
0.025107
0.022623
0.019683
0.020321
0.02222
0.021697
0.024496
0.020736
0.02415
0.028059
0.02592
0.025923
0.02549
0.032819
0.064926
0.028156
0.06527
0.024039
0.02751
0.044853
0.025062
0.026501
0.030602
0.028887
0.031416
0.028322
0.029612
0.027053
0.047471
0.028355
0.028257
0.027571
0.030343
0.062309
0.062085
0.022873
0.022987
0.024062
0.019254
0.022866
0.020388
0.02202
0.02446
0.029656
0.020447
0.020326
0.03236
0.024294
0.027901
0.024952
0.025185
0.062727
0.032833
0.012084
0.0068
0.008218
0.013138
0.02301
0.020297
0.026925
0.009489
0.019797
0.022654
0.075732
0.02459
0.062989
0.026229
0.026803
0.072005
0.079562
0.048036
0.036009
0.049494
0.041099
0.034867
0.044797
0.068959
0.029381
0.028128
0.028544
0.027623
0.026817
0.007783
0.037901
0.023645
0.04958
0.018909
0.013138
0.008955
0.019172
0.025653
0.008198
0.022362
0.022114
0.023033
0.008273
0.008605
0.022436
0.07026
0.044963
0.033935
0.034088
0.029997
0.050943
0.066901
0.034096
0.030187
0.032422
0.022924
0.024516
0.022297
0.013631
0.014751
0.013918
0.007613
0.006827
0.015325
0.016406
0.011381
0.013628
0.010696
0.010716
0.014195
0.057046
0.025875
0.019682
0.020602
0.020553
0.019849
0.022234
0.026301
0.020967
0.057731
0.024345
0.06564
0.061841
0.018063
0.019242
0.018271
0.02056
0.021118
0.018302
0.026621
0.026595
0.027507
0.026053
0.03779
0.020548
0.018805
0.022321
0.023533
0.029934
0.009413
0.017245
0.011538
0.0099
0.010104
0.021171
0.026163
0.066691
0.059963
0.026272
0.071413
0.060597
0.035212
0.024907
0.072166
0.022063
0.026789
0.024581
0.021847
0.024615
0.01974
0.030594
0.065449
0.029482
0.024892
0.020462
0.040954
0.028836
0.024362
0.060475
0.029558
0.022614
0.019406
0.057865
0.058774
0.063658
0.019345
0.023246
0.019922
0.021473
0.026872
0.025342
0.021223
0.036905
0.018864
0.018678
0.021123
0.03146
0.037582
0.019351
0.026183
0.026845
0.022521
0.026413
0.061381
0.079032
0.036718
0.030539
0.026356
0.033272
0.031035
0.061917
0.024677
0.046399
0.022001
0.024934
0.023415
0.017397
0.022771
0.055814
0.058421
0.069923
0.024543
0.038659
0.024246
0.028645
0.02333
0.024831
0.022964
0.026288
0.023667
0.032627
0.020205
0.018572
0.053415
0.063882
0.024077
0.057499
0.058203
0.008159
0.017289
0.007152
0.007062
0.010036
0.006436
0.006964
0.008935
0.011296
0.012727
0.007971
0.010296
0.007419
0.015836
0.008361
0.012275
0.067257
0.027893
0.034617
0.040498
0.035642
0.078297
0.012146
0.003599
0.020532
0.008593
0.007296
0.018597
0.007187
0.007328
0.003616
0.015034
0.031403
0.020196
0.078829
0.029108
0.026172
0.077939
0.018893
0.04989
0.033846
0.036752
0.028381
0.062678
0.059211
0.072906
0.034221
0.064248
0.011192
0.003932