
1.51128e+09
0.008497
0.008431
0.008661
0.01573
0.008929
0.016725
0.017454
0.007057
0.015092
0.011145
0.018681
0.011212
0.010973
0.007991
0.010652
0.015304
0.010889
0.008622
0.008725
0.018315
0.008962
0.009259
0.008624
0.009141
0.017344
0.009502
0.015087
0.011209
0.008687
0.009423
0.008267
0.008794
0.008457
0.008401
0.009263
0.019336
0.009936
0.009538
0.008938
0.011001
0.010434
0.008472
0.016626
0.008556
0.008532
0.008978
0.008779
0.009194
0.014973
0.009886
0.009973
0.052114
0.04871
0.053723
0.046417
0.056322
0.043611
0.05601
0.044072
0.053644
0.046253
0.05621
0.043737
0.056365
0.043705
0.056226
0.04375
0.056175
0.043791
0.056216
0.04385
0.056059
0.043889
0.056169
0.170175
0.054876
0.093289
0.045112
0.070645
0.101012
0.070214
0.045341
0.098173
0.047349
0.182497
0.050723
0.0375
0.06271
0.032555
0.067295
0.032443
0.104754
0.036363
0.017251
0.042181
0.068122
0.031703
0.058752
0.176426
0.032656
0.033567
0.067554
0.03482
0.088069
0.017354
0.051303
0.040866
0.097388
0.022533
0.030059
0.050013
0.055424
0.148837
0.028583
0.033101
0.066566
0.033716
0.065585
0.034146
0.065383
0.034679
0.065343
0.034673
0.065187
0.035209
0.065274
0.034367
0.066103
0.085381
0.067194
0.012794
0.03131
0.037282
0.057945
0.042064
0.060952
0.039246
0.098835
0.119924
0.116052
0.087472
0.055924
0.081226
0.0316
0.029751
0.055657
0.087729
0.02967
0.02935
0.046891
0.040986
0.104766
0.035639
0.026011
0.085798
0.080822
0.080494
0.047646
0.030382
0.030424
0.055048
0.037931
0.086342
0.044995
0.070486
0.066629
0.033401
0.061398
0.039327
0.067354
0.036167
0.06278
0.036762
0.064135
0.034458
0.054574
0.116256
0.049953
0.049729
0.033619
0.096555
0.111857
0.073558
0.090433
0.02664
0.037143
0.037987
0.057356
0.042703
0.057068
0.042916
0.057599
0.041999
0.057068
0.042946
0.052567
0.129892
0.035889
0.053386
0.082821
0.037232
0.019059
0.059566
0.040734
0.059195
0.040684
0.104758
0.040775
0.013647
0.040782
0.064928
0.095457
0.029092
0.083648
0.034502
0.054481
0.217675
0.101888
0.102578
0.061686
0.055555
0.066933
0.041002
0.064466
0.087104
0.0375
0.067555
0.033753
0.060409
0.038228
0.055433
0.199251
0.079598
0.065426
0.091224
0.017736
0.042523
0.037281
0.053321
0.186403
0.038889
0.038744
0.061739
0.038237
0.059565
0.040415
0.087778
0.061569
0.039016
0.050165
0.034867
0.058604
0.221247
0.086755
0.042987
0.04499
0.026937
0.036979
0.095436
0.017213
0.045509
0.041696
0.056885
0.043149
0.052401
0.151619
0.022199
0.050704
0.042523
0.0575
0.042614
0.067084
0.032342
0.056749
0.042817
0.057307
0.042767
0.052455
0.164673
0.067649
0.0679
0.042982
0.112817
0.071702
0.050046
0.04311
0.056797
0.043177
0.052216
0.144956
0.038862
0.049911
0.041787
0.053086
0.152485
0.031493
0.042848
0.052548
0.159419
0.08042
0.013558
0.086111
0.015585
0.0413
0.16624
0.033167
0.042306
0.073259
0.177159
0.038073
0.078159
0.183038
0.083691
0.03181
0.187426
0.025851
0.168377
0.030882
0.206155
0.143478
0.030792
0.042588
0.071363
0.145186
0.035685
0.042685
0.056697
0.043251
0.093423
0.070502
0.043447
0.057058
0.042921
0.063501
0.201089
0.074332
0.049748
0.042962
0.057089
0.042952
0.057226
0.042662
0.052777
0.159332
0.029751
0.042418
0.057168
0.042868
0.057744
0.042251
0.052235
0.20475
0.032827
0.089222
0.066842
0.204339
0.040105
0.06172
0.03828
0.0526
0.167907
0.074307
0.043637
0.049635
0.217358
0.157166
0.026053
0.056784
0.043345
0.102952
0.10412
0.079721
0.043233
0.058251
0.041722
0.052541
0.177316
0.036883
0.041824
0.057019
0.042793
0.052359
0.122214
0.02083
0.101134
0.073378
0.090597
0.104019
0.103959
0.010509
0.053218
0.043013
0.058723
0.041271
0.056762
0.043291
0.056796
0.043095
0.052271
0.124809
0.056532
0.016862
0.018318
0.031173
0.097951
0.077721
0.042329
0.058713
0.043628
0.057548
0.09182
0.015422
0.033043
0.060636
0.039388
0.100656
0.032306
0.017276
0.0497
0.052515
0.166574
0.080255
0.029916
0.088574
0.043114
0.057824
0.080625
0.029764
0.052877
0.045799
0.039942
0.045919
0.137099
0.108704
0.082081
0.043503
0.075266
0.024639