
0.00099
0.001057
0.00345
0.006121
0.005815
0.003555
0.005941
0.006039
0.006041
0.005926
0.00591
0.005819
0.005887
0.017191
0.0185
0.018245
0.058014
0.017795
0.017545
0.005338
0.01707
0.016931
0.016693
0.05431
0.016872
0.017544
0.008193
0.016195
0.016986
0.016552
0.008621
0.046889
0.007492
0.004931
0.016513
0.016112
0.015331
0.015113
0.015034
0.014916
0.015374
0.015782
0.053043
0.014696
0.007675
0.00882
0.048571
0.046716
0.048342
0.010744
0.016414
0.010498
0.014751
0.013593
0.008703
0.054391
0.008696
0.055363
0.051893
0.014898
0.015021
0.015076
0.011339
0.016214
0.010749
0.017429
0.016536
0.017915
0.007067
0.016463
0.016123
0.046229
0.044813
0.007438
0.047854
0.009377
0.00705
0.006821
0.007178
0.006717
0.002114
0.006668
0.009819
0.015077
0.00903
0.008868
0.054274
0.008588
0.014471
0.01517
0.015161
0.004087
0.04762
0.016678
0.048254
0.019032
0.019285
0.013053
0.012203
0.017111
0.011303
0.004741
0.048621
0.010779
0.051819
0.012097
0.002703
0.010863
0.011015
0.00916
0.011162
0.010972
0.010278
0.00237
0.047807
0.008214
0.008147
0.045187
0.007826
0.006585
0.001974
0.006675
0.00715
0.007131
0.006736
0.006791
0.006903
0.002158
0.043306
0.006804
0.044079
0.00667
0.006611
0.006544
0.001938
0.007947
0.007806
0.00255
0.006935
0.002188
0.045903
0.045463
0.00227
0.007476
0.002115
0.007261
0.002355
0.043896
0.002402
0.002078
0.00208
0.002029
0.007051
0.001939
0.007112
0.006472
0.043039
0.006378
0.006735
0.002033
0.007042
0.006703
0.00676
0.007053
0.002118
0.007376
0.006858
0.007307
0.001912
0.006873
0.045913
0.001924
0.007217
0.011258
0.002206
0.008222
0.002187
0.00223
0.006942
0.006361
0.044238
0.04279
0.006711
0.007769
0.00212
0.008112
0.007026
0.002194
0.00547
0.045127
0.006751
0.047111
0.043938
0.04317
0.006689
0.00836
0.006447
0.006565
0.001763
0.043501
0.006811
0.047506
0.007471
0.008295
0.00934
0.009725
0.010101
0.050067
0.009806
0.002119
0.045813
0.006714
0.006738
0.007374
0.007261
0.008378
0.002323
0.046714
0.006488
0.007909
0.007597