
39
92
146
14
112
110
15
77
112
78
113
147
43
81
95
111
113
130
45
114
45
128
50
85
107
124
121
107
34
72
108
75
30
24
38
26
77
25
77
26
28
109
74
74
26
74
22
44
46
64
115
64
44
102
69
67
27
48
136
135
27
69
81
47
23
10
80
23
58
65
32
117
366
139
71
33
142
92
181
76
184
136
136
111
292
137
139
151
151
128
133
122
150
127
146
119
134
138
117
123
145
130
134
121
107
117
362
123
117
136
403
136
136
178
121
134
134
134
93
144
93
134
94
54
162
133
132
113
236
145
175
156
402
128
228
29
157
149
448
155
155
175
19
109
226
109
157
90
448
236
161
118
110
84
98
112
156
109
162
110
187
118
162
59
173
162
142
142
59
145
59
109
142
27
161
132
171
115
41
131
156
115
116
141
259
176
118
116
246
57
145
141
156
96
147
27
96
78
110
70
114
156
137
103
31
408
165
145
124
65
186
30
147
147
154
427
500
154
454
152
440
412
75
500
147
152
141
147
83
148
108
99
75
27
97
42
101
23
12
31
31
101
39
31
500
132
500
140
56
155
500
72
500
67
12
85
14
13
16
12
16
16
16
61
16
14
89
16
14
22
16
27
27
91
23
90
29
79
30
26
97
41
77
41
43
75
35
43
37
84
23
26
225
107
142
68
84
98
64
129
82
351
68
153
106
71
138
107
107
60
15
70
35
18
50
17
17
45
69
17
59
83
69
69
20
107
106
108
122
89
130
100
201
122
107
60
53
46
35
37
34
35
33
99
55
95
79
233
134
65
222
95
96
59
124
156
60
55
48
45
167
31
27
38
59
75
84
105
105
67
71
51
106
94
45
44
184
56
28
42
42
184
94
100
78
179
74
99
70
47
57
61
48
41
41
49
99
63
66
101
101
57
62
20
98
60
64
18
60
48
54
42
49
98
95
89
122
354
82
93
55
58
41
56
43
50
43
54
93
44
42
45
49
91
53
45
43
54
42
49
41
41
91
42
50
46
45
58
90
44
44
44
53
56
49
43
43
90
22
23
87
40
22
24
50
52
46
41
41
87
42
24
85
38
21
25
22
51
45
41
41
85
53
84
37
20
49
21
49
44
62
62
84
84
115
57
49
21
76
41
38
43
15
41
37
115
54
15
38
24
114
37
35
77
58
36
79
33
18
36
35
70
28
83
40
30
30
18
37
13
56
84
72
40
36
17
43
43
31
47
42
67
25
88
36
38
34
13
39
32
88
66
66
13
45
10
87
36
17
70
87
62
20
91
32
35
84
14
33
28
91
16
32
63
92
34
59
30
95
26
31
52
70
30
26
95
97
29
48
30
55
57
27
98
56
31
23
100
27
25
56
58
31
28
98
25
55
26
101
57
32
24
49
26
23
57
26
47
19
97
74
43
42
44
18
15
74
33
43
37
46
19
41
31
500
46
14
277
47
43
15
136
15
29
26
55
272
49
26
17
42
26
26
26
15
44
62
284
4
82
82
95
104
85
100
126
47
303
226
82
95
104
77
210
92
90
192
61
95
9
92
44
92
95
136
226
105
105
22
106
241
221
22
152
93
204
105
403
129
257
272
241
475
500
21
353
500
25
21
500
26
55
475
55
55
21
106
105
58
41
58
14
60
36
9
14
53
110
125
20
60
112
111
59
124
38
20
58
110
112
16
112
59
16
5
218
239
239
154
202
229
16