
149
145
146
149
140
155
149
132
140
152
236
139
143
147
136
143
164
127
136
149
112
165
177
110
131
110
165
138
123
143
117
366
139
111
136
136
92
181
124
184
145
167
121
128
100
61
117
155
128
98
77
255
121
96
467
96
173
96
142
138
66
161
132
171
115
134
131
156
115
116
83
408
165
145
124
65
186
144
147
147
79
133
159
412
103
135
507
240
492
147
63
121
58
124
500
63
500
221
500
138
500
119
500
176
131
82
259
100
114
61
93
112
142
116
269
125
55
81
106
55
92
122
110
146
255
142
285
69
99
92
87
117
110
167
250
62
147
95
75
84
94
117
109
184
89
64
149
110
184
94
99
122
110
96
94
92
148
109
167
99
98
312
100
115
93
92
116
110
169
98
93
307
94
130
89
87
114
112
86
93
91
305
105
93
87
84
113
112
151
91
90
106
104
82
86
92
113
114
153
90
87
104
110
255
84
88
112
115
154
87
85
102
110
257
59
87
111
115
154
85
84
101
109
132
58
85
110
126
165
84
76
77
123
128
51
77
105
285
185
51
70
91
292
126
78
78
46
78
53
56
67
88
207
127
82
90
42
103
67
223
62
83
208
129
80
192
63
285
63
224
59
267
213
128
77
52
70
282
60
230
57
329
215
156
77
113
100
279
58
191
55
327
217
156
82
116
115
279
56
191
47
49
220
170
88
129
117
271
48
202
43
44
285
43
77
489
123
272
49
352
44
62
284
32
82
82
95
104
85
100
226
105
105
22
106
241
221
22
152
93
114
116
114
14
115
55
469
14
53
212
500
232
120
16
154
120
126
16
76
218