
0.046494
0.003648
0.003954
0.003933
0.009169
0.004097
0.003855
0.005189
0.005243
0.004021
0.002905
0.009054
0.00562
0.011064
0.005209
0.005382
0.003248
0.004833
0.003996
0.004364
0.005124
0.003529
0.003942
0.010926
0.00394
0.003976
0.003882
0.004113
0.009975
0.004186
0.008598
0.005358
0.003819
0.004363
0.003847
0.004139
0.003994
0.003907
0.004336
0.00456
0.006065
0.00466
0.004294
0.004391
0.005441
0.005453
0.003856
0.004162
0.004467
0.003954
0.003819
0.004556
0.00432
0.004241
0.003852
0.004356
0.004676
0.003991
0.005741
0.004186
0.004623
0.005766
0.003947
0.004482
0.004224
0.004437
0.004546
0.004708
0.004481
0.006154
0.004057
0.00437
0.00455
0.004869
0.004103
0.004159
0.004827
0.003993
0.003727
0.00419
0.004461
0.003697
0.004372
0.00433
0.004624
0.004334
0.036392
0.002152
0.003051
0.003885
0.001605
0.003114
0.003065
0.001564
0.002732
0.003038
0.002816
0.004017
0.003141
0.003581
0.003679
0.009691
0.002974
0.004285
0.004235
0.003217
0.003171
0.006135
0.003241
0.004096
0.004073
0.003091
0.003379
0.008432
0.003115
0.005116
0.003691
0.006487
0.003102
0.004517
0.003497
0.038715
0.003358
0.0032
0.003293
0.003618
0.003691
0.003292
0.002671
0.002242
0.003419
0.002678
0.004226
0.001972
0.005091
0.001928
0.00244
0.002685
0.004411
0.001967
0.004197
0.002759
0.004503
0.001846
0.004184
0.003052
0.005174
0.001952
0.003795
0.001943
0.004172
0.003485
0.003932
0.0028
0.00392
0.002752
0.00458
0.001861
0.003979
0.002794
0.035142
0.002029
0.002979
0.002979
0.002522
0.003441
0.002528
0.002948
0.003412
0.00275
0.002254
0.003895
0.001853
0.004153
0.002354
0.003866
0.004144
0.003777
0.003681
0.004571
0.001726
0.003849
0.002416
0.004783
0.002997
0.002746
0.00297
0.004311
0.001892
0.004532
0.001579
0.003197
0.002826
0.004322
0.007282
0.001924
0.002455
0.004471
0.002904
0.003472
0.001944
0.038254
0.002382
0.001517
0.003574
0.00247
0.003762
0.003619
0.003943
0.007782
0.004093
0.004195
0.00465
0.004665
0.003856
0.004221
0.004149
0.004542
0.003979
0.004616
0.003731
0.004207
0.00466
0.034099
0.003711
0.003902
0.004625
0.005162
0.00448
0.003801
0.003432
0.003637
0.009241
0.003696
0.003517
0.003989
0.009996
0.004068
0.004057
0.00508
0.003681
0.004434
0.004095
0.003632
0.003219
0.004092
0.0031
0.003665
0.003239
0.003
0.005159
0.003611
0.003559
0.031607
0.004127
0.003552
0.006658
0.005922
0.004815
0.004263
0.009883
0.003862
0.006398
0.006141
0.001711
0.00446
0.00451
0.011587
0.004632
0.004103
0.004866
0.004407
0.001364
0.003617
0.006645
0.003609
0.004655
0.003453
0.010845
0.006876
0.040904
0.004825
0.003755
0.003795
0.004193
0.002603
0.003729
0.003583
0.004454
0.003695
0.004651
0.003653
0.00571
0.003682
0.004729
0.004365
0.002114
0.005188
0.004714
0.003656
0.003859
0.004481
0.004091
0.002356
0.004465
0.002093
0.00351
0.003819
0.032012
0.00178
0.001747
0.003578
0.003551
0.003849
0.007387
0.004832
0.003509
0.003766
0.006934
0.002948
0.004232
0.003647
0.00466
0.005025
0.003158
0.00478
0.003631
0.001682
0.003886
0.003548
0.002519
0.009969
0.003272
0.002833
0.004026
0.004604
0.004464
0.00986
0.003017
0.040994
0.001736
0.001717
0.004752
0.010485
0.011942
0.004524
0.010948
0.004265
0.010655
0.010439
0.003877
0.012078
0.003808
0.004255
0.004076
0.003879
0.003001
0.004152
0.003668
0.004151
0.003935
0.002968
0.057562
0.002071
0.003192
0.002819
0.003222
0.001727
0.001159
0.001842
0.001916
0.003288
0.002974
0.012208
0.002056
0.011901
0.004181
0.011706
0.003783
0.003124
0.004666
0.011942
0.002903
0.012219
0.003324
0.054419
0.001459
0.00301
0.001235
0.001162
0.001196
0.001254
0.001175
0.001484
0.001272
0.00243
0.011912
0.0014
0.002585
0.005271
0.001351
0.003729
0.012308
0.001497
0.002921
0.001284
0.002681
0.001679
0.012191
0.001492
0.012175
0.012122
0.002114
0.001947
0.005114
0.003038
0.003256
0.001833
0.004256
0.003482
0.005895
0.002214
0.003822
0.003458
0.012042
0.002258
0.001836
0.003791
0.003377
0.049839
0.003166
0.002506
0.002812
0.002863
0.00268
0.002691
0.002856
0.002808
0.00268
0.001738
0.007462
0.002043
0.006521
0.004124
0.004396
0.002937
0.004197
0.00332
0.007227
0.002569
0.003835
0.003338
0.008864
0.002726
0.004334
0.00369
0.003419
0.004169
0.004088
0.004111
0.002977
0.002116
0.032284
0.001893
0.002341
0.002721
0.001684
0.002482
0.001694
0.001928
0.001846
0.002252
0.00162
0.004002
0.00259
0.005956
0.002627
0.003882
0.002287
0.003825
0.002362
0.006872
0.001894
0.003052
0.00381
0.003437
0.00406
0.004161
0.004174
0.003496
0.00536
0.004043
0.003145
0.036751
0.00243
0.002028
0.002108
0.002698
0.001635
0.002715
0.002868
0.001678
0.002987
0.002071
0.002945
0.003419
0.006428
0.00431
0.002736
0.006463
0.0029
0.003281
0.002642
0.003721
0.00453
0.002803
0.03123
0.002203
0.002497
0.002355
0.001607
0.001471
0.002151
0.002431
0.002584
0.003446
0.002656
0.003698
0.003206
0.00284
0.003062
0.003028
0.003926
0.002579
0.002414
0.003644
0.032708
0.00309
0.002244
0.002343
0.0024
0.002246
0.002114
0.002147
0.002775
0.003451
0.003116
0.005411
0.004147
0.002485
0.030301
0.00317
0.00239
0.002288
0.002425
0.00237
0.002403
0.00216
0.002147
0.002383
0.00291
0.008229
0.00267
0.003084
0.002199
0.002732
0.002717
0.002923
0.002932
0.003847
0.002523
0.003212
0.002269
0.003989
0.001732
0.033019
0.003059
0.00254
0.002921
0.001877
0.002428
0.002213
0.002529
0.002089
0.002254
0.003005
0.003555
0.002742
0.004787
0.009008
0.003363
0.031027
0.00303
0.002464
0.002092
0.002738
0.00246
0.002227
0.002412
0.002329
0.001981
0.002679
0.00587
0.002468
0.003632
0.003444
0.002254
0.002219
0.003938
0.00241
0.033433
0.00301
0.002396
0.002199
0.002111
0.002328
0.002743
0.002356
0.00247
0.002135
0.002653
0.004732
0.003814
0.00216
0.002167
0.004839
0.002367
0.004104
0.002918
0.002225
0.002145
0.027541
0.003157
0.002292
0.002213
0.002279
0.002326
0.002096
0.002278
0.002224
0.00217
0.002827
0.003842
0.00183
0.007276
0.001871
0.031976
0.003322
0.00228
0.001897
0.001783
0.002249
0.001933
0.002303
0.002121
0.002191
0.002646
0.004506
0.002403
0.002443
0.001855
0.031049
0.003576
0.002183
0.001781
0.001867
0.001808
0.001857
0.002236
0.002745
0.002168
0.002682
0.004332
0.002371
0.029104
0.002749
0.002166
0.003894
0.00243
0.001688
0.001961
0.00226
0.003197
0.003174
0.002618
0.002491
0.002565
0.00755
0.004462
0.00586
0.002459
0.002902
0.002235
0.001842
0.002338
0.032236
0.00289
0.001784
0.00288
0.002288
0.00162
0.001725
0.002023
0.004313
0.00244
0.001715
0.003576
0.002124
0.002527
0.001788
0.007689
0.004417
0.004355
0.002919
0.003636
0.002438
0.001724
0.002483
0.004176
0.00325
0.003418
0.002025
0.00772
0.003798
0.0031
0.002805
0.002679
0.001309
0.003318
0.002002
0.003486
0.001972
0.02927
0.002659
0.001567
0.003696
0.002252
0.001903
0.002066
0.001854
0.00268
0.001212
0.006338
0.003772
0.002248
0.002311
0.004441
0.002156
0.002609
0.001708
0.003316
0.00168
0.005806
0.002892
0.005726
0.002901
0.003448
0.002008
0.007462
0.003236
0.00297
0.002244
0.031558
0.00246
0.001762
0.003799
0.001988
0.002218
0.00264
0.001488
0.002718
0.001536
0.003774
0.002233
0.002237
0.002066
0.002299
0.003023
0.002946
0.00308
0.004409
0.003085
0.001335
0.006473
0.004727
0.003967
0.002108
0.002427
0.001629
0.005865
0.003573
0.006152
0.003886
0.037025
0.002608
0.001304
0.003734
0.002
0.002003
0.003665
0.001337
0.00155
0.001448
0.003757
0.00303
0.001787
0.00641
0.001733
0.002207
0.002242
0.006635
0.006461
0.004082
0.001672
0.038533
0.002323
0.001587
0.003953
0.001886
0.003396
0.0016
0.001635
0.003836
0.010483
0.00422
0.00752
0.00175
0.00336
0.002291
0.009126
0.00299
0.005872
0.002469
0.041874
0.002322
0.001503
0.004023
0.002514
0.001991
0.001746
0.001512
0.001477
0.002412
0.001952
0.002052
0.003184
0.001968
0.008775
0.006432
0.001601
0.004901
0.002204
0.001437
0.042498
0.002333
0.001382
0.003859
0.002611
0.002055
0.001797
0.002993
0.001386
0.001309
0.00248
0.002341
0.00358
0.035808
0.002245
0.001668
0.003775
0.00355
0.002796
0.002798
0.002938
0.001736
0.001646
0.003489
0.003475
0.002753
0.002215
0.003304
0.002971
0.001862
0.001783
0.00237
0.001665
0.009167
0.003363
0.003912
0.002507
0.011923
0.002062
0.001937
0.002278
0.001617
0.007404
0.001857
0.001819
0.047684
0.002214
0.001654
0.004708
0.001576
0.001912
0.001736
0.003152
0.001861
0.002451
0.00169
0.001747
0.001769
0.003147
0.001853
0.003509
0.001921
0.009277
0.002047
0.00245
0.001581
0.02813
0.001075
0.004372
0.002327
0.008058
0.006478
0.003072
0.003532
0.004152
0.003845
0.005887
0.003509
0.003436
0.005766
0.003002
0.003456
0.003753
0.001134
0.003551
0.00181
0.003552
0.003444
0.004131
0.033632
0.001556
0.001461
0.006032
0.003511
0.009937
0.004242
0.007408
0.007509
0.007074
0.011168
0.011853
0.001608
0.009578
0.011992
0.004105
0.001478
0.001331
0.013394
0.003148
0.001516
0.003368
0.012298
0.003443
0.00337
0.001386
0.004222
0.003514
0.033268
0.003483
0.003131
0.003214
0.001521
0.003199
0.002767
0.001417
0.001589
0.004254
0.007025
0.005132
0.001149
0.001653
0.003706
0.006073
0.003304
0.004307
0.004573
0.004393
0.003525
0.003212
0.006776
0.002886
0.004433
0.003016
0.001261
0.001754
0.00365
0.012137
0.003348
0.004298
0.005903
0.004679
0.001269
0.00463
0.001794
0.004136
0.002773
0.003107
0.00128
0.001698
0.040034
0.003209
0.00114
0.006382
0.006271
0.006277
0.004828
0.005823
0.006037
0.001399