
2.79194
2.75371
2.69559
2.69559
2.74764
2.76471
2.69559
2.7661
2.74471
2.74605
2.6984
2.73284
2.71484
2.70589
2.58759
2.47341
2.48175
2.41498
2.30226
2.19859
2.13618
2.08467
1.98551
1.89599
1.85891
1.77223
1.75506
1.66859
1.60071
1.60856
1.51556
1.49153
1.39221
1.35396
1.35739
1.32361
1.37497
1.28512
1.2484
1.18817
1.14844
1.08522
1.03164
0.99118
0.915722
0.914992
0.834134
0.843928
0.824763
0.791014
0.803919
0.759445
0.792954
0.792954
0.792954
0.792954
0.792954
0.792954
0.792704
0.759222
0.759342
0.768192
0.763442
0.757472
0.763643
0.799646
0.799766
0.809098
0.808482
0.811656
0.815309
0.812181
0.827948
0.827821
0.823536
0.820736
0.795068
0.768341
0.748798
0.652445
0.599236
0.575385
0.589935
0.56527
0.56582
0.537118
0.537118
0.537118
0.56582
0.537118
0.537118
0.537118
0.544168
0.544168
0.585822