
0.000995
0.000886
0.000956
0.000846
0.000998
0.001055
0.00103
0.000937
0.001038
0.00109
0.000904
0.000893
0.001052
0.000967
0.001032
0.00109
0.000973
0.001267
0.001004
0.000993
0.000908
0.000933
0.001149
0.000906
0.000923
0.001094
0.000926
0.001061
0.000962
0.00099
0.001031
0.001072
0.00083
0.001128
0.001014
0.001126
0.001002
0.001038
0.001028
0.000956
0.000969
0.001265
0.000929
0.001112
0.000995
0.001326
0.001009
0.000922
0.001189
0.001062
0.001104
0.001256
0.001559
0.003065
0.001596
0.001238
0.001025
0.00122
0.001788
0.001997
0.001086
0.001354
0.001651
0.001791
0.001894
0.001802
0.001833
0.00143
0.001497
0.001363
0.00155
0.001142
0.001172
0.001318
0.001135
0.000994
0.001369
0.001312
0.001315
0.001268
0.001111
0.000981
0.00197
0.000973
0.00113
0.001006
0.000967
0.001102
0.000969
0.001026
0.001124
0.001167
0.001122
0.001557
0.001896
0.001209
0.001031
0.001752
0.001175
0.001047
0.000968
0.000986
0.001098
0.001629
0.001328
0.001107
0.001058
0.001091
0.000958
0.000933
0.000996
0.001086
0.001186
0.001192
0.001277
0.001583
0.001406
0.001365
0.001018
0.001165
0.001074
0.001145
0.001608
0.001826
0.001367
0.002081
0.002052
0.001377
0.001025
0.000865
0.001059
0.001198
0.002953
0.001374
0.001852
0.00183
0.00193
0.001453
0.001088
0.001348
0.000923
0.001198
0.00128
0.001191
0.003207
0.001476
0.001591
0.002185
0.001618
0.000867
0.002234
0.00299
0.003351
0.000965
0.001079
0.000889
0.00105
0.000934
0.001019
0.001449
0.001132
0.001107
0.000919
0.001119
0.000959
0.001162
0.001239
0.000995
0.001087
0.001746
0.001786
0.001246
0.001029
0.001532
0.001177
0.001086
0.001032
0.001291
0.001174
0.003212
0.001029
0.001972
0.001169
0.001393
0.001397
0.001123
0.001173
0.001866
0.002037
0.000926
0.003672
0.001178
0.001013
0.000967
0.001095
0.001226
0.003141
0.001083
0.003053
0.001085
0.001268
0.001199
0.001233
0.001263
0.001349
0.00179
0.001098
0.001813
0.001183
0.002412
0.000901
0.0014
0.002072
0.001006
0.000953
0.0013
0.001077
0.00179
0.001537
0.003284
0.000879
0.000875
0.000867
0.001023
0.001003
0.001035
0.00182
0.00123
0.001785
0.001884
0.00382
0.001632
0.001634
0.001424
0.0009
0.001025
0.001764
0.000999
0.001306
0.000992
0.00092
0.005531
0.001337
0.001029
0.001125
0.001752
0.001834
0.001053
0.001249
0.00207
0.001918
0.001144
0.000932
0.002516
0.001873
0.00194
0.001102
0.001085
0.002233
0.00092
0.001328
0.001509
0.001117
0.000972
0.001014
0.000954
0.001118
0.001037
0.001031
0.001035
0.001839
0.001881
0.001262
0.001009
0.001028
0.000946
0.001009
0.001692
0.00145
0.001065
0.001576
0.001119
0.001042
0.001315
0.001082
0.001101
0.001035
0.001031
0.001094
0.001099
0.001063
0.001006
0.000997
0.000953
0.001148
0.001007
0.001255
0.001835
0.000988
0.000969
0.001236
0.00111
0.001015
0.001176
0.001032
0.000994
0.001685
0.001627
0.001107
0.001458
0.001213
0.001015
0.001034
0.001986
0.001939
0.001092
0.003378
0.001269
0.001024
0.001073
0.001514
0.001184
0.001638
0.003177
0.001038
0.001727
0.001262
0.001062
0.000954
0.001265
0.000976
0.001258
0.001915
0.001169
0.00128
0.001101
0.000847
0.002182
0.001895
0.002551
0.000999
0.001239
0.001126
0.001204
0.001712
0.001382
0.001211
0.001204
0.001273
0.000995
0.001122
0.000997
0.001464
0.002019
0.002043
0.001613
0.001169
0.001327
0.001953
0.001544