
0.006618
0.006631
0.010089
0.005249
0.005633
0.01099
0.01013
0.00626
0.00549
0.00571
0.006658
0.00561
0.006811
0.005418
0.010053
0.005165
0.011479
0.011194
0.005834
0.012264
0.005783
0.005519
0.012167
0.005889
0.00533
0.005278
0.011615
0.011577
0.005583
0.009314
0.007094
0.005076
0.005249
0.013601
0.011609
0.00572
0.004596
0.011705
0.007366
0.005549
0.005404
0.006024
0.005634
0.005566
0.00619
0.008143
0.005412
0.006686
0.007568
0.011718
0.005695
0.005705
0.008764
0.021758
0.016763
0.005669
0.006297
0.008453
0.011347
0.011868
0.007921
0.00914
0.009608
0.016751
0.012448
0.020402
0.018519
0.018687
0.010862
0.019905
0.010377
0.004494
0.007457
0.012159
0.008074
0.007126
0.010264
0.006627
0.007516
0.013448
0.00699
0.013841
0.025408
0.011883
0.006744
0.005305
0.010034
0.018937
0.005217
0.005506
0.012225
0.006578
0.00945
0.019648
0.018374
0.006621
0.011495
0.016275
0.006259
0.017573
0.005294
0.012102
0.010188
0.017987
0.010696
0.008398
0.011209
0.005157
0.005127
0.01138
0.004218
0.004746
0.004676
0.008142
0.004446
0.008112
0.013078
0.005166
0.004068
0.012709
0.008891
0.007723
0.007429
0.015391
0.010092
0.009788
0.012168
0.009444
0.007243
0.005274
0.004035
0.004893
0.013754
0.006054
0.010852
0.008
0.007822
0.005805
0.004439
0.00713
0.004191
0.004512
0.014211
0.011625
0.015395
0.006153
0.006795
0.010127
0.007024
0.008313
0.015258
0.015073
0.021199
0.010582
0.005035
0.00476
0.005193
0.004836
0.004856
0.007782
0.015504
0.005715
0.008674
0.005116
0.003639
0.011839
0.007766
0.006782
0.008654
0.024702
0.020287
0.013013
0.004095
0.005771
0.010094
0.006096
0.004227
0.012673
0.006914
0.026521
0.006343
0.011271
0.005792
0.013162
0.010324
0.008953
0.008146
0.012676
0.021657
0.007508
0.033299
0.010209
0.008436
0.007113
0.008003
0.011117
0.029206
0.010122
0.015774
0.009907
0.010556
0.010378
0.008398
0.011216
0.010721
0.017226
0.01475
0.021648
0.014457
0.027016
0.005915
0.012477
0.03812
0.006122
0.005332
0.011551
0.012892
0.023784
0.015975
0.035942
0.005857
0.005834
0.007583
0.016075
0.011582
0.005603
0.010353
0.006811
0.009952
0.018279
0.028925
0.027325
0.021666
0.011909
0.01133
0.00749
0.014561
0.013684
0.006327
0.011491
0.005863
0.022516
0.015994
0.010311
0.007444
0.008378
0.015834
0.010369
0.005368
0.023134
0.013751
0.009443
0.007428
0.017362
0.010702
0.017962
0.00818
0.018151
0.005367
0.00408
0.01233
0.026465
0.006886
0.007023
0.01174
0.009244
0.010854
0.005961
0.01355
0.008888
0.035402
0.021952
0.005932
0.008581
0.004353
0.008864
0.011052
0.013185
0.011446
0.00536
0.008857
0.008793
0.007865
0.018865
0.004693
0.004023
0.00926
0.008928
0.013962
0.005495
0.012857
0.015597
0.010605
0.00817
0.010655
0.005426
0.008909
0.031497
0.009094
0.008105
0.006427
0.005453
0.008098
0.005699
0.005666
0.005052
0.008539
0.006643
0.006566
0.013767
0.006874
0.006631
0.010034
0.016231
0.021159
0.006094
0.043095
0.012017
0.002963
0.004769
0.007378
0.003261
0.0074
0.024508
0.012409
0.005142
0.005148
0.005213
0.004803
0.005973
0.006665
0.00529
0.007482
0.006892
0.009749
0.005331
0.005019
0.030497
0.011741
0.032908
0.005261
0.0028
0.005365
0.006494
0.01485
0.003692
0.017661
0.005127
0.009071
0.012523
0.011973
0.011546
0.007813
0.023675
0.010973
0.01054
0.007076
0.006685
0.020465
0.007115