
0.0282843
0.0601995
0.074947
0.0675692
0.0782654
0.0896012
0.0684914
0.115002
0.0116663
0.0296355
0.00938517
0.118157
0.11084
0.137707
0.115194
0.133679
0.125998
0.132075
0.171771
0.186794
0.184185
0.165593
0.0652577
0.00208966
0.00208966
0.00208966
0.0021323
0.00226024
0.00226024
0.00226024
0.00230288
0.00226024
0.00226024
0.00230288
0.00226024
0.00238816
0.00247344
0.00255872
0.00234547
0.00247337
0.00247337
0.00281442
0.00294222
0.00306968
0.0033233
0.0032824
0.00328244
0.00614076
0.00604903
0.0209713
0.0209713
0.0455971
0.138897
0.138897
0.161131
0.147756
0.000597047
0.000597047
0.0230289
0.0211534
0.0216218
0.0218354
0.0217926
0.021918
0.0217939
0.0250256
0.0388245
0.0644917
0.0644917
0.14997
0.0275734
0.0509854
0.272149
0.289239
0.276186
0.29987
0.286179
0.303062
0.289412
0.0494765
0.0110071
0.0311958
0.023521
0.042234
0.027302
0.0446358
0.0446358
0.0249052
0.037611
0.0450837
0.0272958
0.0328487
0.0157503
0.0244653
0.0244653
0.0231645
0.0659944
0.0303691
0.0303691
0.0516771
0.0238205
0.0330432
0.0230337
0.0659985
0.0345297
0.0674171
0.0261757
0.0639082
0.036676
0.0249618
0.054066
0.00601229
0.0537654
0.00580059
0.0430336
0.0221641
0.0375841
0.041256
0.041256
0.371734
0.581284
0.630538
0.630538
0.601812
0.630264
0.0534646
0.00849369
0.0050033
0.0165911
0.0165911
0.00395691
0.00306471
0.011866
0.036787
0.0286303
0.0215534
0.0847016
0.0847016
0.0642767
0.0768069
0.0814518
0.0814518
0.0612737
0.0411284
0.0787427
0.0787427
0.0711865
0.0761789
0.035774
0.0231474
0.0150396
0.00579961
0.00768625
0.0130048
0.0130048
0.011944
0.011944
0.0110233
0.0232039
0.0115104
0.0103613
0.00962152
0.00936654
0.0228869
0.00930302
0.0050862
0.0462555
0.0197355
0.0372007