
3e-06
1e-06
1e-06
1e-06
3e-06
1e-06
1e-06
1e-06
2e-06
2e-06
1e-06
1e-06
1e-06
1e-06
1e-06
1e-06
2e-06
2e-06
1e-06
1e-06
1e-06
1e-06
1e-06
1e-06
1e-06
1e-06
1e-06
1e-06
1e-06
1e-06
1e-06
1e-06
2e-06
1e-06
1e-06
1e-06
1e-06
1e-06
1e-06
1e-06
1e-06
1e-06
1e-06
1e-06
1e-06
1e-06
1e-06
1e-06
1e-06
1e-06
1e-06
1e-06
1e-06
6e-06
2e-06
2e-06
1e-06
2e-06
2e-06
3e-06
1e-06
3e-06
2e-06
4e-06
4e-06
2e-06
2e-06
2e-06
1e-06
2e-06
3e-06
1e-06
1e-06
1e-06
2e-06
0.025696
0.025336
0.025942
0.024792
0.024569
0.023739
0.023599
0.074471
0.028676
0.029563
0.029248
2e-06
1e-06
1e-06
2e-06
2e-06
2e-06
1e-06
3e-06
3e-06
2e-06
1e-06
3e-06
1e-06
2e-06
2e-06
1e-06
1e-06
3e-06
0.024449
0.02238
0.022576
0.021917
0.022326
0.021414
1e-06
2e-06
2e-06
3e-06
0.023096
0.033168
0.027778
0.033705
0.01502
0.017235
1e-06
2e-06
2e-06
3e-06
2e-06
5e-06
4e-06
1e-06
7e-06
2e-06
1e-06
2e-06
5e-06
2e-06
2e-06
4e-06
3e-06
3e-06
2e-06
1e-06
1e-06
2e-06
3e-06
1e-06
7e-06
3e-06
1e-06
3e-06
2e-06
0.009407
0.066256
0.070461
0.067048
0.015413
0.01727
0.014008
0.014627
0.01285
0.012456
0.020911
0.018813
0.014689
0.015172
0.023021
0.012874
0.015886
0.043125
0.017955
0.015112
0.053727
0.057975
0.029472
0.018157
0.053284
0.020458
0.013492
0.014015
0.017749
2e-06
6e-06
1e-06
2e-06
2e-06
2e-06
0.017954
0.017603
0.017502
0.056569
5e-06
2e-06
8e-06
1e-06
1e-06
1e-06
1e-06
2e-06
7e-06
1e-06
9e-06
2e-06
2e-06
2e-06
1e-06
2e-06
2e-06
3e-06
0.019151
0.07808
0.022534
3e-06
1e-06
3e-06
0.059182
0.021668
1e-06
0.04523
0.01844
0.059282
0.067836
0.066761
0.022632
0.020311
0.020239
1e-06
2e-06
1e-06
4e-06
1e-06
3e-06
3e-06
9e-06
3e-06
3e-06
2e-06
1e-06
1e-06
0.08191
1e-06
0.020382
0.020643
1e-06
6e-06
1e-06
2e-06
1e-06
3e-06
2e-06
1e-06
2e-06
5e-06
2e-06
2e-06
1e-06
6e-06
3e-06
3e-06
2e-06
2e-06
2e-06
1e-06
3e-06
3e-06
1e-06
0.019906
0.019113
0.018913
0.020077
0.019704
0.018667
0.019431
0.056338
0.062977
0.025253
0.021729
0.020468
0.020971
0.021608
0.060315
0.078212
0.041225
0.061868
0.021222
0.019753
0.020377
0.020358
0.019952
0.020202
0.020096
0.020192
0.02025
0.020305
0.020391
0.020462
0.020417
0.020749
0.01968
0.032408
0.055058
0.018642
0.020281
0.018738
0.016052
0.016413
0.016155
0.016019
0.015653
0.055223
0.043541
0.014733
0.017214
0.018921
0.012776
0.012422
0.051632
0.071784
0.016621
0.071653
0.016071
0.015993
0.016754
0.021447
0.014233
0.055163
0.064626
0.011475
0.079408
0.013825
0.013357
0.013485
0.033095
0.013031
0.013465
0.01904
0.018168
0.026686
0.014173
0.013935
0.051026
0.076556
0.070188
0.013737
0.012949
0.013265
0.015265
0.020769
0.020307
0.018385
0.015387
0.025305
0.016555
0.013396
0.014001
0.040728
0.076318
0.076313
0.082809
0.039978
0.054456
0.075734
0.027617