
0.009143
0.009256
0.014545
0.007189
0.007794
0.015914
0.014694
0.00868
0.007378
0.008084
0.008373
0.007329
0.00955
0.007689
0.014893
0.00741
0.015408
0.016064
0.008191
0.015713
0.008121
0.007981
0.016232
0.0081
0.00755
0.007502
0.014914
0.015127
0.008197
0.012248
0.009924
0.007273
0.007637
0.018835
0.014647
0.008054
0.006859
0.016238
0.00941
0.007449
0.007617
0.007859
0.007855
0.007702
0.008734
0.010353
0.007434
0.009146
0.009487
0.015153
0.007415
0.007769
0.011884
0.031
0.021169
0.008248
0.009545
0.012643
0.018037
0.017272
0.011284
0.01234
0.014137
0.021939
0.015992
0.030017
0.028632
0.024344
0.014585
0.070482
0.015246
0.00744
0.010196
0.015973
0.011611
0.040366
0.043645
0.038972
0.035819
0.052585
0.037006
0.08552
0.120817
0.045356
0.039775
0.037858
0.014421
0.026971
0.008576
0.008703
0.016314
0.010019
0.013761
0.030211
0.030104
0.010204
0.018551
0.02468
0.009662
0.02488
0.008207
0.015629
0.016057
0.023576
0.039668
0.03407
0.037945
0.029065
0.029443
0.036789
0.007099
0.007526
0.007467
0.01197
0.031859
0.045871
0.04511
0.041814
0.020952
0.034343
0.016428
0.010793
0.01538
0.020751
0.015089
0.016268
0.018917
0.013618
0.010654
0.007938
0.006705
0.00979
0.022522
0.0116
0.016915
0.012679
0.012805
0.009007
0.007535
0.01081
0.007047
0.007322
0.01952
0.015309
0.024003
0.009866
0.010568
0.016149
0.01034
0.020923
0.088372
0.093729
0.098082
0.029814
0.025081
0.020436
0.022568
0.020452
0.01998
0.032878
0.040778
0.022858
0.027176
0.030715
0.018641
0.031789
0.05539
0.02803
0.027914
0.090255
0.084771
0.046732
0.024436
0.062527
0.036436
0.022386
0.020562
0.035014
0.009946
0.037544
0.009635
0.025818
0.014884
0.022954
0.031991
0.029782
0.030689
0.074555
0.030204
0.010261
0.03963
0.014187
0.011966
0.01037
0.011297
0.015546
0.034749
0.013724
0.024494
0.01376
0.018377
0.013796
0.01173
0.015647
0.014949
0.024968
0.039689
0.107207
0.043234
0.036959
0.008894
0.016041
0.112872
0.029603
0.007991
0.059685
0.036267
0.091285
0.08942
0.111402
0.031134
0.0287
0.030606
0.02217
0.015271
0.007912
0.014132
0.008951
0.013642
0.025044
0.037007
0.036816
0.027918
0.016098
0.014619
0.009849
0.101544
0.017504
0.032447
0.035338
0.008318
0.026605
0.020375
0.013867
0.010564
0.01123
0.021237
0.014074
0.008114
0.030672
0.019346
0.012261
0.010316
0.02496
0.015707
0.022674
0.010913
0.023414
0.011835
0.010397
0.021192
0.051295
0.01337
0.029601
0.034987
0.031886
0.035823
0.028482
0.035576
0.031528
0.120374
0.105015
0.034197
0.033265
0.030103
0.032446
0.036552
0.078246
0.093782
0.049001
0.074594
0.037849
0.034974
0.05325
0.030927
0.029881
0.040983
0.035223
0.043202
0.031081
0.046919
0.050457
0.038072
0.036433
0.039419
0.030876
0.048755
0.108655
0.03459
0.039073
0.027767
0.027427
0.030702
0.027355
0.027866
0.025958
0.072494
0.057377
0.02838
0.047543
0.032265
0.021975
0.025973
0.076002
0.099838
0.02596
0.12838
0.042005
0.022842
0.028068
0.038771
0.021332
0.070615
0.110408
0.034585
0.091122
0.02173
0.021314
0.020536
0.042141
0.023522
0.021393
0.029957
0.028453
0.039557
0.024474
0.02114
0.094731
0.095321
0.117259
0.020886
0.018597
0.021522
0.023588
0.042429
0.025945
0.043132
0.022763
0.03772
0.033419
0.031564
0.030325
0.051151
0.107626
0.092073
0.096686
0.049894
0.063925
0.104299
0.037325