
1.51181e+09
0.010814
0.010943
0.016152
0.008834
0.009345
0.017444
0.01613
0.010122
0.00887
0.009533
0.009833
0.008791
0.011033
0.009148
0.016348
0.008762
0.016838
0.017453
0.009543
0.017049
0.009485
0.009329
0.017599
0.009453
0.008847
0.008788
0.016362
0.016623
0.009665
0.013782
0.011427
0.00876
0.009133
0.020366
0.016181
0.009592
0.008389
0.017782
0.010939
0.008998
0.008989
0.009225
0.009232
0.009074
0.00994
0.011574
0.008681
0.010386
0.010767
0.016908
0.010366
0.05428
0.053219
0.081835
0.026564
0.045086
0.040842
0.083912
0.029922
0.042246
0.044166
0.064144
0.037197
0.062975
0.036363
0.068593
0.038756
0.057555
0.034296
0.122319
0.036387
0.01354
0.026824
0.063764
0.197724
0.075518
0.077627
0.072646
0.043213
0.085544
0.069563
0.120294
0.345463
0.079121
0.073917
0.069744
0.020399
0.033208
0.052062
0.025497
0.080394
0.019553
0.122818
0.111827
0.067443
0.01993
0.068531
0.112704
0.032373
0.049897
0.01376
0.022801
0.075622
0.031449
0.063657
0.039607
0.061187
0.034896
0.061876
0.042532
0.059129
0.030002
0.072922
0.027515
0.128658
0.078559
0.108602
0.053303
0.152961
0.05766
0.032321
0.070739
0.031434
0.077837
0.090964
0.026214
0.03754
0.09027
0.030938
0.013029
0.031523
0.136184
0.049052
0.095843
0.04766
0.022788
0.021457
0.062454
0.089553
0.031769
0.011942
0.069448
0.02883
0.107229
0.093119
0.016633
0.122004
0.036259
0.078261
0.072181
0.16183
0.166493
0.138613
0.033829
0.045206
0.040956
0.0592
0.040641
0.068042
0.03869
0.05594
0.037272
0.07177
0.117063
0.03857
0.093397
0.076136
0.043409
0.040713
0.11989
0.116228
0.063062
0.029166
0.096123
0.049483
0.04187
0.062472
0.040503
0.120319
0.059008
0.198052
0.104728
0.023042
0.045313
0.038776
0.043703
0.035358
0.156054
0.053384
0.043574
0.076067
0.021173
0.132415
0.015818
0.051079
0.129344
0.061994
0.094141
0.063934
0.025991
0.073158
0.026046
0.072414
0.028067
0.062475
0.146743
0.096317
0.150911
0.10772
0.07439
0.057685
0.020075
0.136525
0.033469
0.111464
0.07392
0.040007
0.106662
0.228462
0.137529
0.034657
0.056861
0.040483
0.060835
0.040199
0.087326
0.019786
0.058637
0.035157
0.116943
0.057079
0.096985
0.034286
0.031485
0.021777
0.052253
0.232213
0.030809
0.050295
0.040042
0.088782
0.031667
0.045533
0.037165
0.069854
0.032268
0.065586
0.032393
0.105593
0.043265
0.045892
0.017818
0.088223
0.040438
0.04624
0.029205
0.040661
0.188067
0.024324
0.042849
0.06552
0.057583
0.036566
0.039523
0.05992
0.039907
0.060025
0.040078
0.053133
0.199566
0.143028
0.136288
0.052009
0.037699
0.04732
0.039787
0.053746
0.380735
0.159325
0.057322
0.264449
0.052375
0.039875
0.068124
0.035207
0.049804
0.208004
0.049753
0.058103
0.035342
0.0607
0.057502
0.04237
0.204126
0.053551
0.092824
0.062166
0.269889
0.049415
0.046305
0.182289
0.034141
0.190985
0.176299
0.039572
0.042145
0.138041
0.063517
0.050683
1.70521
0.158879
0.032533
0.042912
0.139785
0.108508
0.231673
0.14037
0.053591
0.038109
0.054333
0.185288
0.032619
0.087486
0.264221
0.216276
0.211898
0.031311
0.050685
0.047013
0.052795
0.042908
0.060718
0.039662
0.076795
0.042451
0.037241
0.042996
0.157636
0.147764
0.257887
0.029598
0.050864
0.043138
0.060873
0.046038
0.053949
0.04603
0.07416
0.040609
0.042117
0.035893
0.104413
0.10429
0.168611
0.288058
0.151613
0.060134
0.120134
0.170269