
0.001124
0.001683
0.03497
0.009788
0.026904
0.005975
0.012768
0.012986
0.017758
0.014916
0.032815
0.011763
0.012782
0.026599
0.025829
0.025622
0.025079
0.025234
0.021009
0.013615
0.027052
0.027316
0.025592
0.02609
0.029599
0.071583
0.069272
0.027264
0.017016
0.01758
0.01868
0.024122
0.017778
0.017349
0.017757
0.019767
0.022385
0.070678
0.024464
0.057333
0.006596
0.017373
0.017648
0.027422
0.066515
0.008409
0.015921
0.077979
0.017354
0.062759
0.019337
0.017993
0.015824
0.020313
0.056498
0.055982
0.063847
0.008114
0.046679
0.061477
0.056481
0.023622
0.009606
0.008998
0.01735
0.009888
0.013358
0.015277
0.056075
0.015704
0.009695
0.017271
0.020568
0.010813
0.025163
0.008607
0.011462
0.069451
0.010277
0.060904
0.013564
0.008271
0.066372
0.012337
0.026065
0.016656
0.070096
0.018369
0.060964
0.018288
0.022378
0.02141
0.009837
0.050518
0.029718
0.057706
0.022325
0.022066
0.013749
0.059941
0.009505
0.004945
0.003206
0.014135
0.008856
0.009811
0.02968
0.015254
0.064938
0.013503
0.053151
0.009935
0.003699
0.009344
0.009456
0.031449
0.012394
0.015932
0.015134
0.0534
0.017216
0.054709
0.017985
0.008278
0.007907
0.014073
0.009651
0.009414
0.009472
0.002603
0.012847
0.018539
0.011766
0.009732
0.003058
0.062952
0.056636
0.003131
0.010175
0.009704
0.009981
0.002475
0.009649
0.009995
0.009134
0.002395
0.009374
0.049755
0.008908
0.002917
0.009933
0.002565
0.00234
0.002469
0.007809
0.057914
0.002074
0.002415
0.001834
0.006889
0.052983
0.002913
0.008005
0.007896
0.003171
0.007692
0.011362
0.003912
0.002069
0.004005
0.006692
0.007113
0.00686
0.009664
0.022141
0.00688
0.054717
0.047665
0.004141
0.006174
0.006706
0.01005
0.009881
0.026747
0.006148
0.052851
0.04944
0.053745
0.003865
0.050081
0.007299
0.052232
0.057046
0.00689