
16
85
42
16
16
9
30
97
87
98
87
62
23
175
28
92
16
104
102
10
215
187
145
10
457
391
18
12
324
400
137
125
322
215
403
125
113
391
147
212
215
113
113
167
145
179
146
147
146
161
170
411
120
411
142
119
357
142
161
238
362
142
142
381
59
66
61
157
58
116
247
58
58
31
193
235
115
28
164
128
56
24
242
420
71
31
193
32
262
159
53
127
177
146
87
55
10
7
10
88
50
49
46
50
180
63
59
248
229
62
60
59
63
65
135
51
69
19
80
73
79
68
163
52
244
173
64
101
343
99
99
101
86
73
118
309
144
150
230
77
129
109
110
36
154
44
67
254
173
34
57
387
47
56
150
56
154
256
126
344
47
254
51
47
126
126
152
61
281
126
135
126
58
16
22
30
30
121
9
30
15
151
31
121
16
151
175
220
114
59
145
226
198
235
236
219
169
226
233
222
219
51
221
64
220
219
230
231
228
219
197
268
150
289
213
153
294
147
280
153
98
294
147
207
319
359
262
120
240
307
194
184
316
325
133
31
272
155
151
206
325
147
280
133
133
120
165
133
120
144
58
361
133
365
166
297
194
267
289
116
379
140
216
198
89
340
116
382
289
115
68
379
144
193
372
240
155
115
246
229
61
325
160
198
184
157
68
249
198
372
193
63
42
45
53
50
80
38
60
74
53
100
100
50
100
63
42
176
94
221
94
157
75
202
145
467
250
38
55
67
56
100
80
64
49
53
55
59
71
85
91
245
101
258
358
197
35
91
73
54
95
75
53
65
51
61
196
103
103
35
49
78
51
91
71
60
67
49
62
67
55
79
51
50
42
49
43
34
46
82
50
86
66
67
63
47
59
36
83
51
77
51
59
76
35
82
34
86
86
46
82
46
70
34
44
64
62
47
51
70
83
36
55
46
45
80
45
74
36
46
102
25
81
47
109
38
58
46
45
78
45
46
38
46
47
46
38
38
44
46
44
76
44
48
38
44
38
45
58
41
65
41
73
41
45
58
41
58
45
40
40
48
42
40
42
37
46
49
35
64
35
34
47
35
35
45
60
46
47
39
70
39
40
38
39
39
152
300
139
345
129
79
85
87
34
46
34
29
79
34
34
98
97
34
46
49
80
112
45
86
35
43
35
30
35
35
35
43
35
18
27
53
91
37
41
37
34
37
37
37
118
28
117
92
38
40
38
34
38
38
38
41
137
410
121
99
30
99
134
99
99
99
99
99
99
99
29
99
99
99
116
228
43
97
97
99
99
29
99
220
107
112
119
107
18
235
107
231
107
107
119
17
107
112
119
107
17
198
273
81
184
231
107
210
107
210
107
135
303
80
126
218
314
126
7
195
153
106
218
126
153
110
88
153
110