
0.053326
0.004973
0.00507
0.004
0.004038
0.003933
0.004142
0.004555
0.00416
0.003696
0.004325
0.0047
0.003952
0.004073
0.005064
0.004164
0.005096
0.003946
0.004044
0.003826
0.003629
0.003941
0.005249
0.004139
0.004547
0.004297
0.010011
0.004306
0.004065
0.005363
0.004322
0.004481
0.003908
0.003708
0.009537
0.003831
0.005342
0.004048
0.007442
0.00538
0.003564
0.003899
0.006597
0.004413
0.009445
0.004077
0.003202
0.004035
0.005334
0.005575
0.004074
0.003964
0.004247
0.004154
0.003957
0.004678
0.006295
0.003921
0.005108
0.005631
0.009502
0.004096
0.003971
0.006361
0.016429
0.013893
0.003957
0.004673
0.006357
0.008437
0.008714
0.005989
0.00686
0.007045
0.013389
0.009548
0.008638
0.007495
0.007279
0.007339
0.015384
0.008199
0.016487
0.007745
0.00299
0.005527
0.009675
0.006144
0.050282
0.002014
0.003155
0.002914
0.001709
0.001556
0.001365
0.002472
0.003488
0.002916
0.00328
0.005404
0.003294
0.007986
0.002736
0.004704
0.002038
0.005549
0.00666
0.00408
0.002135
0.00322
0.005241
0.001734
0.011573
0.003461
0.020902
0.007819
0.054167
0.001605
0.001144
0.002143
0.002159
0.009714
0.005028
0.003819
0.008092
0.00571
0.010012
0.003758
0.003996
0.009924
0.004796
0.007414
0.009055
0.006616
0.006674
0.007786
0.00475
0.004854
0.004249
0.00655
0.006218
0.04812
0.004504
0.004507
0.010133
0.003841
0.009905
0.003679
0.004259
0.014849
0.003827
0.004412
0.006556
0.009053
0.003615
0.00372
0.009337
0.002886
0.00328
0.003115
0.006151
0.00284
0.005763
0.010574
0.003404
0.00274
0.042965
0.001837
0.001566
0.001496
0.010285
0.003069
0.003875
0.001632
0.005939
0.005162
0.00301
0.012119
0.007714
0.006719
0.008948
0.007086
0.043872
0.0054
0.003978
0.002593
0.003303
0.001498
0.009902
0.002847
0.004206
0.001836
0.007997
0.005522
0.005222
0.00397
0.003014
0.036527
0.005135
0.002921
0.00298
0.011942
0.009574
0.010903
0.004173
0.004666
0.007079
0.004899
0.023199
0.001406
0.006682
0.011543
0.010832
0.015908
0.008601
0.003512
0.003436
0.003681
0.003491
0.003406
0.00558
0.008315
0.004301
0.0041
0.006978
0.0036
0.03339
0.00171
0.001681
0.002398
0.009537
0.002972
0.002836
0.00517
0.002396
0.004284
0.012041
0.007732
0.016528
0.002451
0.008173
0.002757
0.003791
0.003962
0.003894
0.004451
0.002863
0.010123
0.005098
0.020417
0.004729
0.039578
0.002739
0.001645
0.00183
0.001877
0.001854
0.003654
0.001063
0.001795
0.0018
0.008044
0.005268
0.00412
0.004801
0.00314
0.007355
0.002383
0.008083
0.00705
0.003308
0.002854
0.009585
0.017661
0.005926
0.027597
0.00809
0.00672
0.04718
0.005495
0.006197
0.008931
0.024436
0.008167
0.011408
0.007931
0.008341
0.002887
0.008374
0.00647
0.008834
0.008439
0.013844
0.065413
0.006316
0.005849
0.017816
0.004009
0.007797
0.02203
0.004451
0.010044
0.010322
0.021686
0.004558
0.003928
0.0092
0.004324
0.006155
0.019605
0.012801
0.057481
0.001768
0.030195
0.004396
0.00439
0.00606
0.00857
0.004691
0.009614
0.004079
0.007479
0.00498
0.007335
0.006748
0.007725
0.017355
0.005639
0.016129
0.006494
0.0181
0.009361
0.009526
0.005826
0.011432
0.05433
0.0034
0.003308
0.007809
0.003373
0.004396
0.002291
0.009374
0.004398
0.015847
0.013233
0.008313
0.005571
0.005919
0.012552
0.00837
0.003708
0.0188
0.010453
0.007624
0.005869
0.012966
0.00793
0.014551
0.00641
0.009288
0.005821
0.042279
0.003553
0.002275
0.00296
0.002457
0.003047
0.002554
0.002771
0.003634
0.003632
0.003135
0.002812
0.003481
0.002853
0.003565
0.009907
0.003348
0.004526
0.017653
0.005441
0.005385
0.005193
0.003213
0.005488
0.002864
0.006735
0.00274
0.004571
0.002813
0.005861
0.004349
0.011156
0.007037
0.048626
0.002412
0.003139
0.003435
0.002903
0.003103
0.002664
0.003501
0.002946
0.002454
0.003587
0.0195
0.009758
0.005961
0.00499
0.017997
0.009665
0.004158
0.006827
0.003
0.003019
0.007123
0.008973
0.010118
0.063301
0.002347
0.004034
0.00346
0.00251
0.002856
0.002763
0.003174
0.002795
0.002328
0.003373
0.008794
0.003842
0.006495
0.052121
0.002363
0.003183
0.003632
0.00239
0.002756
0.002791
0.003334
0.002981
0.002238
0.003255
0.00689
0.003779
0.006153
0.003331
0.011302
0.004036
0.00361
0.002399
0.003245
0.00301
0.002628
0.003084
0.004571
0.002683
0.003016
0.003016
0.051803
0.002731
0.002988
0.003608
0.002405
0.002655
0.002718
0.003505
0.002805
0.002348
0.003174
0.007116
0.002189
0.011468
0.003991
0.003898
0.002447
0.006163
0.004122
0.00378
0.002457
0.006328
0.006489
0.003415
0.003605
0.008617
0.002179
0.006484
0.003758
0.053232
0.002337
0.003798
0.003855
0.00237
0.003129
0.002272
0.003313
0.002004
0.002174
0.003312
0.00852
0.002851
0.003912
0.00233
0.006921
0.003461
0.021926
0.004275
0.005761
0.003489
0.047293
0.002721
0.003149
0.002343
0.002293
0.00263
0.002179
0.003701
0.002397
0.002525
0.007185
0.002109
0.002583
0.003786
0.002655
0.002323
0.004589
0.039857
0.002367
0.003186
0.002335
0.002223
0.002456
0.00251
0.003066
0.002157
0.002368
0.00232
0.003855
0.002356
0.006385
0.002273
0.041356
0.002554
0.002967
0.002255
0.002335
0.002513
0.002411
0.004071
0.002299
0.002277
0.002124
0.004068
0.002948
0.040634
0.003918
0.002804
0.003417
0.002192
0.002473
0.002238
0.00308
0.003197
0.002232
0.003277
0.004113
0.002935
0.003583
0.002083
0.005995
0.00361
0.00443
0.003594
0.004824
0.003431
0.004874
0.005861
0.002969
0.003975
0.03219
1.40593
0.011758
0.011916
0.007967
0.008806
0.007871
0.011009
0.011911
0.005696
0.005224
0.005024
0.002714
0.032602
0.003706
0.003247
0.003045
0.002299
0.002449
0.002253
0.00294
0.002084
0.002146
0.002102
0.005121
0.008075
0.012301
0.016987
0.004413
0.044974
0.003797
0.003789
0.004032
0.00204
0.001979
0.002076
0.001874
0.003637
0.002577
0.002252
0.037213
0.006315
0.006126
0.003403
0.004228
0.002206
0.001773
0.002056
0.003302
0.003316
0.00521
0.005405
0.035877
0.004503
0.003104
0.003847
0.002112
0.001827
0.001996
0.001991
0.002086
0.002003
0.002141
0.001914
0.002019
0.005093
0.003102
0.018852
0.00689
0.039752
0.002316
0.003116
0.003929
0.002366
0.001755
0.00209
0.001983
0.002147
0.002238
0.002192
0.010168
0.004688
0.032559
0.002362
0.004717
0.004572
0.002198
0.001798
0.002067
0.002233
0.002185
0.002172
0.002309
0.003135
0.003392
0.034906
0.00161
0.003438
0.003699
0.003403
0.004155
0.001588
0.003499
0.003573
0.004937
0.005093
0.007651
0.003761
0.001872
0.003822
0.012648
0.012489
0.005826
0.002809
0.009339
0.017561
0.056113
0.001604
0.003775
0.001453
0.00133
0.003718
0.004823
0.005805
0.005643
0.00214
0.006324
0.008019
0.003625
0.007038
0.006538
0.00366
0.005707
0.003727
0.005598
0.003554
0.005808
0.019414
0.008228
0.06401
0.001206
0.008112
0.005331
0.004924
0.01614
0.00504