
122
194
190
124
122
123
172
365
163
376
114
215
187
145
114
457
391
222
148
324
119
411
122
154
13
154
142
390
157
311
103
193
235
115
116
164
128
56
58
242
119
257
41
75
119
167
139
151
181
54
135
51
69
46
80
73
79
68
163
52
129
109
110
176
154
44
67
254
173
56
276
32
47
110
138
121
121
110
39
151
219
210
208
157
216
182
207
209
207
218
262
120
240
307
194
184
316
325
133
148
289
115
379
140
216
198
89
340
115
382
202
145
82
116
79
365
151
199
221
75
247
151
472
119
100
365
244
127
139
76
244
250
476
114
95
360
366
184
137
83
246
109
479
111
91
356
371
186
137
107
246
66
483
108
86
351
250
186
135
221
247
241
486
104
82
104
254
321
134
227
249
212
106
103
80
103
500
323
136
102
253
214
109
103
78
103
129
327
136
91
252
85
109
101
76
101
133
326
136
215
263
85
120
98
73
98
132
337
133
226
117
92
118
91
64
91
130
99
91
91
268
87
117
96
70
96
129
123
96
96
179
326
141
85
46
85
119
168
85
85
479
129
114
86
43
86
120
86
86
86
126
135
119
88
41
88
123
88
88
88
125
407
118
89
40
89
123
89
89
89
137
410
121
99
30
99
134
99
99
99
107
112
119
107
18
235
107
231
107
107
126
218
314
126
7
195
153
106
218
126