
0.011323
0.011745
0.006367
0.00531
0.005413
0.019072
0.019721
0.005885
0.012304
0.019759
0.015048
0.006364
0.007072
0.011282
0.006674
0.006151
0.005219
0.014281
0.00526
0.007752
0.006742
0.006635
0.006728
0.005963
0.010627
0.005417
0.011958
0.006278
0.004582
0.005826
0.005416
0.008301
0.01021
0.004494
0.007771
0.004345
0.005143
0.005181
0.005896
0.006003
0.004997
0.010345
0.005195
0.005518
0.010357
0.006287
0.006207
0.005837
0.010894
0.005877
0.007482
0.005734
0.005465
0.00532
0.006368
0.005026
0.005432
0.006445
0.010139
0.005461
0.006705
0.005867
0.011063
0.008057
0.006539
0.00621
0.009321
0.010128
0.006135
0.006504
0.00583
0.007149
0.014782
0.006424
0.005531
0.012703
0.005878
0.005899
0.00594
0.009003
0.01056
0.006226
0.013918
0.005785
0.0051
0.006209
0.012825
0.010416
0.004931
0.010055
0.006918
0.010666
0.00677
0.011822
0.00624
0.010348
0.00492
0.005271
0.005494
0.010135
0.018534
0.005339
0.005529
0.008601
0.005446
0.010333
0.008661
0.01711
0.004481
0.005925
0.005286
0.010631
0.00606
0.005025
0.004962
0.006149
0.005576
0.007378
0.006221
0.006197
0.005623
0.013342
0.005222
0.006883
0.00521
0.003537
0.014462
0.005785
0.004717
0.004987
0.00503
0.005495
0.005812
0.006165
0.010078
0.00563
0.004178
0.003908
0.005075
0.005984
0.006922
0.006647
0.005407
0.009123
0.004087
0.006819
0.010529
0.005282
0.006068
0.005
0.005037
0.009802
0.007114
0.005102
0.00576
0.01164
0.003723
0.004623
0.005023
0.005006
0.006549
0.004699
0.005143
0.01041
0.004288
0.003705
0.004298
0.007786
0.006399
0.006035
0.006661
0.004746
0.005039
0.005129
0.003804
0.009377
0.008586
0.011594
0.009069
0.007653
0.00536
0.009161
0.009561
0.004831
0.004923
0.004579
0.00807
0.004753
0.005261
0.005054
0.004213
0.004914
0.003747
0.007201
0.004926
0.004736
0.009595
0.009211
0.006625
0.008039
0.008405
0.005166
0.004017
0.00552
0.014036
0.00506
0.007451
0.003989
0.004536
0.005284
0.004086
0.006261
0.005075
0.004817
0.004008
0.005591
0.005328
0.010042
0.005423
0.007565
0.004256
0.009151
0.011118
0.009305
0.004821
0.003445
0.007679
0.003411
0.007648
0.01068
0.004693
0.014786
0.004999
0.008044
0.010159
0.011366
0.009708
0.005306
0.012976
0.003732
0.011435
0.004077
0.007878
0.003398
0.009124
0.004031
0.008294
0.00572
0.006585
0.013123
0.003344
0.007793
0.009555
0.008705
0.006827
0.004455
0.007936
0.00361
0.008644
0.004198
0.009516
0.007198
0.003562
0.008115
0.012905
0.009634
0.003541
0.004283
0.009912
0.015368
0.004364
0.009354
0.00935
0.009629
0.006995
0.01364
0.011787
0.009242
0.008657
0.011447
0.009479
0.009007
0.014656
0.005054
0.008094
0.005926
0.005468
0.007874
0.008629
0.010589
0.009998
0.008041
0.008151
0.008053
0.002951
0.005386
0.025006
0.002985
0.013804
0.00829
0.008448
0.008542
0.009133
0.003306
0.009164
0.011967
0.008696
0.002516
0.006481
0.006501
0.00522
0.005183
0.010317
0.008754
0.008463
0.008955
0.010367
0.007213
0.010986
0.002596
0.007401
0.002277
0.00889
0.010441
0.005514
0.006913
0.007326
0.005322
0.005393
0.010446
0.016941
0.0101
0.006488
0.008884
0.005858
0.003927
0.005434
0.006469
0.006742
0.007723
0.003986
0.005083
0.005975
0.010532
0.008822
0.012548
0.0057