
0.00088
0.000991
0.000887
0.000933
0.001048
0.001001
0.001061
0.001153
0.000991
0.001083
0.001105
0.000908
0.000883
0.001032
0.000991
0.001078
0.000861
0.001031
0.000967
0.000845
0.001066
0.000981
0.00098
0.000923
0.00083
0.00087
0.001031
0.000896
0.001129
0.000917
0.000923
0.000889
0.001059
0.00094
0.00224
0.00091
0.000831
0.000965
0.0009
0.000934
0.000824
0.001134
0.000887
0.000895
0.00105
0.000926
0.000907
0.000884
0.000915
0.000931
0.001029
0.001051
0.000979
0.00094
0.000935
0.001116
0.000975
0.000971
0.001093
0.000966
0.000991
0.000965
0.001129
0.000953
0.001039
0.000942
0.001117
0.000948
0.001024
0.000905
0.001032
0.001032
0.001273
0.000962
0.001062
0.001072
0.00125
0.000959
0.001101
0.00111
0.001424
0.002015
0.001212
0.000988
0.000994
0.001011
0.001177
0.001016
0.000864
0.001141
0.001169
0.001046
0.001224
0.001154
0.000979
0.000975
0.001121
0.001317
0.001105
0.001077
0.001079
0.000929
0.001134
0.001011
0.001199
0.001283
0.000893
0.000924
0.000883
0.001115
0.001003
0.000956
0.001216
0.001066
0.000989
0.000879
0.000879
0.001772
0.001
0.000952
0.000849
0.000883
0.000994
0.0008
0.001159
0.000898
0.00107
0.000922
0.001005
0.000892
0.000929
0.000889
0.000811
0.000798
0.001044
0.000865
0.001163
0.000979
0.001147
0.000845
0.001118
0.001044
0.00106
0.000884
0.000977
0.001063
0.001215
0.000883
0.000906
0.000869
0.00098
0.001098
0.000963
0.001101
0.00089
0.001192
0.000829
0.000802
0.000888
0.000953
0.000973
0.000827
0.000905
0.000884
0.001026
0.000857
0.000966
0.001149
0.000903
0.00102
0.001043
0.000782
0.001361
0.000791
0.000922
0.000909
0.00089
0.000942
0.00097
0.000967
0.00087
0.000999
0.001052
0.000959
0.000882
0.000879
0.000934
0.000885
0.000925
0.000838
0.001079
0.00086
0.000717
0.001038
0.000996
0.001079
0.00106
0.001075
0.000819
0.000966
0.001239
0.000963
0.000935
0.000933
0.001084
0.0009
0.00114
0.000973
0.001016
0.001008
0.001034
0.000949
0.00101
0.000823
0.000963
0.000948
0.000967
0.001163
0.000887
0.001102
0.001122
0.001048
0.001123
0.001285
0.000993
0.000824
0.001178
0.000762
0.00104
0.000925
0.001121
0.000942
0.001082
0.000825
0.001115
0.001168
0.001084
0.000945
0.001159
0.000952
0.003078
0.00093
0.000894
0.000926
0.001019
0.001025
0.000977
0.00085
0.000966
0.001063
0.000815
0.00098
0.000997
0.000856
0.001001
0.000884
0.000935
0.000891
0.000818
0.000843
0.00103
0.000764
0.001078
0.001064
0.00107
0.001187
0.000863
0.000945
0.001076
0.001149
0.000842
0.00088
0.000926
0.001249
0.000927
0.001001
0.001199
0.000898
0.000884
0.000898
0.001094
0.000844
0.001019
0.001017
0.000769
0.001109
0.001029
0.000776
0.000911
0.000907
0.00099
0.000995
0.000962
0.00099
0.000985
0.000996
0.001092
0.001149
0.001199
0.001045
0.001133
0.001112
0.000804
0.001032
0.000787
0.001015
0.000948
0.000928
0.000836
0.00119
0.000956
0.000866
0.001084
0.001078
0.001134
0.001097
0.00084
0.000905
0.001193
0.001106
0.000987
0.000825
0.000938
0.000939
0.000832
0.000926
0.000924
0.000884
0.000981
0.001149
0.0013
0.001001
0.000932
0.000929
0.00111
0.000797
0.00105
0.001108
0.000903
0.001135
0.000822
0.000867
0.000874
0.000906
0.001186
0.001174
0.000981