
0.0282843
0.060498
0.0455719
0.0714074
0.0714074
0.0955797
0.094847
0.106311
0.0993126
0.0887807
0.0239804
0.0359446
0.0359446
0.0275524
0.0500349
0.0289011
0.0511422
0.0301129
0.0416529
0.07449
0.0537407
0.0119608
0.0126941
0.0241989
0.0245273
0.0356106
0.0360121
0.0157793
0.0157793
0.0249971
0.0435737
0.0845591
0.0593308
0.124741
0.0789833
0.100392
0.133354
0.0145369
0.0107204
0.0220868
0.0234578
0.0198911
0.0198911
0.023932
0.023932
0.0424459
0.0279265
0.035949
0.0604557
0.0637785
0.139815
0.143446
0.132602
0.0177825
0.0177825
0.0264839
0.00928919
0.0195902
0.0267943
0.0434292
0.0292458
0.0483773
0.121481
0.14085
0.140199
0.189488
0.208993
0.207712
0.211673
0.224083
0.0309338
0.0277018
0.0411418
0.077278
0.0711783
0.0836257
0.0836257
0.0941458
0.0858868
0.099464
0.099464
0.109737
0.0997656
0.0322527
0.0322527
0.0469047
0.0403624
0.224858
0.205382
0.223859
0.204134
0.212665
0.221212
0.211266
0.240506
0.0265211
0.0161989
0.02816
0.00670442
0.00987525
0.00282395
0.0545185
0.0320133
0.042826
0.0532846
0.0424333
0.0141143
0.0416999
0.0217335
0.0516237
0.0455046
0.0542075
0.00357429
0.0233424
0.0217042
0.00615994
0.030957
0.00773536
0.0405275
0.0264946
0.0101142
0.0214058
0.00464081
0.0304085
0.0396644
0.00800262
0.0345296
0.025308
0.0344488
0.00271439
0.0134274
0.0300919
0.0509805
0.0148177
0.0357486
0.0357486
0.0324581
0.0324581
0.0412782
0.0412782
0.0377323
0.0707307
0.0295377
0.00136968
0.022842
0.0147514
0.00603876
0.0145096
0.0221541
0.0221541
0.0138684
0.0192007
0.00554466
0.00939239
0.00939239
0.0238265
0.00225445
0.0198648
0.00545901
0.00200327
0.00200327
0.0251562
0.00876209
0.00876209
0.00517288
0.0130726
0.0130726
0.0211694
0.0211694
0.0418106
0.0057419
0.0377262
0.0255445
0.0459893