
3e-06
1e-06
1e-06
1e-06
4e-06
1e-06
1e-06
2e-06
2e-06
1e-06
1e-06
1e-06
1e-06
1e-06
1e-06
1e-06
2e-06
1e-06
1e-06
1e-06
2e-06
1e-06
1e-06
1e-06
1e-06
1e-06
1e-06
1e-06
1e-06
0
0
1e-06
1e-06
1e-06
1e-06
1e-06
1e-06
1e-06
1e-06
1e-06
1e-06
2e-06
1e-06
1e-06
1e-06
1e-06
1e-06
1e-06
1e-06
1e-06
1e-06
0
1e-06
1e-06
1e-06
2e-06
2e-06
1e-06
1e-06
1e-06
1e-06
1e-06
1e-06
1e-06
3e-06
1e-06
1e-06
1e-06
1e-06
1e-06
1e-06
1e-06
1e-06
1e-06
1e-06
0.021127
0.02361
0.020939
0.020668
0.020912
0.022015
0.058405
0.021546
0.021838
0.022176
0.02205
0.02185
0.02444
0.023639
0.024122
0.024714
0.024165
0.024355
0.024199
0.025361
0.024424
0.062573
0.024714
0.059756
0.05656
0.023713
0.025448
0.023855
0.023624
0.02207
0.021983
2e-06
1e-06
1e-06
2e-06
1e-06
2e-06
2e-06
2e-06
2e-06
2e-06
1e-06
2e-06
1e-06
2e-06
1e-06
1e-06
1e-06
1e-06
1e-06
2e-06
1e-06
2e-06
2e-06
2e-06
1e-06
2e-06
1e-06
2e-06
2e-06
1e-06
0.055829
1e-06
0.053255
0.013873
0.050591
0.052026
0.050472
0.013078
0.014585
0.050712
0.014638
0.013976
0.013025
0.013653
0.05186
0.050569
0.013018
0.052334
0.014719
0.05062
2e-06
1e-06
2e-06
2e-06
1e-06
1e-06
2e-06
1e-06
1e-06
2e-06
1e-06
0.054165
0.01611
0.016015
0.018006
0.01934
0.057792
2e-06
1e-06
0.018376
0.018171
2e-06
2e-06
2e-06
1e-06
2e-06
1e-06
2e-06
1e-06
2e-06
1e-06
2e-06
1e-06
2e-06
1e-06
2e-06
1e-06
1e-06
0.050905
0.050678
0.050861
0.051054
2e-06
1e-06
2e-06
2e-06
1e-06
2e-06
1e-06
1e-06
1e-06
1e-06
2e-06
1e-06
1e-06
1e-06
1e-06
2e-06
0.013668
0.013739
0.050733
0.046755
0.050677
0.050741
0.050675
0.046649
0.051971
0.054487
2e-06
0.012467
1e-06
2e-06
2e-06
1e-06
1e-06
1e-06
0.01619
0.014492
0.052707
0.016745
0.017244
0.016669
0.052568
0.014582
0.053832
0.016652
0.015894
0.016822
0.017666
0.017039
2e-06
2e-06
1e-06
2e-06
1e-06
2e-06
1e-06
1e-06
2e-06
1e-06
0.01584
0.01582
0.015886
0.017047
0.053295
0.015282
0.05399
0.053764
0.051989
0.052158
0.014915
0.014662
1e-06
2e-06
1e-06
1e-06
0.015556
0.054511
0.015437
0.015929
0.053997
0.01854
0.017875
0.017616
0.01994
0.020636
0.02066
0.060615
0.018588
0.017205
0.054664
0.017065
0.016929
0.019117
0.016384
0.054201
0.017803
0.018369
0.017247
0.017318
0.014333
0.054614
0.054296
0.058449
0.059729
0.058871
0.017377
0.017295
0.015647
0.016848
0.017024
0.016655
0.014783
0.054951
0.015923
0.014778
0.014648
0.050875
0.054831
0.05567
0.017631
0.017685
0.053522
0.054712
0.016172
0.01545
0.01546
0.016546
0.018968
0.017558
0.017822
0.017183
0.016727
0.016855
0.055316
0.018087
0.01432
0.014207
0.055763
0.015194
0.050506
0.013084
0.01371
0.054224
0.013079
0.01343
0.012797
0.01345
0.0519
0.016808
0.050406