
0.016029
0.016361
0.00916
0.007699
0.00753
0.025406
0.026168
0.008183
0.017251
0.026531
0.019152
0.008807
0.009949
0.016066
0.00895
0.0086
0.007281
0.01859
0.007243
0.01098
0.009183
0.009113
0.009249
0.008496
0.013889
0.007671
0.017044
0.008079
0.007058
0.008301
0.007609
0.011056
0.013447
0.007037
0.010298
0.006863
0.007262
0.007475
0.008342
0.008465
0.007283
0.013427
0.007435
0.007821
0.013406
0.008768
0.008832
0.008018
0.014774
0.007677
0.009995
0.007865
0.007718
0.007113
0.008763
0.007198
0.007676
0.009192
0.012769
0.007446
0.009256
0.007329
0.015411
0.011304
0.009327
0.008858
0.012439
0.012815
0.009033
0.009278
0.008416
0.009826
0.019498
0.00872
0.007938
0.042997
0.036017
0.033578
0.032861
0.037492
0.040228
0.071478
0.050024
0.033945
0.034128
0.033743
0.044064
0.042826
0.035461
0.041363
0.038582
0.041825
0.03704
0.045832
0.037465
0.042891
0.074192
0.037144
0.07156
0.074
0.060071
0.035924
0.031621
0.036098
0.02958
0.036113
0.011331
0.02391
0.007063
0.008728
0.007784
0.016391
0.008939
0.007662
0.007659
0.009104
0.010206
0.010267
0.008478
0.008125
0.008145
0.017228
0.010884
0.012609
0.012141
0.007549
0.028304
0.010556
0.009283
0.009678
0.009225
0.011532
0.01181
0.01387
0.018293
0.009671
0.064337
0.008368
0.063893
0.024411
0.063128
0.064305
0.059688
0.025295
0.02083
0.060269
0.029651
0.021717
0.021804
0.021055
0.059111
0.064988
0.02316
0.059686
0.022908
0.067484
0.005878
0.010871
0.008538
0.007077
0.00916
0.009571
0.010707
0.017562
0.01013
0.008167
0.010275
0.065157
0.025477
0.024688
0.027591
0.026148
0.06469
0.007786
0.00614
0.031226
0.030006
0.016449
0.012491
0.011429
0.007882
0.012438
0.013761
0.009821
0.007644
0.006603
0.011769
0.007411
0.007651
0.009633
0.009305
0.007121
0.008783
0.014072
0.058011
0.05763
0.063664
0.063346
0.009315
0.010957
0.011993
0.007768
0.005924
0.008299
0.01957
0.011289
0.01098
0.007847
0.007075
0.007964
0.008072
0.009613
0.007869
0.007473
0.019551
0.021918
0.058573
0.061115
0.058431
0.061935
0.057564
0.058854
0.065728
0.067202
0.00713
0.018118
0.01017
0.004847
0.010771
0.015428
0.007043
0.020414
0.023482
0.025382
0.066138
0.032837
0.03063
0.024376
0.070634
0.01963
0.068512
0.022776
0.02661
0.024508
0.029352
0.023228
0.011029
0.008169
0.009559
0.018091
0.004604
0.010821
0.013578
0.012004
0.008741
0.006637
0.030807
0.023992
0.032829
0.02693
0.070677
0.02978
0.062543
0.071106
0.075775
0.070079
0.022722
0.023248
0.016174
0.029271
0.008817
0.017396
0.030865
0.069268
0.029518
0.042103
0.075767
0.036634
0.032181
0.036509
0.039566
0.035611
0.045092
0.07273
0.035095
0.030449
0.062502
0.0331
0.034083
0.036084
0.034681
0.070633
0.033671
0.03509
0.023692
0.028266
0.054106
0.060708
0.08323
0.074548
0.076568
0.075497
0.035569
0.023877
0.030308
0.038075
0.031239
0.022505
0.028253
0.066017
0.02703
0.026564
0.035979
0.068119
0.072126
0.067564
0.031483
0.027359
0.069798
0.06037
0.026204
0.020772
0.02719
0.030399
0.027101
0.026987
0.028082
0.025061
0.024531
0.03074
0.078522
0.032395
0.023769
0.026236
0.064193
0.021
0.058287
0.022445
0.022944
0.066556
0.018549
0.021011
0.021539
0.027492
0.063779
0.034369
0.058594