
1.51128e+09
0.017526
0.017842
0.010659
0.009571
0.008963
0.027016
0.028029
0.009819
0.018997
0.028884
0.021125
0.010581
0.011783
0.017881
0.010673
0.010316
0.008962
0.020807
0.009174
0.013465
0.011184
0.010925
0.011051
0.010318
0.015576
0.009321
0.018426
0.009504
0.00837
0.009626
0.008833
0.012296
0.014686
0.008227
0.01154
0.008047
0.008466
0.008727
0.009578
0.009738
0.008882
0.014781
0.008801
0.009169
0.014842
0.010181
0.010295
0.009464
0.016216
0.009171
0.01288
0.050729
0.051372
0.048613
0.053994
0.046036
0.056375
0.043645
0.053785
0.046193
0.053894
0.046113
0.056464
0.043921
0.056076
0.043599
0.056579
0.043363
0.056485
0.04352
0.056724
0.043282
0.056422
0.043573
0.208533
0.070482
0.061844
0.04053
0.058297
0.044254
0.097156
0.133395
0.065518
0.049884
0.200057
0.059224
0.071184
0.070226
0.043018
0.070706
0.047149
0.070476
0.064989
0.054574
0.059027
0.217884
0.102524
0.059083
0.078842
0.139935
0.078404
0.171305
0.056645
0.041951
0.095634
0.059736
0.01712
0.029966
0.053671
0.032645
0.066728
0.033269
0.067406
0.03261
0.106676
0.013904
0.046033
0.033322
0.096403
0.011637
0.04446
0.168547
0.023143
0.04176
0.059697
0.040251
0.058276
0.041738
0.094536
0.013448
0.086369
0.015117
0.048379
0.042144
0.052736
0.216871
0.07697
0.041303
0.11474
0.027964
0.074483
0.113667
0.150842
0.073273
0.06738
0.108266
0.039775
0.024632
0.040866
0.057367
0.109293
0.075209
0.042982
0.109905
0.071977
0.116233
0.008848
0.052657
0.043094
0.052075
0.146722
0.021758
0.052212
0.039299
0.066466
0.033706
0.104508
0.087512
0.041667
0.177288
0.0483
0.033867
0.08555
0.014478
0.065556
0.035446
0.064337
0.034256
0.066279
0.033758
0.066306
0.034123
0.103501
0.014023
0.085597
0.010611
0.051399
0.034858
0.057049
0.168101
0.060122
0.01021
0.050402
0.042913
0.10423
0.103807
0.112105
0.112421
0.019436
0.034794
0.103337
0.012061
0.04968
0.035215
0.057424
0.17609
0.029742
0.035285
0.063648
0.036716
0.063204
0.036758
0.063452
0.03629
0.063753
0.036165
0.106507
0.108196
0.103952
0.107987
0.104027
0.195134
0.113414
0.077173
0.050045
0.042736
0.056961
0.043076
0.05779
0.042179
0.094034
0.023181
0.040592
0.042226
0.077229
0.035725
0.04562
0.041429
0.080442
0.022284
0.073413
0.161095
0.038805
0.041458
0.058404
0.041258
0.058288
0.041717
0.096766
0.021067
0.039766
0.042406
0.058092
0.041982
0.052525
0.181119
0.042457
0.042104
0.05812
0.041771
0.118638
0.040621
0.068158
0.229753
0.123799
0.117722
0.072025
0.026207
0.02702
0.03248
0.056029
0.041887
0.052496
0.198264
0.041001
0.0455
0.08859
0.049485
0.035554
0.049912
0.043531
0.039353
0.099669
0.22104
0.047216
0.089028
0.0744
0.041521
0.052714
0.181671
0.086209
0.082405
0.050365
0.041129
0.052896
0.167303
0.105379
0.072433
0.131977
0.086626
0.089116
0.087092
0.041534
0.22162
0.040866
0.050991
0.041257
0.057509
0.042427
0.076995
0.029629
0.051039
0.04227
0.11609
0.219176
0.078374
0.04988
0.041975
0.118834
0.10799
0.036064
0.023165
0.045897
0.095229
0.038158
0.029697
0.036812
0.058282
0.041823
0.058573
0.084448
0.174444
0.033294
0.042891
0.113213
0.067985
0.067119
0.043494
0.057635
0.075605
0.02062
0.046128
0.056903
0.043115
0.07279
0.036679