
0.001114
0.001155
0.003615
0.006094
0.003535
0.003603
0.006164
0.006162
0.006313
0.006183
0.006349
0.006172
0.006001
0.019753
0.01885
0.018211
0.049839
0.054754
0.008232
0.007983
0.018119
0.019425
0.019335
0.020123
0.020189
0.020122
0.009132
0.019968
0.013691
0.057594
0.009545
0.018583
0.055943
0.017455
0.01729
0.016329
0.016968
0.056324
0.016279
0.046053
0.002116
0.00808
0.008601
0.007925
0.044057
0.043967
0.007395
0.002365
0.0084
0.046878
0.007402
0.045319
0.002258
0.044541
0.043261
0.044549
0.006809
0.007069
0.046727
0.006878
0.04669
0.045465
0.045272
0.006657
0.001861
0.007195
0.00974
0.016352
0.054133
0.016635
0.008187
0.015914
0.016013
0.015232
0.015049
0.015937
0.016011
0.053163
0.052995
0.014942
0.006829
0.045945
0.006587
0.043073
0.04301
0.045234
0.045694
0.006721
0.053069
0.014613
0.007186
0.014679
0.013436
0.013166
0.01338
0.013536
0.043844
0.04398
0.042616
0.043149
0.043591
0.001541
0.044684
0.007001
0.006993
0.00664
0.007464
0.043683
0.007543
0.007898
0.00825
0.006918
0.001909
0.008292
0.008045
0.007894
0.046378
0.007232
0.007675
0.00221
0.007779
0.007847
0.044175
0.007119
0.001886
0.044449
0.044208
0.04588
0.007336
0.00771
0.002146
0.007782
0.008931
0.009004
0.009275
0.050083
0.002453
0.00835
0.047246
0.008198
0.002142
0.047629
0.008164
0.008431
0.002373
0.047767
0.008299
0.045056
0.008554
0.008776
0.0082
0.002122
0.007569
0.008039
0.007182
0.007927
0.00732
0.045043
0.001826
0.007888
0.007655
0.04618
0.044742
0.00712
0.044822
0.007977
0.007816
0.008236
0.002139
0.006976
0.046337
0.044374
0.00644
0.00727
0.006584
0.006623
0.006538
0.006659