
82
47
18
47
146
84
85
47
35
42
96
19
94
85
108
90
149
50
149
85
148
77
52
82
101
140
86
80
52
33
52
35
91
83
141
53
45
83
36
113
26
83
73
107
76
96
43
79
76
86
28
40
93
135
77
77
108
136
20
147
151
341
260
145
500
122
111
17
324
145
240
145
303
260
416
145
86
145
111
146
143
151
86
107
156
24
136
136
156
144
397
10
27
35
68
14
34
12
15
12
13
60
35
88
12
21
82
20
14
21
12
64
46
105
68
20
12
56
106
11
18
35
58
8
18
64
17
16
57
16
26
23
13
150
110
62
72
350
33
79
120
130
69
261
55
173
184
62
92
158
101
116
173
55
173
116
148
173
109
62
123
114
116
166
50
44
107
16
16
40
44
166
64
19
27
47
54
107
16
107
196
167
124
5
113
120
5
180
120
34
337
119
313
177
119
120
119
65
287
252
200
120
274
34
120
120
238
120
119
37
104
120
120
34
104
120
25
41
241
93
93
121
33
76
294
38
102
93
118
93
93
64
113
100
278
274
158
229
92
76
76
92
137
92
340
43
45
69
97
97
109
36
343
138
104
183
93
69
15
82
107
14
103
91
103
93
110
114
138
103
117
93
50
66
117
93
358
98
77
145
102
383
148
78
103
18
358
102
77
95
77
192
77
216
103
148
64
139
310
102
194
303
111
185
77
169
102
124
212
77
271
73
57
57
69
55
55
53
49
43
52
48
211
80
263
67
218
139
150
158
163
65
181
163
65
261
159
82
61
67
60
68
73
43
38
31
26
39
69
44
113
59
94
91
27
47
66
81
19
59
66
85
42
38
32
26
36
41
32
101
38
21
23
36
102
13
102
23
23
18
85
52
75
110
36
32
25
15
110
74
53
73
112
126
19
36
53
77
20
103
100
18
105
48
17
108
32
27
20
32
103
116
103
103
115
108
21
109
37
44
38
115
28
24
16
19
112
106
107
107
106
43
42
40
46
36
48
115
20
15
79
154
108
40
21
37
122
46
116
116
113
122
15
54
15
28
130
119
15
45
25
40
115
15
11
11
15
29
74
15
51
65
120
30
114
117
149
347
70
119
248
261
130
88
19
244
260
326
173
260
19
20
190
19
234
324
134
173
182
109
109
318
233
275
130
134
73
158
245
124
329
145
141
124
8
120
158
259
120
45
128
166
167
7
45
113
157
334
247
166
163
132