
0.044885
0.004853
0.004273
0.00484
0.004564
0.004854
0.003873
0.003873
0.011798
0.004059
0.004888
0.01154
0.004172
0.003819
0.006015
0.004511
0.012013
0.012519
0.004834
0.005395
0.004458
0.004516
0.005178
0.004481
0.003892
0.011793
0.003826
0.006022
0.005027
0.005016
0.005114
0.004443
0.008784
0.003997
0.006332
0.003289
0.004768
0.003039
0.004318
0.004007
0.006816
0.003217
0.004829
0.003137
0.004917
0.00301
0.003836
0.003705
0.00437
0.004483
0.003718
0.008267
0.00383
0.004083
0.008348
0.004749
0.004684
0.004377
0.00385
0.004952
0.004396
0.005896
0.004167
0.00399
0.003906
0.004817
0.003469
0.003958
0.004855
0.008102
0.004004
0.005083
0.004324
0.004963
0.003717
0.006093
0.004864
0.004653
0.007354
0.008223
0.004511
0.004937
0.004252
0.005522
0.004917
0.006683
0.004816
0.003976
0.04575
0.003206
0.002942
0.001709
0.003008
0.003779
0.00304
0.003026
0.003047
0.001885
0.002873
0.010448
0.003447
0.00412
0.001704
0.00439
0.002973
0.00429
0.002972
0.007103
0.003203
0.008194
0.002814
0.003746
0.003915
0.007498
0.003704
0.003114
0.003849
0.004247
0.003048
0.003658
0.003799
0.04874
0.002947
0.002939
0.002526
0.003278
0.003696
0.002585
0.002818
0.003044
0.001886
0.003037
0.004607
0.002109
0.010412
0.003329
0.008421
0.002807
0.003641
0.003688
0.007716
0.003388
0.004981
0.00282
0.008638
0.002776
0.004893
0.002007
0.009542
0.003511
0.004655
0.002075
0.008392
0.003613
0.053652
0.002969
0.003333
0.002451
0.003305
0.002178
0.002408
0.002748
0.003005
0.001975
0.00267
0.003363
0.003065
0.003533
0.003533
0.003898
0.002797
0.008139
0.002764
0.011526
0.003739
0.004003
0.003666
0.003931
0.00168
0.053878
0.001312
0.003853
0.006658
0.003786
0.008133
0.006976
0.010142
0.004084
0.003218
0.00426
0.00378
0.004164
0.004306
0.004299
0.003557
0.00349
0.004663
0.004166
0.001476
0.005083
0.004707
0.004661
0.004225
0.011279
0.044335
0.001775
0.001758
0.00263
0.002619
0.001679
0.001859
0.001702
0.001237
0.001462
0.001652
0.003736
0.002434
0.005517
0.002832
0.003597
0.003783
0.002423
0.001524
0.006918
0.004932
0.002581
0.003646
0.004331
0.001653
0.003322
0.001529
0.003637
0.001683
0.003667
0.001168
0.004073
0.002536
0.004392
0.00238
0.004722
0.004073
0.0081
0.003506
0.004236
0.00172
0.045843
0.001833
0.002291
0.004074
0.00115
0.001597
0.002026
0.002437
0.001013
0.00154
0.002676
0.002714
0.001664
0.002628
0.00178
0.003526
0.002418
0.004487
0.001729
0.005205
0.002006
0.004888
0.00177
0.0039
0.00123
0.035081
0.001651
0.007428
0.002801
0.005115
0.005687
0.002585
0.003901
0.004558
0.003688
0.003597
0.00483
0.002783
0.005389
0.003535
0.004317
0.004827
0.004265
0.002591
0.003419
0.003574
0.003658
0.003589
0.004957
0.030474
0.003244
0.002161
0.003239
0.001578
0.001794
0.001627
0.002242
0.002112
0.001283
0.003415
0.001886
0.003763
0.002278
0.008542
0.002559
0.002942
0.003418
0.002566
0.001653
0.00301
0.003316
0.005874
0.004862
0.004524
0.039222
0.001224
0.001076
0.004947
0.003496
0.003281
0.003865
0.002581
0.007589
0.006912
0.005989
0.003463
0.007248
0.002812
0.003203
0.003992
0.007404
0.003656
0.00366
0.003409
0.001838
0.003559
0.003313
0.003367
0.003017
0.003427
0.003837
0.003746
0.001626
0.032338
0.001917
0.002686
0.002556
0.001634
0.002815
0.00271
0.003585
0.002724
0.002913
0.002702
0.002783
0.002675
0.003495
0.003249
0.007679
0.007292
0.005162
0.006364
0.002802
0.003635
0.003854
0.002783
0.004053
0.002822
0.008692
0.003667
0.002483
0.031924
0.002145
0.002798
0.002755
0.00164
0.002736
0.002862
0.002687
0.001208
0.003151
0.003812
0.00273
0.001199
0.004828
0.003653
0.003569
0.002723
0.004188
0.00388
0.004129
0.00367
0.004047
0.002739
0.00302
0.002765
0.004243
0.002804
0.043528
0.001333
0.008927
0.004028
0.003144
0.00345
0.002346
0.005874
0.002388
0.005797
0.004002
0.004767
0.003211
0.004023
0.008238
0.00349
0.006454
0.008115
0.003549
0.005505
0.002502
0.005261
0.003898
0.004404
0.006113
0.002502
0.007524
0.002831
0.043806
0.003381
0.003105
0.002608
0.002987
0.002413
0.002318
0.003001
0.002013
0.003122
0.002985
0.006321
0.002247
0.002517
0.00731
0.002697
0.006473
0.004328
0.005109
0.005136
0.005759
0.002297
0.005974
0.005299
0.00235
0.007056
0.005315
0.003103
0.043072
0.003658
0.003311
0.002493
0.003415
0.003423
0.001822
0.001797
0.001462
0.001832
0.002896
0.006115
0.003655
0.002452
0.002216
0.007031
0.004142
0.002971
0.002984
0.007778
0.004086
0.005807
0.003848
0.00222
0.002178
0.004302
0.002053
0.002985
0.002073
0.040556
0.003861
0.001689
0.001943
0.003405
0.003588
0.001633
0.001504
0.001439
0.001626
0.002999
0.007127
0.003332
0.002845
0.001818
0.007619
0.004247
0.0024
0.002079
0.002977
0.001675
0.007931
0.001952
0.00489
0.007614
0.002944
0.003996
0.003171
0.001811
0.007652
0.004119
0.007563
0.001938
0.00752
0.001854
0.042306
0.001986
0.001999
0.003572
0.004257
0.002045
0.002102
0.001725
0.001622
0.004152
0.005505
0.003847
0.001862
0.009429
0.002255
0.003503
0.009463
0.004631
0.007493
0.004719
0.006997
0.001716
0.009295
0.002321
0.002075
0.005509
0.002051
0.00354
0.007344
0.001945
0.012357
0.004094
0.003588
0.004051
0.051134
0.001979
0.004108
0.001857
0.001539
0.005378
0.00218
0.001896
0.001696
0.001896
0.006632
0.004429
0.004278
0.00405
0.003998
0.006403
0.004528
0.006954
0.004382
0.008692
0.001788
0.045827
0.002804
0.001757
0.002914
0.004299
0.001897
0.001837
0.001699
0.001614
0.004322
0.008246
0.004264
0.006342
0.004344
0.0065
0.00405
0.006267
0.004864
0.001798
0.001875
0.003985
0.002948
0.038801
0.00316
0.003077
0.00162
0.003064
0.004197
0.001751
0.001651
0.004112
0.012109
0.009216
0.00303
0.001857
0.00169
0.001666
0.007176
0.004074
0.004633
0.003108
0.00652
0.004441
0.006589
0.004343
0.006712
0.004272
0.00735
0.004755
0.002031
0.001208
0.043883
0.003487
0.001534
0.001598
0.00464
0.004358
0.001561
0.002757
0.004188
0.007574
0.00172
0.007005
0.002735
0.001545
0.001496
0.006977
0.001787
0.001468
0.001497
0.005052
0.003617
0.004836
0.001648
0.003808
0.003065
0.003836
0.003476
0.00669
0.001499
0.00432
0.001515
0.006902
0.004169
0.006581
0.004772
0.042568
0.001427
0.007062
0.00854
0.005748
0.007204
0.001511
0.001391
0.001385
0.001344
0.005806
0.001344
0.00141
0.007203
0.008537
0.004152
0.005423
0.005805
0.003932
0.003915
0.008345
0.006422
0.007497
0.003943
0.004028
0.038716
0.001161
0.004966
0.007164
0.004205
0.002929
0.003886
0.004713
0.0053
0.005961
0.001241
0.002963
0.00374
0.004506
0.008631
0.006836
0.004826
0.005255
0.004206