
150
254
184
252
146
165
115
236
158
190
145
290
313
257
140
141
110
241
156
226
141
387
323
251
168
136
107
411
149
163
147
151
341
260
145
500
122
111
138
324
141
153
181
377
138
239
82
128
82
142
132
108
177
208
324
119
134
121
177
301
150
110
62
72
350
111
79
120
130
69
182
96
107
111
44
108
75
166
110
103
103
113
120
103
180
120
34
337
119
313
78
241
93
93
121
93
76
294
38
102
79
69
93
93
109
92
343
138
104
183
358
98
77
145
102
383
148
78
103
72
299
162
69
159
251
295
82
105
218
52
193
174
60
173
262
279
61
94
250
113
200
44
59
176
226
280
61
94
250
115
265
85
52
182
274
278
55
88
65
264
261
112
48
265
448
274
50
83
357
103
109
100
44
280
230
269
47
79
328
257
117
107
36
122
233
261
39
79
154
231
117
336
28
253
236
252
45
25
155
238
149
347
70
119
248
261
130
88
19
244
73
158
245
124
329
145
141
124
8
120