
0.016599
0.00734
0.015596
0.017111
0.011619
0.01107
0.011683
0.012095
0.011299
0.00786
0.00602
0.011083
0.006369
0.013147
0.005906
0.009718
0.005827
0.00573
0.006145
0.009066
0.005177
0.004612
0.005999
0.004195
0.005303
0.006294
0.005369
0.009612
0.003607
0.006048
0.004348
0.005027
0.006281
0.009839
0.006383
0.005429
0.005332
0.006341
0.00769
0.004862
0.007989
0.005874
0.003635
0.005473
0.005122
0.005194
0.005762
0.005651
0.005753
0.00581
0.005966
0.010105
0.004401
0.00637
0.005829
0.004915
0.007221
0.006161
0.005985
0.012697
0.005898
0.010075
0.004677
0.006058
0.01019
0.005233
0.00563
0.004469
0.005579
0.005656
0.011055
0.006049
0.01216
0.011951
0.006408
0.00598
0.011605
0.010709
0.004467
0.005215
0.004441
0.006461
0.004429
0.014719
0.010224
0.00686
0.012569
0.006063
0.011446
0.005373
0.013972
0.005389
0.005896
0.005546
0.01906
0.005908
0.005834
0.005768
0.005745
0.005803
0.006953
0.006729
0.005446
0.004791
0.020561
0.005452
0.00604
0.016744
0.010037
0.008292
0.005339
0.005411
0.005431
0.004064
0.013865
0.006477
0.012122
0.017285
0.006352
0.006723
0.006012
0.012733
0.004869
0.005567
0.005073
0.005356
0.005346
0.014781
0.005081
0.003909
0.005306
0.012386
0.013417
0.010738
0.005332
0.005506
0.003974
0.005408
0.011184
0.004636
0.013859
0.011945
0.005329
0.009798
0.004465
0.008123
0.011168
0.006078
0.005172
0.006091
0.005345
0.005187
0.009645
0.005787
0.004545
0.004744
0.013339
0.005985
0.014468
0.006335
0.004245
0.005709
0.006087
0.006108
0.005769
0.008048
0.004923
0.010576
0.005446
0.012116
0.00512
0.009128
0.011874
0.009044
0.015178
0.01303
0.01122
0.005429
0.008063
0.005775
0.010244
0.005924
0.00537
0.008528
0.009111
0.004994
0.005701
0.004863
0.005398
0.010147
0.004866
0.00389
0.004276
0.005151
0.004842
0.0052
0.008442
0.007293
0.004972
0.009731
0.00471
0.007961
0.005789
0.008438
0.004273
0.013412
0.006278
0.007775
0.006007
0.007809
0.005827
0.008868
0.003847
0.010851
0.005739
0.007929
0.010631
0.005219
0.012108
0.00484
0.004349
0.011532
0.005787
0.008241
0.004924
0.008215
0.008958
0.00471
0.005778
0.004893
0.005596
0.014974
0.005532
0.008632
0.009806
0.008862
0.005383
0.004566
0.004299
0.004432
0.006666
0.005179
0.003918
0.00938
0.004252
0.003733
0.005144
0.015922
0.005254
0.008752
0.007341
0.007261
0.006506
0.00362
0.010114
0.003872
0.004504
0.01007
0.003255
0.005144
0.00505
0.007099
0.00328
0.004164
0.007492
0.003611
0.009667
0.009474
0.009465
0.00635
0.004448
0.00341
0.00457
0.004366
0.009363
0.008475
0.006973
0.010319
0.0034
0.0124
0.007742
0.002829
0.003778
0.013916
0.010655
0.009735
0.005309
0.014719
0.011115
0.009315
0.012671
0.009902
0.011189
0.008764
0.014284
0.020543
0.008974
0.006438
0.002502
0.02271
0.006309
0.012811
0.011983
0.011942
0.013246
0.013987
0.014372
0.005394
0.005271
0.012984
0.008896
0.005171
0.01079
0.008517
0.011474
0.00492
0.011561
0.006735
0.005754
0.001956