
0.001129
0.001251
0.001131
0.001086
0.00106
0.00097
0.000877
0.000911
0.001025
0.000906
0.000941
0.001138
0.00088
0.001002
0.001076
0.000901
0.000873
0.000806
0.000836
0.001055
0.000839
0.000789
0.000917
0.000889
0.000836
0.000795
0.000839
0.000997
0.000877
0.001023
0.000931
0.000677
0.000906
0.000857
0.000853
0.001056
0.000834
0.000908
0.000978
0.000953
0.000929
0.001143
0.000852
0.000867
0.000967
0.000943
0.000886
0.001078
0.000954
0.000933
0.000917
0.000916
0.000966
0.00097
0.000952
0.000925
0.000931
0.001043
0.000934
0.001037
0.001017
0.001002
0.001048
0.001152
0.000972
0.001009
0.001126
0.001052
0.00092
0.001043
0.001097
0.001007
0.000963
0.001325
0.001094
0.001073
0.001265
0.001171
0.001026
0.001002
0.000998
0.001045
0.000991
0.001244
0.001013
0.000876
0.000991
0.000887
0.001975
0.000882
0.001092
0.001052
0.001021
0.000997
0.001097
0.000921
0.000994
0.000882
0.001138
0.000922
0.001082
0.000937
0.001019
0.000927
0.00093
0.000979
0.000873
0.000979
0.000986
0.000907
0.000869
0.00089
0.000931
0.00098
0.000961
0.000906
0.000978
0.001039
0.00094
0.000866
0.000926
0.000977
0.000935
0.000784
0.00093
0.000941
0.001021
0.001071
0.000897
0.000958
0.000754
0.001054
0.000942
0.000795
0.001131
0.000863
0.000956
0.000818
0.001219
0.000879
0.001235
0.000849
0.000928
0.000941
0.000964
0.000853
0.000906
0.000933
0.00097
0.000964
0.001089
0.001005
0.00115
0.000895
0.000963
0.000938
0.001092
0.000976
0.001042
0.00095
0.001037
0.000935
0.001003
0.000922
0.000905
0.000879
0.000968
0.000969
0.00102
0.00101
0.000998
0.000923
0.001027
0.000874
0.001061
0.001118
0.001033
0.001059
0.000885
0.000888
0.001031
0.00123
0.001007
0.000975
0.000938
0.000993
0.001013
0.000892
0.001
0.001094
0.000998
0.000953
0.001164
0.000922
0.000875
0.000994
0.001094
0.001042
0.000872
0.001001
0.000961
0.000951
0.001044
0.000877
0.001012
0.001021
0.000911
0.000817
0.000982
0.000923
0.001111
0.000926
0.000812
0.000933
0.001026
0.001128
0.000936
0.000964
0.00103
0.000987
0.000989
0.001045
0.001109
0.000866
0.000907
0.001001
0.000996
0.000912
0.000941
0.000862
0.001085
0.000987
0.000946
0.000771
0.000886
0.000901
0.001002
0.000959
0.001199
0.001109
0.001064
0.001229
0.00086
0.000949
0.000976
0.001096
0.000939
0.001334
0.001063
0.001041
0.000912
0.000914
0.001113
0.000896
0.00103
0.000903
0.000928
0.001096
0.000809
0.000926
0.001178
0.001144
0.000875
0.000874
0.00123
0.001049
0.001207
0.0012
0.001082
0.001023
0.000887
0.000946
0.000907
0.001118
0.001053
0.000801
0.001168
0.001285
0.000929
0.000942
0.001056
0.000879
0.001035
0.000896
0.001034
0.000945
0.000971
0.001178
0.001183
0.001026
0.000859
0.001108
0.001169
0.001073
0.000994
0.001142
0.000986
0.000903
0.000961
0.00107
0.001018
0.001051
0.000908
0.000967
0.000866
0.000992
0.001078
0.001099
0.001061
0.001221
0.000856
0.001105
0.001053
0.000919
0.000874
0.000976
0.000937
0.001554
0.001169
0.00083