
0.0282843
0.0888923
0.0834256
0.0726789
0.0733975
0.0632062
0.0962058
0.0858866
0.0886548
0.0653347
0.0342976
0.0538322
0.0437234
0.0640649
0.108039
0.100422
0.116052
0.100279
0.107471
0.0995471
0.106719
0.106719
0.114812
0.106277
0.113911
0.113911
0.121894
0.112708
0.121026
0.121026
0.129966
0.120152
0.128613
0.128613
0.137707
0.164066
0.120503
0.135998
0.0677742
0.156272
0.155337
0.155337
0.169709
0.167985
0.160469
0.177619
0.0486192
0.0467778
0.039831
0.0294491
0.0389321
0.0213665
0.0429888
0.042155
0.051213
0.051213
0.0157099
0.0145169
0.0191069
0.207774
0.212042
0.186932
0.0381792
0.0350505
0.0232069
0.0318973
0.0413248
0.00524645
0.00524645
0.00815401
0.0535723
0.012013
0.00848878
0.020287
0.00732052
0.0251863
0.0120329
0.00896002
0.00975516
0.00975516
0.0163736
0.00374576
0.00844545
0.0190275
0.00624147
0.012198
0.0402518
0.0147259
0.00963759
0.00480139
0.0420866
0.0126119
0.0533735
0.0100219
0.0053392
0.00681855
0.0217469
0.00680785
0.0103219
0.00993464
0.00898745
0.0133899
0.0103152
0.00242824
0.00972088
0.0425867
0.0244331
0.0142959
0.0192918
0.00718518
0.0144369
0.0144369
0.00925179
0.0531249
0.0219454
0.00441845
0.0147118
0.00646582
0.0129958
0.106457
0.0369909
0.011513
0.03174
0.0219396
0.0605763
0.0824853
0.060448
0.0423289
0.0351723
0.0608452
0.0405537
0.0332266
0.0332266
0.0933202
0.0676048
0.074932
0.0620956
0.0433665
0.030488
0.030488
0.0634873
0.195355
0.182306