
3e-06
3e-06
1e-06
1e-06
1e-06
1e-06
1e-06
1e-06
2e-06
1e-06
1e-06
1e-06
1e-06
0
1e-06
1e-06
2e-06
1e-06
1e-06
1e-06
1e-06
1e-06
1e-06
1e-06
1e-06
1e-06
1e-06
1e-06
1e-06
1e-06
1e-06
1e-06
4e-06
1e-06
1e-06
1e-06
1e-06
1e-06
0
1e-06
1e-06
1e-06
1e-06
1e-06
1e-06
1e-06
1e-06
1e-06
1e-06
1e-06
0
0
1e-06
1e-06
1e-06
1e-06
1e-06
1e-06
1e-06
2e-06
1e-06
1e-06
2e-06
1e-06
2e-06
1e-06
2e-06
1e-06
1e-06
2e-06
2e-06
1e-06
1e-06
1e-06
2e-06
0.05653
0.062505
0.021124
0.021111
0.020262
0.019918
0.020016
0.054175
0.02083
0.017961
0.018071
0.019027
0.021708
0.021179
2e-06
1e-06
2e-06
1e-06
1e-06
1e-06
2e-06
1e-06
1e-06
1e-06
2e-06
1e-06
2e-06
1e-06
1e-06
2e-06
0.015772
0.015722
0.01618
0.017585
0.016157
0.016979
0.016907
0.016764
0.016668
0.016022
0.019
0.019918
0.016686
0.019367
0.020493
0.02076
0.020342
0.027183
0.022604
0.02048
0.02024
0.0202
0.056989
0.020094
1e-06
1e-06
1e-06
2e-06
1e-06
2e-06
1e-06
2e-06
1e-06
1e-06
1e-06
1e-06
1e-06
1e-06
1e-06
1e-06
1e-06
1e-06
2e-06
0.018762
2e-06
2e-06
2e-06
1e-06
1e-06
1e-06
1e-06
1e-06
1e-06
1e-06
2e-06
2e-06
1e-06
2e-06
2e-06
1e-06
2e-06
1e-06
0.020127
0.020775
0.02019
0.062561
0.022484
0.024233
0.023538
0.023058
0.023141
0.022239
0.024137
0.022034
0.022612
0.021551
0.057712
0.01864
0.018468
0.018677
0.017775
0.015246
1e-06
1e-06
1e-06
1e-06
2e-06
1e-06
1e-06
2e-06
1e-06
1e-06
2e-06
1e-06
1e-06
2e-06
1e-06
1e-06
1e-06
2e-06
1e-06
1e-06
2e-06
1e-06
1e-06
1e-06
2e-06
1e-06
1e-06
1e-06
0.053849
1e-06
1e-06
1e-06
0.016615
1e-06
2e-06
1e-06
1e-06
1e-06
2e-06
1e-06
2e-06
1e-06
1e-06
2e-06
1e-06
1e-06
1e-06
1e-06
1e-06
1e-06
2e-06
0.051163
0.052642
0.013997
0.011868
0.011842
0.012145
0.014089
0.051215
0.014154
0.047994
0.054642
0.01241
0.012015
0.012596
0.012835
0.012289
0.012567
0.012377
0.012296
0.050455
0.011012
0.011467
0.048035
0.050677
0.012448
0.013766
0.050707
0.050719
0.047396
0.052026
0.049809
0.051947
0.012643
0.013218
0.012045
0.050278
0.050584
0.014189
0.050876
0.012798
0.01309
0.013778
0.052321
0.01504
0.054724
0.015531
0.017128
0.015233
0.015465
0.016262
0.05509
0.059972
0.021563
0.058683
0.062508
0.063609
0.023407
0.062761
0.059888
0.023638
0.058379
0.022494
0.061078
0.061125
0.021027
0.022929
0.022973
0.024788
0.025864
0.061745
0.022546
0.058109
0.014817
0.053291
0.014718
0.014955
0.015051
0.01737
0.017098
0.057029
0.020236
0.020381