
0.022375
0.010236
0.021124
0.022354
0.016317
0.01596
0.015029
0.015577
0.016119
0.010464
0.008522
0.014224
0.008211
0.016821
0.008444
0.012748
0.007397
0.007287
0.008706
0.012183
0.007276
0.00686
0.007604
0.006197
0.006974
0.008231
0.007218
0.012445
0.005731
0.008422
0.006449
0.006703
0.008726
0.012507
0.008256
0.007164
0.007643
0.008718
0.010486
0.007263
0.011828
0.007897
0.005822
0.007844
0.007333
0.006894
0.008512
0.007937
0.008039
0.008312
0.008583
0.013704
0.0064
0.007921
0.008318
0.00625
0.009817
0.008462
0.007778
0.016125
0.008465
0.01385
0.007395
0.009418
0.013508
0.008032
0.007826
0.006933
0.008234
0.008229
0.016201
0.008919
0.016366
0.016798
0.008916
0.069174
0.081852
0.042084
0.031077
0.030873
0.029091
0.032367
0.063221
0.049895
0.033564
0.028029
0.03626
0.03081
0.038405
0.007496
0.018817
0.008426
0.011827
0.007728
0.026765
0.01253
0.012628
0.008931
0.00955
0.011207
0.009944
0.009758
0.008285
0.006986
0.027716
0.02386
0.023971
0.039311
0.036463
0.027445
0.024867
0.024256
0.024989
0.022942
0.034631
0.028532
0.037794
0.040928
0.028532
0.029969
0.029709
0.038093
0.034675
0.03077
0.028074
0.02741
0.031008
0.080704
0.030179
0.008449
0.011905
0.02546
0.021
0.017514
0.011865
0.010996
0.008661
0.01186
0.022105
0.009331
0.017805
0.017272
0.007953
0.014912
0.00632
0.011024
0.01977
0.008767
0.028008
0.008697
0.007811
0.007738
0.015731
0.008337
0.006911
0.007102
0.018592
0.008728
0.018745
0.009051
0.006495
0.012479
0.01222
0.013261
0.013029
0.014554
0.010583
0.035029
0.032271
0.036933
0.070427
0.035211
0.040118
0.036369
0.05288
0.049325
0.041955
0.035598
0.038359
0.034917
0.044953
0.069651
0.02923
0.034848
0.036023
0.025589
0.026602
0.007636
0.008058
0.018628
0.007487
0.008611
0.009465
0.007969
0.00951
0.008144
0.012025
0.015199
0.00993
0.015154
0.007283
0.010622
0.008849
0.014271
0.009395
0.023406
0.012899
0.015051
0.012041
0.019246
0.00837
0.012728
0.007331
0.01461
0.007899
0.064895
0.014035
0.010457
0.017231
0.023699
0.006678
0.016121
0.008233
0.011694
0.007431
0.012746
0.011997
0.006923
0.008157
0.007125
0.007783
0.020907
0.007585
0.010889
0.016465
0.015418
0.010484
0.009809
0.057745
0.061868
0.027214
0.02272
0.02007
0.02955
0.022771
0.060036
0.024791
0.07777
0.066043
0.031527
0.024908
0.024821
0.023915
0.020343
0.030588
0.019638
0.0215
0.067491
0.018981
0.021153
0.059156
0.063365
0.020152
0.022172
0.061081
0.058686
0.060111
0.068759
0.065746
0.064835
0.021466
0.020283
0.023049
0.057968
0.067081
0.030493
0.06651
0.030904
0.019935
0.035671
0.064501
0.021132
0.061766
0.039594
0.03686
0.031556
0.025265
0.041318
0.073056
0.077937
0.043009
0.076499
0.084294
0.080028
0.047507
0.099968
0.07685
0.038259
0.064896
0.063481
0.075419
0.08116
0.041634
0.041085
0.040311
0.044663
0.046615
0.069623
0.030237
0.075904
0.029011
0.065195
0.038528
0.027331
0.030505
0.02473
0.032524
0.065957
0.032773
0.024765