
1.51128e+09
0.024072
0.011882
0.022814
0.024057
0.017827
0.017156
0.016499
0.017041
0.01752
0.01193
0.009998
0.015665
0.00966
0.018535
0.010187
0.014564
0.009265
0.009105
0.01053
0.014048
0.009045
0.008463
0.009233
0.007806
0.008581
0.009848
0.008808
0.014155
0.007632
0.010055
0.00792
0.008458
0.010301
0.014086
0.009835
0.008741
0.009142
0.010188
0.012018
0.008815
0.013819
0.009872
0.007794
0.009293
0.008756
0.00833
0.009953
0.00927
0.009371
0.009468
0.010895
0.052152
0.04886
0.053281
0.046755
0.053432
0.046565
0.053498
0.046496
0.056097
0.043928
0.05801
0.042591
0.057098
0.042424
0.056433
0.043577
0.055935
0.044016
0.056192
0.043769
0.055781
0.044806
0.057599
0.214086
0.138115
0.107378
0.067122
0.037712
0.055757
0.035675
0.051518
0.078624
0.177513
0.054832
0.034119
0.0677
0.036495
0.063781
0.032082
0.067732
0.032304
0.067722
0.032281
0.068227
0.031755
0.068646
0.032062
0.061203
0.038043
0.059173
0.040815
0.052607
0.151309
0.039313
0.042399
0.057842
0.04303
0.057084
0.04248
0.058289
0.041643
0.058318
0.041763
0.059045
0.040739
0.058683
0.045389
0.055458
0.040454
0.059858
0.04447
0.055476
0.039723
0.05268
0.193769
0.044015
0.095531
0.034565
0.022866
0.038766
0.04994
0.060652
0.039508
0.100388
0.063885
0.013609
0.018969
0.056264
0.127114
0.030805
0.040801
0.058207
0.04176
0.058237
0.041787
0.059345
0.04071
0.059724
0.040458
0.058898
0.040949
0.059364
0.040582
0.059215
0.040754
0.0971
0.012158
0.051409
0.039319
0.05321
0.04661
0.190934
0.019494
0.068259
0.031923
0.108247
0.059811
0.038655
0.069409
0.09513
0.041862
0.058851
0.196501
0.077881
0.073558
0.067163
0.041846
0.069368
0.09805
0.068483
0.08475
0.036356
0.155087
0.057609
0.033697
0.103051
0.064148
0.01284
0.023329
0.062435
0.034142
0.103051
0.027275
0.019597
0.050055
0.103098
0.071994
0.014031
0.073921
0.011254
0.025341
0.056901
0.152384
0.060898
0.02679
0.037002
0.04033
0.052509
0.107269
0.017692
0.02133
0.056919
0.043198
0.0576
0.067684
0.033267
0.041611
0.058444
0.041443
0.058632
0.041422
0.096924
0.014574
0.046764
0.041716
0.058299
0.041729
0.058003
0.042
0.058143
0.041782
0.052412
0.16476
0.029191
0.041903
0.052864
0.047174
0.19442
0.110178
0.030629
0.028485
0.161159
0.040768
0.042278
0.067044
0.183781
0.12565
0.075797
0.043204
0.057825
0.042176
0.057105
0.042926
0.052603
0.047361
0.228883
0.076813
0.050611
0.042993
0.10528
0.068333
0.161319
0.070417
0.107958
0.06336
0.215636
0.074165
0.221585
0.074103
0.043632
0.056701
0.043302
0.10358
0.077072
0.043041
0.076008
0.033724
0.042222
0.211048
0.113387
0.023907
0.112057
0.050856
0.041812
0.058638
0.041484
0.059194
0.079226
0.242465
0.095106
0.128393
0.09896
0.09404
0.098804
0.318507
0.090949
0.090662
0.071019
0.278094
0.296152
0.255563
0.276209
0.054801
0.043633
0.059339
0.049701
0.082522
0.03325
0.191846
0.040367
0.067547
0.086848
0.037886
0.033108
0.02732
0.047784
0.172649
0.044956