
0.000882
0.000949
0.003073
0.003262
0.003215
0.005841
0.006888
0.006764
0.00616
0.005808
0.005899
0.005601
0.007125
0.059959
0.018352
0.017796
0.017683
0.011912
0.008139
0.015705
0.017274
0.016931
0.017312
0.017158
0.017795
0.018156
0.010619
0.008283
0.002291
0.007598
0.007667
0.007969
0.008121
0.008054
0.008854
0.008261
0.009112
0.009315
0.010071
0.00227
0.008548
0.009915
0.009448
0.010093
0.049648
0.047265
0.002771
0.008957
0.007854
0.007814
0.008921
0.009305
0.00868
0.008756
0.008824
0.04668
0.010158
0.002506
0.017035
0.01756
0.0576
0.017992
0.01876
0.01836
0.008238
0.018326
0.017631
0.017738
0.018617
0.056113
0.017035
0.007999
0.015984
0.052792
0.051241
0.01553
0.052725
0.014601
0.052787
0.052192
0.054343
0.006574
0.046219
0.009964
0.002144
0.006502
0.006604
0.007257
0.008201
0.008193
0.008179
0.046577
0.007924
0.007797
0.007652
0.007833
0.002025
0.007781
0.00239
0.008002
0.044345
0.002068
0.007514
0.002208
0.044656
0.0066
0.006971
0.00676
0.002164
0.045232
0.006193
0.006593
0.043097
0.001865
0.045287
0.043178
0.001714
0.001944
0.006244
0.006393
0.042603
0.006782
0.00639
0.001774
0.045678
0.0471
0.007838
0.007994
0.008786
0.00222
0.009483
0.04826
0.047704
0.010492
0.010012
0.047304
0.00225
0.010149
0.048459
0.002266
0.002373
0.002413
0.002487
0.010097
0.009968
0.010807
0.009411
0.009012
0.008493
0.045727
0.007758
0.008818
0.008901