
34
34
119
34
24
146
34
38
38
34
36
43
27
37
41
23
41
38
41
43
38
24
30
24
23
79
30
24
79
15
26
153
79
181
414
168
153
127
127
484
127
56
127
473
127
56
56
153
127
56
188
185
127
79
33
33
33
33
78
474
124
80
124
32
500
169
129
169
395
112
122
129
239
124
129
129
70
480
164
164
168
46
500
164
197
157
404
109
147
122
129
37
78
125
77
78
77
45
32
27
125
32
22
31
23
78
23
93
23
23
82
27
20
75
31
82
19
480
91
223
123
91
132
91
226
110
132
19
139
122
100
121
22
143
95
95
262
121
120
485
130
80
94
88
87
72
74
87
65
113
54
102
38
66
73
72
72
59
330
77
401
122
278
372
265
84
71
71
84
55
109
71
98
84
98
100
111
85
52
64
72
83
63
72
64
72
73
91
54
116
113
61
110
235
61
119
53
407
114
54
99
62
99
119
62
119
99
31
31
124
28
118
219
31
31
28
124
114
96
116
129
32
49
49
18
14
43
57
46
57
14
55
27
18
55
43
74
55
101
27
129
141
89
89
344
141
175
324
103
102
237
70
89
89
237
137
193
97
112
75
259
102
141
97
103
89
387
103
259
86
34
58
47
39
48
33
37
35
47
33
35
22
47
63
81
29
64
24
26
50
32
38
64
44
30
61
38
30
79
31
65
22
24
49
30
36
63
30
53
30
78
36
50
24
47
15
41
61
39
50
60
72
43
55
50
50
13
27
20
28
20
72
15
23
17
18
23
57
126
67
40
25
15
23
41
66
20
54
43
66
30
13
41
208
65
60
42
18
62
40
22
180
21
231
22
59
39
41
41
63
18
44
59
108
42
22
31
52
32
44
31
61
10
63
52
54
47
20
15
54
9
44
84
26
18
63
15
84
9
43
9
9
64
90
11
67
49
90
11
44
10
90
49
66
33
21
9
33
34
94
14
36
105
264
46
46
96
46
17
100
49
48
133
71
96
45
102
118
30
83
46
55
28
106
113
34
112
37
103
31
107
29
51
28
111
50
59
30
111
119
115
108
103
105
27
114
53
63
31
114
122
42
111
25
106
27
23
53
63
31
114
123
42
111
60
103
16
32
51
61
51
112
121
43
61
16
436
402
15
164
281
127
118
237
70
173
4
138
80
114
195
195
80
135
269
6
62
65
61
195
386
97
380
114
119
6
437
96
112
367
383
77
4
266
73
11