
138
119
402
138
122
146
138
57
164
138
128
258
128
130
79
342
128
79
76
154
129
129
129
129
78
474
124
80
124
155
139
200
125
500
104
500
227
127
104
125
165
464
121
88
96
91
241
124
114
346
218
127
112
254
126
113
92
369
124
124
210
126
105
326
101
109
126
367
275
397
101
116
113
116
110
235
116
119
114
407
96
92
241
106
119
133
115
133
105
116
102
88
237
88
148
141
120
141
115
89
86
86
202
85
100
125
105
86
379
94
81
81
267
65
111
128
107
88
401
89
79
79
268
64
111
127
106
87
195
46
110
72
73
57
122
134
113
94
196
72
64
66
43
57
126
167
186
80
41
99
69
62
154
208
156
102
269
83
62
105
98
59
152
253
202
105
64
287
59
108
43
52
145
265
43
109
55
300
52
134
26
43
33
33
147
252
194
305
49
426
97
36
105
264
368
295
497
333
136
278
118
30
250
60
422
422
500
226
147
287
120
28
500
65
423
205
500
231
115
175
160
27
500
65
427
206
500
232
116
176
162
27
392
67
426
206
500
234
117
177
164
16
396
70
432
221
500
237
121
402
173
4
138
80
114
195
195
80
135
269
119
6
437
96
112
367
383
77
271
266