
0.051573
0.01022
0.003339
0.005379
0.003366
0.009517
0.003878
0.010477
0.00436
0.005009
0.00423
0.004576
0.009649
0.009984
0.003071
0.00607
0.006259
0.004509
0.008904
0.004832
0.010806
0.004246
0.007915
0.004395
0.004365
0.004729
0.007042
0.003868
0.003397
0.004524
0.002946
0.004
0.004847
0.004015
0.007707
0.002454
0.004435
0.003043
0.003874
0.004737
0.008068
0.004882
0.003905
0.003956
0.004799
0.006043
0.003454
0.003848
0.002373
0.004017
0.00247
0.00393
0.00376
0.003781
0.004249
0.004048
0.004242
0.004342
0.004465
0.004012
0.004048
0.003094
0.004778
0.004334
0.003597
0.005704
0.004534
0.004485
0.01041
0.004336
0.008021
0.003188
0.004214
0.008247
0.003708
0.004024
0.003057
0.004107
0.004076
0.004479
0.004275
0.004458
0.010019
0.004521
0.004434
0.004578
0.0413
0.002113
0.001897
0.003358
0.001947
0.001829
0.003668
0.001886
0.001987
0.002336
0.001942
0.004345
0.002033
0.009249
0.002266
0.004074
0.004303
0.001926
0.002058
0.003103
0.002183
0.00374
0.001931
0.00309
0.002076
0.00481
0.002066
0.003087
0.002234
0.007543
0.004347
0.002191
0.002306
0.038759
0.001667
0.001475
0.001469
0.001336
0.001502
0.001442
0.00118
0.001441
0.004432
0.003554
0.005338
0.010035
0.004589
0.004282
0.003987
0.003989
0.011419
0.003822
0.004295
0.002093
0.004043
0.011322
0.004343
0.004408
0.002021
0.004255
0.002048
0.00431
0.00394
0.004289
0.002073
0.005177
0.00509
0.003916
0.00349
0.039571
0.002053
0.00149
0.001562
0.001581
0.001651
0.012273
0.004897
0.003959
0.004567
0.009686
0.004096
0.003809
0.004129
0.006654
0.003959
0.004
0.003992
0.002755
0.011507
0.004889
0.004887
0.00485
0.002567
0.011892
0.00475
0.005165
0.004477
0.01022
0.00348
0.004227
0.003658
0.003908
0.052028
0.001943
0.003603
0.003393
0.00286
0.003595
0.001846
0.003034
0.001631
0.003836
0.001932
0.012256
0.002129
0.003702
0.002081
0.002646
0.001863
0.004029
0.002981
0.002592
0.007521
0.001839
0.003906
0.011136
0.001935
0.008926
0.001962
0.003656
0.003069
0.004128
0.002039
0.002698
0.001864
0.004046
0.002771
0.005348
0.003552
0.001967
0.002897
0.003358
0.00171
0.046035
0.011222
0.003376
0.006341
0.003895
0.003188
0.004515
0.003104
0.006544
0.009146
0.003263
0.004495
0.003775
0.001472
0.004524
0.003792
0.003723
0.003676
0.003785
0.00146
0.004334
0.003186
0.003397
0.00736
0.003473
0.004459
0.012019
0.004867
0.002848
0.004223
0.002956
0.004504
0.00266
0.041506
0.003004
0.002684
0.002446
0.002574
0.002144
0.003086
0.001986
0.00364
0.001821
0.002493
0.00458
0.003423
0.004314
0.003093
0.006601
0.002953
0.003516
0.002302
0.008566
0.00394
0.002684
0.009789
0.003695
0.007363
0.009749
0.007364
0.051998
0.002927
0.002723
0.002391
0.002604
0.002074
0.003071
0.002808
0.00297
0.002774
0.002809
0.009148
0.003225
0.003662
0.003088
0.006626
0.003772
0.002596
0.002063
0.009152
0.003393
0.003881
0.002309
0.006457
0.003502
0.004303
0.002594
0.004188
0.003807
0.002714
0.002541
0.004128
0.002794
0.003873
0.002353
0.006825
0.003278
0.039743
0.002164
0.002099
0.002121
0.001923
0.00324
0.003952
0.002034
0.003572
0.004154
0.002161
0.003533
0.003879
0.004021
0.003847
0.00215
0.003434
0.002605
0.001598
0.002779
0.001567
0.003726
0.003532
0.001549
0.003715
0.006458
0.002794
0.002714
0.001589
0.001636
0.003621
0.001817
0.004116
0.003497
0.003341
0.006539
0.004193
0.006775
0.001598
0.030944
0.002501
0.002289
0.001158
0.001295
0.00278
0.00219
0.002154
0.001996
0.001181
0.002378
0.002914
0.001832
0.006706
0.004234
0.001261
0.002374
0.004775
0.002791
0.006273
0.003492
0.004468
0.002639
0.003063
0.003029
0.003352
0.001941
0.033463
0.004178
0.004136
0.002831
0.002724
0.008874
0.004153
0.005947
0.008458
0.003714
0.003346
0.006479
0.003501
0.003022
0.002734
0.006582
0.00414
0.006293
0.003551
0.003537
0.002782
0.007163
0.003371
0.004262
0.003581
0.003841
0.002801
0.009665
0.004026
0.007056
0.035525
0.00291
0.002028
0.003243
0.002902
0.001743
0.002325
0.00192
0.002079
0.001945
0.001986
0.008025
0.002227
0.007173
0.002086
0.003896
0.00194
0.00324
0.002869
0.002762
0.036332
0.002758
0.001554
0.003199
0.001418
0.002001
0.002294
0.002038
0.00202
0.003282
0.00218
0.00302
0.001976
0.005078
0.003212
0.003494
0.002417
0.002739
0.001993
0.031821
0.002646
0.001641
0.003351
0.001563
0.001803
0.002982
0.001949
0.002043
0.003473
0.001885
0.007572
0.002691
0.002977
0.001846
0.002387
0.002548
0.003725
0.002166
0.029292
0.003325
0.001488
0.002972
0.001267
0.002913
0.003232
0.002841
0.003061
0.003164
0.002339
0.0047
0.008209
0.003088
0.002415
0.003708
0.003019
0.0038
0.003002
0.003117
0.001381
0.005803
0.001996
0.005721
0.001476
0.005097
0.001882
0.002448
0.001849
0.00813
0.003538
0.002674
0.001398
0.003185
0.001882
0.030795
0.001891
0.001209
0.001732
0.00339
0.002176
0.001783
0.001536
0.001659
0.007896
0.002439
0.002232
0.002282
0.003776
0.001676
0.00346
0.00322
0.00539
0.002228
0.002192
0.002261
0.035166
0.002873
0.001083
0.002037
0.003271
0.003179
0.00214
0.001726
0.002034
0.002893
0.002953
0.001589
0.005674
0.002316
0.001799
0.007732
0.037593
0.002078
0.002075
0.002107
0.002831
0.002846
0.003232
0.00139
0.00233
0.002608
0.007448
0.003109
0.007441
0.001889
0.032405
0.002828
0.001957
0.001876
0.003005
0.002984
0.003231
0.001183
0.003284
0.001978
0.003472
0.004798
0.003272
0.003192
0.0017
0.002192
0.001407
0.003263
0.003228
0.002937
0.001097
0.007486
0.003039
0.006928
0.003825
0.003092
0.002032
0.00196
0.001548
0.008105
0.003613
0.002217
0.001197
0.01024
0.003944
0.043428
0.001677
0.001835
0.001442
0.001485
0.003254
0.003968
0.00118
0.003267
0.004454
0.006043
0.001352
0.001784
0.001808
0.002508
0.001578
0.011599
0.004057
0.003176
0.005458
0.003347
0.007891
0.002187
0.003981
0.001673
0.002739
0.009402
0.001662
0.001895
0.008919
0.002166
0.007446
0.004271
0.059814
0.001906
0.001616
0.002924
0.002934
0.004031
0.003003
0.001671
0.004139
0.010588
0.003376
0.007908
0.003262
0.008969
0.004851
0.006929
0.003567
0.011867
0.004211
0.010692
0.006477
0.003308
0.004049
0.059438
0.001683
0.003737
0.002886
0.003001
0.001887
0.004056
0.004348
0.002657
0.005553
0.007196
0.003863
0.004881
0.004488
0.00141
0.002497
0.01192
0.007233
0.004273
0.0037
0.057993
0.003196
0.001536
0.004126
0.003105
0.003921
0.001902
0.004182
0.004348
0.00416
0.004669
0.004255
0.056739
0.004382
0.00143
0.004248
0.002961
0.003382
0.002052
0.004145
0.004584
0.002868
0.004106
0.010613
0.001952
0.054089
0.004249
0.001497
0.001656
0.003075
0.003226
0.001976
0.004897
0.004381
0.00287
0.004191
0.009922
0.003389
0.063355
0.004329
0.001224
0.003159
0.003021
0.003164
0.002931
0.004688
0.004494
0.002853
0.00319
0.00976
0.001892
0.011113
0.009992
0.001423
0.001204
0.004838
0.006817
0.003784
0.003734
0.0072
0.00327
0.037372
0.001136
0.007219
0.001288
0.003636
0.003613
0.004334
0.004251
0.003765
0.003053
0.006552
0.009473
0.003513
0.009497
0.004567
0.051749
0.00118
0.000972
0.004051
0.003447
0.001048
0.001297