
0.101045
0.06743
0.086274
0.109498
0.028717
0.054117
0.026433
0.050691
0.117715
0.036188
0.037623
0.042014
0.111816
0.001942
0.002818
0.053405
0.146023
0.097503
0.155038
0.125002
0.124605
0.133483
0.016417
0.071467
0.084005
0.05017
0.041922
0.035664
0.101994
0.121585
0.081342
0.132872
0.086228
0.029835
0.116523
0.116384
0.122176
0.097174
0.093673
0.060464
0.037704
0.012255
0.030413
0.092581
0.115975
0.104622
0.149652
0.046499
0.167744
0.00168
0.002495
0.00212
0.001794
0.001923
0.005603
0.001933
0.031922
0.025081
0.022723
0.024849
0.037281
0.021077
0.021201
0.018153
0.018605
0.018626
0.02227
0.028599
0.020028
0.025878
0.024757
0.020694
0.023742
0.068364
0.041264
0.157247
0.054175
0.049697
0.081945
0.048045
0.126394
0.1503
0.128919
0.148012
0.066656
0.044253
0.052867
0.048445
0.074695
0.091362
0.039248
0.126436
0.116041
0.045599
0.037046
0.032378
0.097065
0.036602
0.110383
0.053548
0.089096
0.04158
0.146324
0.034259
0.129023
0.001798
0.041472
0.001986
0.002085
0.004335