
1.54151e+09
0.660947
0.444136
0.304987
1.04634
0.946554
0.082983
0.966097
0.049608
0.996275
0.757886
0.254725
0.355947
0.697362
0.367952
1.01749
0.962925
0.052029
0.948025
0.800533
1.06193
0.950267
0.04888
0.952349
0.047197
0.370197
1.02553
0.179269
0.415856
0.96274
0.638457
4.19848
0.79471
0.758683
0.520717
0.514729
0.424598
0.54152
0.507363
0.583972
0.421345
0.616965
0.389596
0.658951
0.173788
0.170698
0.845282
0.184283
0.847823
0.20376
0.839315
0.199819
0.833124
0.209307
0.838574
0.720192
0.982669
1.03266
0.956889
0.072205
0.579683
0.791268
0.969235
0.609614
3.86527
1.01858
0.516015
0.56949
1.05307
0.576875
0.966981
0.806601
0.81301
0.999765
1.00048
0.732817
0.575216
0.800386
1.00017
0.985764
0.793535
0.829163
0.976264
1.01055
0.993542
1.00603
1.00024
3.62805
0.575843
1.01128
1.01379
0.954935
0.867625
0.95447
0.096864
0.538121
0.519189
0.957927
0.708146
0.785986
0.405822
1.00384
0.818549
0.820627
0.770921
0.634414
0.954461
0.847249
1.00043
0.799366
0.600928
0.599349