
0.12785
0.117036
0.145233
0.125302
0.11016
0.11928
0.13033
0.161177
0.13671
0.123096
0.112274
0.139172
0.178475
0.143815
0.104714
0.1241
0.0924997
0.176197
0.112553
0.154595
0.140993
0.118852
0.141093
0.124818
0.162894
0.117668
0.108427
0.126019
0.160691
0.146826
0.0872381
0.100617
0.125419
0.120602
0.127366
0.118067
0.127922
0.151203
0.159164
0.112393
0.225116
0.15971
0.110253
0.135954
0.134005
0.116719
0.126048
0.124219
0.109751
0.0928971
0.1107
0.101903
0.0967227
0.12889
0.0994642
0.10702
0.101574
0.102962
0.13176
0.103458
0.103545
0.101064
0.138011
0.188161
0.111478
0.176655
0.102443
0.141889
0.117516
0.0985422
0.149635
0.106659
0.1033
0.098476
0.0960733
0.109894
0.11404
0.101555
0.0947312
0.101893
0.102028
0.114589
0.100285
0.109143
0.0960453
0.10243
0.0986974
0.167132
0.101144
0.0977404
0.0996292
0.0998126
0.104068
0.102858
0.104808
0.106427
0.0972168
0.0971244
0.0950367
0.108868
0.102374
0.109285
0.0873282
0.0986248
0.114168
0.0984191
0.0910406
0.133335
0.100086
0.106247
0.0969093
0.107862
0.110518
0.0975169
0.117414
0.105367
0.160924
0.0948603
0.105597
0.0966325
0.0959271
0.138289
0.0994521
0.0931219
0.0981552
0.161634
0.0942511
0.0969483
0.0952597
0.0950622
0.101658
0.0989469
0.0936051
0.0971725
0.100144
0.093504
0.113725
0.102329
0.0898964
0.101893
0.104067
0.100344
0.101866
0.152379
0.102033
0.102938
0.103498
0.102644
0.0908436
0.103368
0.118727
0.0930695
0.0985155
0.0949673
0.113574
0.102829
0.118198
0.106964
0.0993453
0.148982
0.109088
0.131924
0.0959446
0.117736
0.132335
0.112833
0.104319
0.122511
0.189123
0.158623
0.147279
0.128839
0.130587
0.099482
0.144473
0.100082
0.0907173
0.102945
0.098531
0.104223
0.129945
0.0978049
0.101594
0.142339
0.110954
0.0951795
0.0960949
0.094732
0.0919736
0.110239
0.0999636
0.0942937
0.114419
0.0958759
0.101058
0.108421
0.111175
0.104121
0.103153
0.0958212
0.114726
0.108589
0.095754
0.0936389
0.116782
0.147621
0.09854
0.0942608
0.105374
0.108564
0.106619
0.111069
0.101702
0.100457
0.172902
0.102743
0.100443
0.0953058
0.111216
0.119016
0.114467
0.0956941
0.104394
0.117656
0.100655
0.102807
0.0970558
0.0996871
0.100116
0.116158
0.103327
0.0965383
0.0991584
0.0934974
0.0986445
0.0977341
0.107686
0.103788
0.0973999
0.108363
0.0987107
0.103846
0.0978626
0.0926466
0.0988373
0.100835
0.112005
0.100274
0.0964221
0.109946
0.125863
0.101181
0.105298
0.0929936
0.106324
0.103614
0.10427
0.103887
0.0998786
0.100892
0.100023
0.104584
0.104842
0.0986771
0.124856
0.13481
0.143709
0.169212
0.13233
0.105668
0.0982035
0.11799
0.0991425
0.100986
0.0997144
0.101155
0.104727
0.100345
0.129308
0.092196
0.106054
0.102091
0.106416
0.103143
0.119651
0.0966595
0.139303
0.111461
0.0967456
0.126915
0.133385
0.164974
0.0993499
0.148297
0.176447
0.0987707
0.107969
0.0961033
0.109774
0.0959635
0.114712
0.0986281
0.0928284
0.10186
0.119934
0.104744
0.106232
0.101246
0.108559
0.114902
0.134842
0.114883
0.117473
0.108486
0.123382