
3.5
3.5
3.5
3.5
3.5
3.5
3.5
3.5
3.5
3.5
3.5
3.5
3.5
3.5
3.5
3.5
3.50001
3.50001
3.50001
3.50003
3.50005
3.50008
3.50014
3.5001
3.50009
3.50007
3.49491
3.46253
3.45102
3.40361
3.39145
3.34178
3.32916
3.27828
3.21424
3.18877
3.17609
3.12579
3.10085
3.0452
2.99621
2.95975
2.91147
2.89946
2.8457
2.83382
2.78651
2.77179
2.73077
2.70743
2.67259
2.5578
2.53509
2.50119
2.4787
2.44513
2.40074
2.3786
2.3786
2.27685
2.26537
2.21966
2.17459
2.16345
2.11934
2.09755
2.08672
2.06518
2.0438
1.97803
1.94703
1.89623
1.8862
1.8379
1.79874
1.78835
1.74346
1.68079
1.66775
1.615
1.54881
1.50906
1.48256
1.41632
1.40308
1.36002
1.33351
1.29376
1.26726
1.22531
1.22372
1.22231
1.22023
1.21878
1.21837
1.21805
1.21805
1.21803
1.19922
1.19922
1.15591
1.10629
1.09399
1.05763
1.00009
1.00009
0.970002
0.919374
0.888574
0.879673
0.870994
0.858839
0.852726
0.843885
0.83287
0.83287
0.827459
0.819265
0.813737
0.798369
0.798369
0.790619
0.743706
0.69351
0.69351
0.667788
0.602956
0.602956
0.511463
0.511463
0.491611
0.463568
0.437933
0.422334
0.408277
0.388605
0.376614
0.360481
0.348812
0.34164
0.328591
0.32242
0.320361
0.320004
0.325743
0.331703
0.335479
0.397873
0.41612
0.42587
0.446612
0.492545
0.530191
0.542964
0.594733
0.659982
0.830056
0.86935
0.921764
0.961092
1.01683
1.18091
1.22031
1.24988
1.27616
1.36817
1.42735
1.5589
1.58109
1.56434
1.55798
1.5129
1.48585
1.47355
1.47355
1.38039
1.31503
1.29766
1.2806
1.2334
1.22745
1.19663
1.12037
1.12037
1.06865
1.06865
1.03303
1.02623
0.994759
0.992847
0.991506
0.991487
0.994674
0.994674
0.998076
1.02632
1.04292
1.04292
1.05711
1.07822
1.11374
1.14339
1.16162
1.17431
1.20127
1.23787
1.2612
1.31052
1.34516
1.39942
1.4977
1.56057
1.64374
1.68096
1.71323
1.74582
1.75675
1.82299
1.8565
1.86773
1.93281
1.93281
1.96318
1.97284
1.99142
2.01721
2.03313
2.06189
2.08086
2.09227
2.09758
2.11378
2.14897
2.15799
2.16172
2.1748
2.17972
2.18426
2.18615
2.18728
2.18591
2.18461
2.18095
2.18003
2.17909
2.17615
2.17267
2.16485
2.16141
2.16088
2.16
2.15904
2.15905
2.15905
2.1613
2.1642
2.16712
5.19082
5.20455
5.2142
5.22724
5.23164
5.25852
5.25852
5.29096
5.30517
5.30517
5.32441
5.34896
5.3959
5.4063
5.4063
5.44878
5.46918
5.49549
5.52947
5.54677
5.55841
5.576
5.58783
5.58783
5.60573
5.659
5.68233
5.68233
5.69487
5.72016
5.74572