
0.008947
0.005569
0.004526
0.006938
0.002891
0.003478
0.006174
0.00247
0.003408
0.005774
0.005066
0.002693
0.002465
0.002453
0.002926
0.00293
0.002996
0.002613
0.002809
0.002729
0.003838
0.002571
0.003264
0.003665
0.00273
0.003149
0.008118
0.002938
0.00301
0.004574
0.003456
0.002787
0.005047
0.002942
0.002885
0.002539
0.00516
0.007186
0.003118
0.002638
0.003239
0.002498
0.002412
0.003165
0.002848
0.003006
0.005256
0.002352
0.002901
0.004225
0.003222
0.00501
0.002787
0.003481
0.003862
0.003855
0.002958
0.002548
0.005165
0.002874
0.002847
0.002414
0.002708
0.002434
0.002969
0.002982
0.002618
0.00292
0.004963
0.003269
0.003162
0.002659
0.00537
0.005677
0.002459
0.006748
0.002722
0.005158
0.005108
0.003288
0.002613
0.003319
0.002692
0.00283
0.005113
0.002765
0.002763
0.002425
0.004902
0.002848
0.003396
0.003031
0.0025
0.004499
0.002993
0.002446
0.002372
0.002895
0.002473
0.002982
0.004422
0.00558
0.00262
0.002314
0.003643
0.002527
0.003291
0.002974
0.002421
0.005062
0.003014
0.002471
0.003079
0.003242
0.002878
0.002883
0.004503
0.002472
0.003122
0.002698
0.003951
0.005427
0.002912
0.002396
0.005096
0.006259
0.00352
0.005315
0.004369
0.003941
0.004029
0.002547
0.003487
0.002325
0.004425
0.004209
0.002506
0.003849
0.004165
0.004793
0.003131
0.004722
0.003042
0.002989
0.002844
0.002965
0.003518
0.003702
0.00514
0.002712
0.004785
0.003786
0.006414
0.004936
0.002549
0.002839
0.003599
0.003642
0.003958
0.004283
0.003561
0.003913
0.003653
0.00348
0.003363
0.003551
0.0043
0.002712
0.002884
0.003037
0.003713
0.006806
0.0025
0.003393
0.00325
0.005166
0.003236
0.002888
0.002513
0.007396
0.004897
0.003766
0.006516
0.004242
0.006847
0.003878
0.007674
0.005482
0.003099
0.003463
0.002759
0.003717
0.003195
0.003844
0.005447
0.00284
0.005455
0.003951
0.004878
0.005975
0.004389
0.004687
0.003017
0.003264
0.003816
0.004751
0.006706
0.006337
0.004173
0.003411
0.00296
0.003087
0.002501
0.002778
0.002866
0.006828
0.006813
0.005342
0.003181
0.004681
0.005029
0.004115
0.004152
0.003999
0.00445
0.004287
0.004565
0.003499
0.002535
0.004296
0.003027
0.00268
0.005096
0.003051
0.004617
0.007442
0.003105
0.005191
0.003503
0.003382
0.002993
0.003603
0.003804
0.003416
0.004109
0.00514
0.004514
0.002864
0.005159
0.005665
0.003928
0.002999
0.003126
0.005089
0.002657
0.002531
0.004395
0.003717
0.003628
0.002775
0.005498
0.003792
0.003785
0.002575
0.003284
0.002694
0.003537
0.004305
0.003301
0.004928
0.00364
0.004277
0.004511
0.00351
0.003772
0.004179
0.003928
0.004404
0.003118
0.003386
0.006684
0.015193
0.003767
0.004332
0.007045
0.00438
0.002857
0.002546
0.004206
0.002951
0.006049
0.00428
0.003174
0.003664
0.003161
0.004613
0.007927
0.003247
0.002992
0.004687
0.00524
0.004278
0.00481
0.002473
0.004475
0.004613
0.002648
0.010216
0.004255
0.009182
0.005476
0.004119
0.003166
0.002482
0.005091
0.006782
0.002684
0.006436
0.006128
0.005354
0.002961
0.002555
0.007763
0.004486
0.004134
0.004589
0.002712
0.005298
0.002997
0.004773
0.004165
0.002682
0.00316
0.003898
0.003692
0.003344
0.004383
0.002878
0.003277
0.006855
0.004285
0.003651
0.004239
0.004085
0.003858
0.004336
0.003925
0.003795
0.004538
0.005228
0.003744
0.006321
0.007256
0.005797
0.006445
0.003526
0.006803
0.004806
0.00421
0.005647
0.006679
0.003226
0.003788
0.003437
0.002919
0.004631
0.006685
0.005272
0.003572
0.003589
0.005466
0.003962
0.00593
0.003493
0.004659
0.00559
0.004935
0.006704
0.003158
0.003193
0.002846
0.006927
0.006428
0.00528
0.005611
0.008938
0.010254
0.003157
0.007498
0.006149
0.010055
0.006509
0.004136
0.003273
0.006056
0.003649
0.006048
0.005399
0.003156
0.004342
0.005446
0.006965
0.008878
0.002833
0.005823
0.004733
0.007237
0.004052
0.006085
0.004969
0.006315
0.005463
0.009327
0.00669
0.00912
0.005745
0.003291
0.002986
0.004098
0.004344
0.007762
0.002491
0.005218
0.003634
0.003642
0.002492
0.003818
0.003905
0.003702
0.002209
0.002739
0.004097
0.003263
0.002181
0.002559
0.005828
0.002246
0.00647
0.004066
0.002703
0.004087
0.002255
0.002426
0.003688
0.004813
0.002385
0.005684
0.0043
0.004366
0.004081
0.005606
0.003326
0.004315
0.002745
0.006555
0.002324
0.008136
0.003389
0.008567
0.003838
0.003911
0.003151
0.00292
0.00388
0.006514
0.002685
0.00382
0.002972
0.004294
0.00696
0.003316
0.00342
0.002948
0.004672
0.003592
0.00356
0.006704
0.006177
0.005437
0.00287
0.00674
0.002842
0.005368
0.007205
0.006351
0.003176
0.003458
0.005744
0.006532
0.00527
0.005966
0.00345
0.004489
0.004861
0.005794
0.0031
0.007535
0.005361
0.00273
0.003033
0.002961
0.004327
0.003636
0.003943
0.003315
0.00272
0.007043
0.005738
0.00663
0.007206
0.003501
0.003925
0.008791
0.003676
0.006756
0.003237
0.003383
0.002894
0.003551
0.003062
0.003575
0.003132
0.003876
0.002772
0.00711
0.007415
0.007016
0.008912
0.006739
0.00298
0.002952
0.006789
0.007231
0.003094
0.002963
0.007718
0.005702
0.005777
0.003175
0.005578
0.00722
0.007596
0.009218
0.007943
0.002416
0.002901
0.003639
0.010182
0.006983
0.010301
0.012019
0.007547
0.006126
0.003783
0.006816
0.006815
0.005137
0.004589
0.005424
0.004912
0.003842
0.003221
0.005777
0.008851
0.00449
0.003006
0.008828
0.008536
0.008902
0.002866
0.002607
0.005594
0.003355
0.003691
0.005599
0.003555
0.004409
0.008232
0.003253
0.005277
0.004129
0.004076
0.004548
0.004175
0.003294
0.005558
0.004257
0.004071
0.004058
0.005318
0.007711
0.003913
0.005343
0.002951
0.003415
0.005482
0.003652
0.005281
0.003823
0.003525
0.005107
0.003555
0.006775
0.005386
0.009677
0.003047
0.005324
0.003725
0.005435
0.016143
0.007385
0.00511
0.006231
0.005875
0.003967
0.006335
0.005267
0.006088
0.0035
0.005809
0.003374
0.006756
0.006141
0.006489
0.005341
0.00544
0.004084
0.005187
0.006804
0.005536
0.009202
0.010207
0.005908
0.010798
0.007227
0.00795
0.008374
0.008536
0.003884
0.007728
0.007941
0.015315
0.008038
0.004457
0.008406
0.0086
0.00814
0.007662
0.014591
0.007755
0.008321
0.007979
0.004743
0.008118
0.00543
0.007841
0.003804
0.014134
0.003196
0.005358
0.005659
0.005336
0.003852
0.004831
0.005933
0.00478
0.004593
0.005933
0.011557
0.003133
0.003341
0.003973
0.003789
0.004537
0.01043
0.003639
0.004745
0.005769
0.004041
0.003472
0.002536
0.004251
0.00458
0.002939
0.004358
0.007503
0.004782
0.006599
0.00589
0.002344
0.004535
0.004375
0.006677
0.004216
0.003928
0.004491
0.004831
0.002368
0.002177
0.003054
0.005813
0.005457
0.00396
0.002412
0.004235
0.002221
0.003312
0.00299
0.0027
0.004858
0.002353
0.00281
0.00475
0.005782
0.004434
0.008532
0.004716
0.005217
0.002415
0.005159
0.005826
0.005129
0.005106
0.00254
0.005461
0.004787
0.002243
0.008983
0.003052
0.003346
0.004877
0.010007
0.005907
0.008977
0.004294
0.004385
0.002366
0.002267
0.002143
0.004213
0.005275
0.005259
0.007594
0.003972
0.003244
0.010543
0.004808
0.002205
0.004379
0.004791
0.007206
0.004509
0.004032
0.004401
0.004537
0.001977
0.003943
0.004886
0.005173
0.001915
0.002073
0.004014
0.004879
0.003546
0.005244
0.005364
0.004154
0.006114
0.004621
0.001839
0.002057
0.002312
0.005773
0.003898
0.004732
0.004776
0.011934
0.004322
0.003209
0.004238
0.006038
0.001687
0.004296
0.002698