
0.000901
0.002838
0.001153
0.001061
0.001109
0.001218
0.001169
0.001118
0.001071
0.000937
0.000813
0.001013
0.001203
0.001139
0.001126
0.000912
0.001126
0.001421
0.001039
0.001142
0.001084
0.001168
0.001755
0.001161
0.001103
0.00091
0.001199
0.00116
0.001118
0.000981
0.001214
0.001396
0.000942
0.001091
0.001075
0.001144
0.001355
0.00124
0.001066
0.001065
0.000972
0.001229
0.001124
0.001056
0.001184
0.004409
0.001057
0.000838
0.000997
0.001006
0.000932
0.001146
0.001167
0.000902
0.000978
0.001051
0.001167
0.004387
0.001277
0.000985
0.003163
0.001229
0.000973
0.001376
0.000964
0.001044
0.000918
0.001152
0.0011
0.000841
0.001004
0.00114
0.00103
0.001095
0.000973
0.001019
0.001039
0.001044
0.00099
0.001074
0.000913
0.00101
0.001211
0.001101
0.001051
0.001089
0.001085
0.001286
0.000979
0.002996
0.001241
0.000987
0.001045
0.00149
0.001032
0.00113
0.000967
0.000924
0.001208
0.001168
0.001068
0.000838
0.001207
0.001007
0.00105
0.001104
0.001145
0.001375
0.001112
0.001001
0.000992
0.001276
0.000957
0.001069
0.001028
0.000913
0.001092
0.00093
0.004217
0.000974
0.002031
0.001112
0.001239
0.001282
0.001096
0.001071
0.001032
0.000955
0.001078
0.001032
0.001048
0.001049
0.001168
0.001003
0.001344
0.00098
0.001356
0.000952
0.001172
0.000899
0.000872
0.000908
0.000969
0.001096
0.001024
0.001022
0.00118
0.001072
0.00117
0.001133
0.00111
0.001054
0.001356
0.000928
0.001036
0.000944
0.001229
0.00103
0.001093
0.00155
0.000871
0.0009
0.001076
0.001553
0.00118
0.001054
0.001009
0.001547
0.00116
0.001068
0.001171
0.001127
0.000975
0.000823
0.001168
0.001331
0.001062
0.001025
0.007191
0.001032
0.001005
0.001047
0.001035
0.001211
0.001374
0.001041
0.001007
0.000912
0.000964
0.001149
0.001076
0.001305
0.001107
0.000893
0.001098
0.001037
0.000996
0.00093
0.00087
0.000861
0.001002
0.00103
0.000945
0.000959
0.000971
0.000861
0.001428
0.000998
0.000973
0.001248
0.001314
0.00673
0.001467
0.001226
0.000945
0.001003
0.000892
0.001052
0.001055
0.000901
0.000926
0.001125
0.000876
0.001027
0.001265
0.000987
0.001252
0.000946
0.000909
0.001068
0.000961
0.000929
0.001367
0.000807
0.001193
0.001206
0.000919
0.000917
0.00107
0.000974
0.000958
0.000961
0.000919
0.00096
0.001678
0.000957
0.000834
0.000921
0.000894
0.000875
0.000987
0.000965
0.000986
0.001003
0.001024
0.000996
0.001303
0.001093
0.003969
0.001039
0.00095
0.00114
0.000953
0.000906
0.001113
0.000997
0.001175
0.000896
0.000912
0.000934
0.002444
0.00104
0.001569
0.000973
0.001021
0.001001
0.001274
0.001141
0.000909
0.001115
0.000931
0.000982
0.001329
0.001188
0.001716
0.001311
0.001081
0.000941
0.000945
0.001
0.001941
0.000902
0.000928
0.000913
0.001079
0.00106
0.000954
0.001249
0.000987
0.001119
0.001176
0.001022
0.001028
0.001225
0.001061
0.000911
0.001172
0.000936
0.000958
0.0013
0.000983
0.001727
0.001007
0.001
0.00108
0.000907
0.000761
0.001033
0.000969
0.001032
0.001027
0.000793
0.000924
0.000986
0.299192