
0.0306764
0.030676
0.0606684
0.0606684
0.048317
0.0566517
0.0443396
0.0525246
0.0400541
0.0295535
0.0498099
0.0137929
0.0126567
0.0326105
0.0458306
0.0260574
0.0194896
0.0326768
0.0165131
0.0396128
0.0429201
0.0132507
0.0198515
0.0198515
0.0100331
0.0429447
0.000285944
0.00662457
0.0132297
0.0132297
0.00669647
0.0132815
0.0132815
0.00682378
0.0330504
0.00660611
0.0264056
0.00665849
0.00665849
0.00665849
0.0132504
0.0132605
0.00676245
0.0198037
0.0198037
0.00660863
0.0132165
0.000653508
0.0034435
0.0034435
0.0198407
0.00672279
0.00160469
0.00160469
0.00381891
0.023102
0.023102
0.00990383
0.0165098
0.00336032
0.0099427
0.0165361
0.00353777
0.00353777
0.0100211
0.0166016
0.0166016
0.00660948
0.00660959
0.00660959
0.000690229
0.01322
0.00667855
0.00668228
0.00170206
0.012934
0.00817948
0.0322497
0.0125476
0.0117578
0.0117578
0.0128658
0.024173
0.0295848
0.0444775
0.0632409
0.0247257
0.0247257
0.0247257
0.0351228
0.0398619
0.0557135
0.0687627
0.0974515
0.0974515
0.105304
0.0696009
0.0696009
0.0696009
0.0696113
0.0696028
0.0696157
0.0696226
0.0696226
0.0696293
0.0696405
0.06964
0.0696452
0.0696467
0.0696502
0.0696502
0.0696505
0.0696505
0.06965
0.0696503
0.0696507
1.70198e-05
1.35474e-05
7.31933e-05
0.000166486
0.000219201
0.00041433
0.000492008
0.000492008
0.000499719
0.000493605
0.000493605
0.000493605
0.000472642
0.000531136
0.000488486
0.000488486
0.000472469
0.000438065
0.000413461
0.000358532
0
4.03222e-05
0.000165408
0.000308372
0.000308372
0.000308372
7.29964e-05
0.000146678
0.000153506
0.000153506
0.0001444
0.000124798
4.9462e-05
9.50357e-06
0.000235317
0.00570143
0.00570143
0.00587603
0.014789
0.0109517
0.0293901
0.0241983
0.0339074
0.0339074
0.0521986
0.0208028
0.0120276
0.0226884
0.0227885
0.0334442
0.0448278
0.0448278
0.0484765
0.0669948
0.0626999
0.0626999
0.0718802
0.0857931
0.0895143
0.0895143
0.1042
0.115458
0.126375
0.126375
0.142935
0.0278242
0.0364531
0.0364531
0.0501678
0.0561946
0.0782742
0.0849364
0.112221
0.118052
0.133161
0.0263987
0.0263987
0.0395951
0.049497
0.0494968
0.0494982
0.0494995
0.0494995
0.0495023
0.0495047
0.0494921
0.0494917
0.0494915
0.0494911
0.0494908
0.0494908
0.0494924
0.0494636
0.0494636
0.0495028
0.00501514
0.00501514
0.00501552
0.0214655
0.0255465
0.0564795
0.0695027
0.0954217
0.102763
0.145675
0.163681
0.188961
0.197566
0.240569
0.28334
0.28334
0.0296993
0.0296993
0.0395989
0.056098
0.0560977
0.0560973
0.0560969
0.0560969
0.0560967
0.0560964
0.0560962
0.056096
0.056096
0.0560958
0.0560958
0.0560957
0.0560956
0.0560955
0.0560955
0.0560954
4.48895e-08
4.48895e-08
5.64153e-08
6.06466e-08
5.75174e-08
2.60994e-09
5.19977e-08
5.19977e-08
1.25947e-07
1.55031e-07
2.20743e-07
3.83403e-07
4.77639e-07
5.60101e-07
1.50129e-05
1.50129e-05
9.02226e-06
2.46527e-06
1.51001e-05
1.51001e-05
1.68302e-05
4.34718e-05
3.729e-05
2.49721e-05
1.81226e-05
1.37849e-05
7.96416e-06
1.75768e-05
4.20397e-05
3.55023e-05
3.55568e-05
0.000414509
0.000414509
0.000534414
0.000678685
0.000261892
0.000261892
0.000117142
4.05777e-05
6.95001e-05
0.000147443
9.99643e-05
0.000264706
0.000480338
0.00124192
0.00199357
0.00230599
0.00170319
0.00170319
0.000956508
0.000264396
0.000285978
0.000285978
0.000363766
0.000337514
0.000337514
0.000270282
0.000214152
0.000214152
0.000178843
4.36006e-05
7.39124e-05
0.000107789
0.00011786
0.000142362
0.000160501
0.000167586
0.000181443
0.000181443
0.000124452
0.000124452
8.60799e-05
6.25348e-05
6.16579e-05
6.16579e-05
5.514e-05
5.8131e-05
5.02976e-05
5.02976e-05
5.73196e-05
2.34961e-05
2.34961e-05
4.10085e-05
8.40353e-05
9.91358e-05
0.000140256
0.000140256
0.000162329
0.000160335
0.000146336
0.00013416
0.00011685
0.000141541
0.000165747
0.000165747
0.000153964
0.00519035
0.00522037
0.00522037
0.0188503
0.0114776
0.0226376
0.0157046
0.0398051
0.0263344
0.0341459
0.125349
0.125348
0.125342
0.125288
0.125288
0.125271
0.125271
0.125249
0.125157
0.125146
0.125129
0.12507
0.125043
0.0050373
0.0050373
0.0200538
0.0200535
0.0433237
0.0228778
0.0548763
0.0354551
0.0354551
0.0420968
0.0252339
0.034793
0.034793
0.0412799
0.0733319
0.0273786
0.0378368
0.0349299
0.0235682
0.0138999
0.0402494
0.0249149
0.0249149
0.020223
0.0231403
0.0232046
0.026602
0.0138355
0.00858594
0.0335236
0.00705252
0.0273804
0.034089
0.0163379
0.00199712
0.0264964
0.0331494
0.0331494
0.00366918
0.0203117
0.0333189
0.0396082
0.0330345
0.0528335
0.0231982
0.0363892
0.0100121
0.0167794
0.0234241
0.00610911
0.0176722
0.0210135
0.0153878
0.0437902
0.0250881
0.0144975
0.0176304
0.0203556
0.00667733
0.0133067
0.00710574
0.00710574
0.0104587
0.0234189
0.00995654
0.00435335
0.00515245
0.0366224
0.0302786
0.0302786
0.00718541
0.0240987
0.0330185
0.0198891
0.0140002
0.0336277
0.021316
0.0161271
0.034749
0.0134255
0.0133587
0.0133587
0.0545955
0.0301632
0.0551694
0.0551694
0.0362286
0.0579607
0.0699898
0.0279645
0.0279645
0.0408211
0.0315028
0.0390771
0.0282933
0.0282933
0.036787
0.0396492
0.0411621
0.045983
0.0522009
0.0522009
0.0535178
0.0535178
0.0539245
0.0547141
0.0547141
0.0552862
0.0554911
0.000442594
0.000622815
0.000622815
0.000761388
0.000891473
0.000995513
0.00113258
0.00117491
0.00117491
0.00117491
0.00125764
0.00124968
0.00121685
0.00121685
0.00122101
0.0012128
0.00120353
0.00120159
0.00120159
0.00115992
0.00500695
0.00505157
0.00505157
0.0200645
0.0164813
0.034239
0.0126189
0.0447905
0.024161
0.0569698
0.0206054
0.0535433
0.00485841
0.0126798
0.0251646
0.0129113
0.0332471
0.0314442
0.0314442
0.0272698
0.0420158
0.0344295
0.036907
0.0422031
0.0148888
0.0468254
0.0626142
0.0538153
0.0372719
0.0601608
0.0719509
0.0688506
0.0807021
0.0773514
0.0207597
0.0207597
0.011047
0.0308945
0.0230341
0.0340091
0.0387598
0.0469886
0.0456759
0.0596828
0.0717355
0.0685379
0.0113133
0.0113133
0.0233232
0.0189997
0.024184
0.0292
0.0412871
0.0397666
0.0408928
0.0419585
0.0480714
0.0200524
0.00843464
0.0206596
0.00909879
0.0163892
0.0256544
0.0256544
0.0199653
0.0285483
0.042322
0.042322
0.049235
0.0534625
0.0534625
0.054055
0.0552365
0.0563183
0.0563183
0.0568049
0.0574584
0.0578896
0.000132558
0.000132558
0.000226437
0.000277521
0.000289803
0.00023098
0.00023098
0.000125783
0.000125783
7.22656e-05
7.22656e-05
8.06493e-05
0.000125052
0.000112365
0.000135771
0.000132548
0.000132548
0.000183991
0.000185642
0.000176769
4.06953e-06
5.78834e-06
6.89102e-05
6.89102e-05
7.67984e-05
7.95659e-05
0.000179492
0.000179492
0.000176164
0.000169183
0.000177805
0.000198356
0.000200133
0.000200133
0.000254138
0.000253366
0.000253366
0.000253366
0.000251678
2.37938e-06
2.37938e-06
4.92529e-05
5.2472e-05
7.43605e-05
0.000143116
0.000143116
0.000158912
0.000144779
0.000173937
0.00017432
0.00017432
0.000214998
0.000210775
0.000210775
0.000224845
0.000224845
0.00024279
0.00024279
2.36993e-05
1.06037e-05
2.62182e-05
6.9335e-05
6.9335e-05
0.000139757
0.0001817
0.0001817
0.0001817
0.000232739
0.000310671
0.000310671
0.000310671
0.000351178
0.000367844
0.000429116
0.000489163
0.000489163
7.8031e-05
5.46494e-05
5.46494e-05
9.80906e-05
8.66267e-05
7.51077e-05
9.80556e-05
9.92572e-05
9.92572e-05
7.19734e-05
8.09988e-05
6.62484e-05
6.62484e-05
6.62484e-05
6.98916e-05
7.58266e-05
7.24027e-05
7.24027e-05
1.18883e-05
2.99448e-05
5.61799e-05
8.06448e-05
8.96257e-05
7.9125e-05
9.39944e-05
9.39944e-05
0.00015905
0.00015905
0.000139869
0.000236473
0.000249266
0.00026105
0.00591986
0.131698
0.131702
0.131716
0.131728
0.131768
0.131788
0.13181
0.131878
0.131901
0.131947
0.13196
0.13197
7.16291e-05
9.98803e-05
0.000120127
0.000137277
0.000108664
9.41301e-05
5.27799e-05
5.27799e-05
5.45103e-05
4.64178e-05
4.77957e-05
0.0200173
0.0183033
0.0341569
0.0341569
0.0555417
0.0272928
0.0359099
0.0234629
0.0317268
0.0072959
0.0288655
0.0202292
0.0125292
0.0289912
0.0387404
0.0438565
0.0438565
0.0479769
0.0637288
0.0720717
0.0734134
0.0734134
0.0755297
0.0755297
0.0766852
0.0772655
0.0785463
0.0785463
0.0389466
0.000603205
0.000603205
0.000458251
0.000458251
0.000422509
0.000397288
0.000397288
0.000353488
0.000379146
0.000404168
0.000404168
0.000404978
0.000672068
0.000672068
0.000833346
0.000833346
0.000125667
0.000274781
6.96878e-05
6.96878e-05
0.000300782
0.000200259
0.000200259
0.000207882
0.000191271
0.000191271
0.000191271
0.00016388
0.000148643
0.000200429
0.00020181
0.000198479
0.000194302
0
5.02674e-06
9.06796e-06
9.57663e-06
1.00892e-05
1.03456e-05
1.08555e-05
1.13565e-05
1.16016e-05
1.18418e-05
1.20762e-05
2.66654e-05
1.90333e-05
1.30885e-05
6.07902e-06
6.07902e-06
6.20227e-06
7.00544e-07
7.00544e-07
4.08823e-06
4.08823e-06
3.03573e-06
2.10333e-06
1.61995e-06
1.61995e-06
1.14235e-06
1.14235e-06
1.03362e-06
8.1585e-07
4.28479e-07
3.60716e-06
0.0245779
0.0221232
0.0424069
0.0129425
0.0220418
0.0418344
0.00884885
0.0154445
0.0220425
0.00435866
0.0154422
0.0363
0.0462
0.0594
0.0759
0.0759001
0.0759001
0.0759001
0.0759001
0.0759004
0.0759005
0.075899
0.075899
0.0758992
0.0758753
0.0758885
0.0758885
0.0758943
0.0759091
7.49476e-06
1.55622e-05
3.41341e-05
6.90467e-05
4.3307e-05
4.3307e-05
3.06531e-05
3.06531e-05
9.99512e-06
2.91106e-05
3.18758e-06
3.18758e-06
5.73198e-06
9.0498e-06
1.47972e-05
1.77397e-05
1.77397e-05
1.26593e-06
2.596e-07
2.57437e-05
2.57437e-05
6.78553e-06
1.89303e-06
1.89303e-06
2.74513e-05
7.74193e-06
7.74193e-06
7.52022e-06
7.52022e-06
7.46226e-06
7.46226e-06
7.43888e-06
7.42753e-06
7.0745e-06
6.73138e-06
6.47549e-06
0.00603846
0.288751
0.304673
0.304678
0.338437
0.361214
0.361214
0.370546
0.38917
0.38917
0.396877
0.402387
0.421487
0.434412
0.43905
0.450617
0.460877
0.0218501
0.0218501
0.0299299
0.0355007
0.0353571
0.0349867
0.0369822
0.0372327
0.0372327
0.0372899
0.038242
0.03851
0.03851
0.0386726
0.0389977
0.0389977
0.0389977
0.000236528
0.0058519
0.0230712
0.0514847
0.0500402
0.0748951
0.0502669
0.0832594
0.00557613
0.0304241
0.0111911
0.0111911
0.0230507
0.0139661
0.0215125
0.0262094
0.0345462
0.041126
0.0601226
0.0579022
0.0219875
0.0145717
0.0253333
0.0230831
0.0316494
0.0379879
0.043255
0.0586121
0.0645991
0.0801928
0.0937705
0.0971359
0.0394449
0.0564871
0.057018
0.0576317
0.0582179
0.0593382
0.0599467
0.0611821
0.0629308
0.0629308
0.0640054
0.0648303
0.0648303
0.000559816
0.000611182
0.000534943
0.00049496
0.00045358
0.00045358
0.000462
0.000492526
0.000492526
0.000594586
0.000610612
0.000610612
0.00516996
0.0206396
0.0445988
0.037757
0.056772
0.0380864
0.0385108
0.0688887
0.00882799
0.00689322
0.00689322
0.00808128
0.0127928
0.00980145
0.0110054
0.0135276
0.0152058
0.0107634
0.0139308
0.0198501
0.000549619
0.00659829
0.0198806
0.0330725
0.00122781
0.00672275
0.0199247
0.00190736
0.0066066
0.00064381
0.019819
0.00666463
0.0012591
0.0012591
0.00677562