
5e-06
5e-06
4e-06
3e-06
5e-06
5e-06
3e-06
5e-06
3e-06
4e-06
4e-06
4e-06
4e-06
4e-06
3e-06
4e-06
4e-06
3e-06
5e-06
3e-06
4e-06
3e-06
5e-06
3e-06
5e-06
6e-06
5e-06
5e-06
4e-06
4e-06
1e-06
2e-06
6e-06
2e-06
1e-06
1e-06
1e-06
2e-06
1e-06
2e-06
1e-06
2e-06
2e-06
1e-06
2e-06
1e-06
2e-06
2e-06
1e-06
2e-06
1e-06
2e-06
1e-06
1e-06
1e-06
1e-06
1e-06
1e-06
1e-06
2e-06
2e-06
1e-06
2e-06
2e-06
2.4e-05
1e-06
1e-06
1e-06
1e-06
2e-06
1e-06
1e-06
1e-06
1e-06
1e-06
2e-06
2e-06
2e-06
1e-06
2e-06
1e-06
1e-06
1e-06
1e-06
1e-06
2e-06
1e-06
1e-06
1e-06
1e-06
2e-06
1e-06
1e-06
1e-06
1e-06
2e-06
1e-06
5e-06
5e-06
5e-06
2e-06
2e-06
2e-06
1e-06
1e-06
1.6e-05
1e-06
2e-06
1e-06
3e-06
1e-06
1e-06
5e-06
0
1e-06
1e-06
3e-06
2e-06
1e-06
1.8e-05
2e-06
1e-06
2e-06
1e-06
1e-06
4e-06
1e-06
2e-06
4e-06
1e-06
4e-06
1e-06
2e-06
1e-06
1e-06
4e-06
1e-06
1e-06
0
1.6e-05
2e-06
3e-06
1e-06
1e-06
3e-06
4e-06
1e-06
2e-06
1e-06
1e-06
1.6e-05
1e-06
4e-06
1e-06
2e-06
1e-06
1e-06
3e-06
1e-06
1.7e-05
1e-06
1e-06
2e-06
1e-06
4e-06
1e-06
1e-06
2e-06
1e-06
4e-06
1e-06
0.02488
0.026168
0.027683
0.026263
0.02638
0.02688
0.02703
0.026773
0.027305
0.027176
0.029064
0.028899
0.025771
0.028828
0.025716
0.029281
0.025807
1e-06
3e-06
1e-06
2e-06
3e-06
5e-06
2e-06
3e-06
1e-06
1e-06
3e-06
1e-06
3e-06
1e-06
1e-06
3e-06
2e-06
3e-06
6e-06
1e-06
1e-06
4e-06
5e-06
2e-06
1e-06
3e-06
1e-06
4e-06
4e-06
1e-06
2e-06
4e-06
1e-06
1e-06
5e-06
1e-06
4e-06
1e-06
1e-06
2e-06
4e-06
1e-06
2e-06
1e-06
2e-06
4e-06
1e-06
1e-06
2e-06
1e-06
2e-06
1e-06
1e-06
1e-06
1e-06
1e-06
1e-06
0.024458
0.024359
0.025191
0.024668
0.024801
0.024668
0.024647
0.024722
0.02475
0.024503
0.024875
0.024963
0.024678
0.024669
0.024158
0.025856
0.024859
0.024524
0.02457
0.02078
0.02676
0.090969
0.027799
1e-06
2e-06
1e-06
4e-06
1e-06
4e-06
1e-06
1e-06
5e-06
1e-06
3e-06
1e-06
1e-06
5e-06
1e-06
3e-06
1e-06
1e-06
6e-06
1e-06
2e-06
1e-06
1e-06
6e-06
3e-06
1e-06
1.7e-05
6e-06
1e-06
4e-06
3e-06
1e-06
0.021857
1e-06
5e-06
1e-06
2e-06
4e-06
1e-06
1e-06
5e-06
1e-06
6e-06
1e-06
1.6e-05
6e-06
1e-06
5e-06
1e-06
5e-06
1e-06
1e-06
6e-06
0.02531
2e-06
6e-06
1e-06
5e-06
1e-06
1e-06
1e-06
1e-06
6e-06
1e-06
1e-06
5e-06
1e-06
6e-06
1e-06
1e-06
1e-06
2e-06
5e-06
1e-06
1e-06
1e-06
1e-06
5e-06
1e-06
2e-06
1e-06
2e-06
6e-06
1e-06
1e-06
6e-06
1e-06
7e-06
1e-06
1e-06
0.075405
0.032637
1e-06
1e-06
1e-06
1e-06
4e-06
1e-06
7e-06
1e-06
2e-06
5e-06
8e-06
1e-06
6e-06
4e-06
1e-06
1e-06
1e-06
1.3e-05
1e-06
4e-06
6e-06
1e-06
6e-06
2e-06
3e-06
1e-06
1e-06
7e-06
0.023503
0.024116
0.023319
0.081264
0.064851
0.029962
0.032926
0.025257
0.023628
0.023257
0.025952
0.064906
0.024773
0.026587
0.024536
0.025147
0.024523
0.024844
0.024759
0.024942
0.027027
0.087894
0.07373
0.031389
0.028266
0.074706
0.034141
0.024937
0.06934
2e-06
1e-06
5e-06
1e-06
5e-06
0.025201
1e-06
1.5e-05
5e-06
1e-06
5e-06
1e-06
1e-06
5e-06
1e-06
2e-06
1e-06
1e-06
2e-06
1e-06
1e-06
6e-06
1e-06
1e-06
0.063932
0.02842
0.022868
0.068306
0.032962
0.064581
0.066978
0.077098
0.083035
0.040193
0.031588
0.072902
0.07368
0.026431
0.025286
0.023336
0.02024
0.021208
0.020292
0.020236
0.020176
0.02021
0.021538
0.020351
0.020354
0.020239
0.020227
0.020305
0.020142
0.02046
0.020289
0.022663
0.02037
0.020944
0.021143
0.020334
0.022391
0.020158
0.020606
0.02021
0.020213
0.020322
0.020427
0.020489
0.020285
0.022107
0.022189
0.074803
0.030008
0.02188
0.083495
0.065204
0.027594
0.066461
0.02699
0.02358
0.023608
0.024871
0.025119
0.025074
0.025172
0.025463
0.025214
0.025386
0.027402
0.026686
0.027857
0.02626
0.066221
0.023962
0.02417
0.024273
0.023913
0.023817
0.02578
0.02748
0.027746
0.068543
0.027273
0.027186
0.025762
0.026773
0.077246
0.031672
0.025622
0.066357
0.029466
0.067688
0.031739
0.028884
0.065856
0.027276
0.024924
0.027517
0.027056
0.027079
0.027215
0.025331
0.029461
0.027091
0.029046
0.030295
0.028053
0.02819
0.025542
0.025671
0.023752
0.026835
0.023793
0.023659
0.023761
0.023647
0.023855
0.023944
0.084983
0.024198
0.024422
0.025876
0.024222
0.0242
0.025742
0.025105
0.027514
0.027192
0.027466
0.029844
0.02786
0.030023
0.097063
0.074567
0.030822
0.101391
0.033325
0.031587
0.034256
0.034006
0.034475
0.035353
0.033893
0.033952
0.033019
0.093453
0.032692
0.072936
0.084985
0.032118
0.030326
0.030305
0.032219
0.073279
0.031888
0.03185
0.032083
0.033275
0.031523
0.078041
0.085447
0.035468
0.031113
0.069103
0.034057
0.029097
0.029166
0.031089
0.029789
0.029554
0.029313
0.029607
0.029651
0.030659
0.042669
0.068237
0.032201
0.031284
0.029771
0.032144
0.030366
0.032821
0.033037
0.071586
0.033142
0.031234
0.032666
0.033125
0.036793
0.031059
0.030792
0.030972
0.032285
0.03133
0.031395
0.098049
0.030805
0.023256
0.08356
0.021206
0.021172
0.021081
0.021037
0.021102
4e-06
1e-06
4e-06
2e-06
1e-06
1e-06
4e-06
1e-06
7e-06
5e-06
1e-06
8e-06
1e-06
2e-06
4e-06
1e-06
2e-06
1e-06
3e-06
6e-06
1e-06
2e-06
0.021877
0.066051
9e-06
2e-06
2e-06
2e-06
3e-06
1e-06
4e-06
1e-06
2e-06
5e-06
1e-06
5e-06
1e-06
4e-06
1e-06
1e-06
6e-06
2e-06
2e-06
4e-06
1.7e-05
5e-06
1e-06
5e-06
1e-06
2e-06
4e-06
2e-06
4e-06
5e-06
0.024387
0.024094
0.068074
0.066435
0.065344
0.033279
0.028122
0.025345
0.025069
0.069534
0.027798
0.075332
0.032961
0.030691
0.033262
0.026106
0.01973
0.019819
0.019899
0.020055
0.019987
0.0613
0.069496
0.025573
0.02277
0.020621
0.020285
0.020418
0.020314
0.067515
0.066342
0.030771
0.023792
0.023002
0.029837
0.079491
0.035141
0.026675
0.071508
0.029642
0.023519
0.070823
0.025991
0.023417
0.023575
0.020736
0.02069
0.020735
0.021632
0.020741
0.023657
0.021539
0.020806
0.026325
0.025875
0.02776
0.023319
0.066857
0.071646
0.068397
0.029934
0.029194
0.073873
0.072882
0.064896
0.069935
0.027328
0.023646
0.023168
0.023754
0.023253
0.023525
0.063174
0.026527
0.024078
0.02376
0.023713
0.025661
0.022894
0.060976
0.028473
0.023684
0.023462
0.022499
0.021132
0.021314
0.02484
0.020819
0.021947
0.022824
0.021047
0.020863
0.021068
0.02127
0.020988
0.020974
0.019162
0.019298
0.019278
0.020746
0.019075
0.02008
0.020379
0.019423
0.020846
0.020262
0.020589
0.021595
0.020302
0.023011
0.020536
0.020732
0.022849
0.020737
0.020182
0.020375
0.020613
0.020604
0.020693
0.020353
0.020686
0.020605
0.020773
0.020629
0.020376
0.020667
0.020587
0.020562
0.020662
0.020255
0.019677
0.019477
0.019779
0.019629
1e-06
1e-06
2e-06
1e-06
2e-06
2e-06
1e-06
1.2e-05
0.017844
0.017558
0.01879
0.017605
0.018299
0.017643
0.017746
0.017755
0.017872
0.019257
0.017471
0.017855
0.018805
1e-06
1e-06
1e-06
1e-06
7e-06
0.017996
0.018065
0.01881
0.017914
0.017614
1e-06
7e-06
1e-06
0.017907
1e-06
1e-06
1.7e-05
1e-06
2e-06
2e-06
0.017853
0.018069
1e-06
6e-06
3e-06
0.019059
0.02068
0.01934
0.017774
0.01789
0.018021
0.018016
0.020022
0.018146
0.018166
0.017973
0.017898
0.021259
0.017842
0.017903
0.017663
0.019431
0.019227
0.017869
0.017749
0.019834
0.017756
0.018347
0.017774
0.018029
0.017914
0.01938
0.019743
0.019432
0.019518
0.01921
0.019359
0.019157
0.019476
0.019188
0.019466
0.019236
0.019045
0.019112
0.019169
0.019376
0.019594
0.021869
0.019332
0.019332
0.020159
0.019102
0.019425
0.020892
0.021515
0.019041
0.019309
0.018931
0.019171
0.018937
0.018863
0.018956
0.019053
0.019162
0.018804
0.019409
0.018954
0.018753
0.019026
0.018754
0.018749
0.018732
0.018536
0.018654
0.018669
0.01858
0.018885
0.018539
0.018615
0.018529
0.0183
0.021137
0.018205
0.019786
0.018214
0.01842
0.018951
0.018735
0.017971
0.018507
0.056228
0.084588
0.017017
0.016598
0.01629
0.016367
0.016439
0.058169
0.022043
0.062078
0.024207
0.016748
0.057994
0.06129
0.067027