
0.004899
0.005967
0.005287
0.00505
0.010287
0.006558
0.007512
0.005584
0.004316
0.004667
0.006194
0.006444
0.009485
0.004459
0.003659
0.005156
0.003913
0.007193
0.008622
0.007645
0.004131
0.005723
0.004444
0.004828
0.005817
0.008792
0.005214
0.010844
0.00428
0.010902
0.003968
0.006171
0.005595
0.003885
0.005749
0.010321
0.004381
0.009841
0.005524
0.005408
0.005373
0.004481
0.004605
0.003886
0.003655
0.010502
0.005195
0.005311
0.004492
0.005911
0.004992
0.005932
0.004371
0.004146
0.004896
0.009314
0.005842
0.004577
0.003923
0.004858
0.004277
0.005129
0.009607
0.011404
0.004699
0.007063
0.00507
0.005548
0.004627
0.006091
0.004742
0.007332
0.005381
0.00694
0.007199
0.008807
0.007532
0.005316
0.006369
0.005412
0.005243
0.00559
0.008077
0.005437
0.003951
0.005181
0.004708
0.006284
0.004191
0.007543
0.011257
0.00579
0.009421
0.006994
0.005741
0.005422
0.006765
0.00871
0.00758
0.004785
0.004122
0.009252
0.006158
0.005153
0.00485
0.010045
0.005707
0.007004
0.006352
0.008404
0.007391
0.005723
0.005329
0.009197
0.009793
0.010518
0.006799
0.052496
0.050463
0.054386
0.015498
0.020314
0.017439
0.021816
0.022013
0.058825
0.025938
0.026514
0.072455
0.031327
0.016341
0.055053
0.056599
0.0199
0.021543
0.007463
0.01221
0.014235
0.01037
0.023819
0.022205
0.020633
0.024671
0.009931
0.007395
0.009674
0.057341
0.022736
0.058287
0.023681
0.072035
0.024044
0.010396
0.007171
0.009679
0.057914
0.064751
0.060657
0.060399
0.030249
0.010041
0.007704
0.059058
0.062642
0.059073
0.061419
0.062715
0.060801
0.072389
0.061147
0.061803
0.061081
0.073301
0.056196
0.031821
0.020931
0.021435
0.02591
0.056733
0.05908
0.064616
0.028908
0.018151
0.056223
0.053332
0.055392
0.055449
0.054066
0.055028
0.057153
0.022403
0.062975
0.010287
0.007858
0.0107
0.008072
0.023794
0.023556
0.066072
0.05568
0.019999
0.017168
0.021852
0.017783
0.017934
0.021673
0.019404
0.027907
0.021601
0.021758
0.020433
0.01841
0.019097
0.025792
0.078448
0.026293
0.064673
0.021015
0.024986
0.058978
0.02164
0.056934
0.059967
0.057675
0.054005
0.065632
0.018592
0.033523
0.024353
0.062616
0.059746
0.055111
0.071458
0.031072
0.024982
0.031199
0.059505
0.059443
0.031368
0.032352
0.008771
0.009377
0.009147
0.009019
0.009344
0.010626
0.008052
0.008092
0.021717
0.008174
0.013906
0.055712
0.010225
0.009992
0.007727
0.05941
0.057474
0.016926
0.017271
0.016375
0.020209
0.021661
0.021109
0.029566
0.056003
0.02392
0.019933
0.02045
0.05209
0.018503
0.015675
0.015927
0.016231
0.023395
0.054598
0.054514
0.019829
0.026112
0.017597
0.009531
0.009245
0.010449
0.007667
0.05192
0.056711
0.018175
0.016279
0.02774
0.028424
0.061663
0.039851
0.059861
0.057611
0.058229
0.017037
0.017161
0.057048
0.052197
0.053447
0.059058
0.051992
0.052573
0.00998
0.009094
0.006354
0.007146
0.009737
0.035195
0.019819
0.018276
0.016203
0.019082
0.024892
0.055995
0.054528
0.063328
0.057238
0.059756
0.05255
0.055913
0.059586
0.051581
0.064004
0.018972
0.020143
0.017812
0.01782
0.058668
0.056401
0.058345
0.016353
0.016554
0.016755
0.020037
0.016371
0.016868
0.031845
0.022507
0.018465
0.024152
0.023419
0.018263
0.021188
0.026646
0.023099
0.016597
0.055828
0.057884
0.053211
0.058748
0.062278
0.057499
0.053179
0.058524
0.066794
0.026985
0.020996
0.022521
0.060185
0.066603
0.059682
0.060958
0.059902
0.021027
0.018738
0.021145
0.019559
0.018919
0.020762
0.018017
0.0524
0.020178
0.056462
0.058758
0.016315
0.017504
0.02046
0.02037
0.02865
0.091337
0.022835
0.026389
0.019507
0.029053
0.019869
0.021091
0.020109
0.019999
0.017809
0.016995
0.061899
0.061439
0.066162
0.058522
0.065058
0.057457
0.055663
0.027277
0.016449
0.020145
0.019078
0.02938
0.025855
0.05489
0.055528
0.057143
0.018393
0.020736
0.017891
0.016005
0.023367
0.020912
0.024392
0.053211
0.059665
0.057939
0.018797
0.062127
0.05567
0.055848
0.054233
0.056985
0.053832
0.054299
0.050924
0.060254
0.055375
0.05785
0.013885
0.062406
0.058288
0.012815
0.012815
0.015158
0.018872
0.015816
0.01882
0.013961
0.023491
0.019492
0.016781
0.013675
0.013117
0.012398
0.011558
0.011925
0.012609
0.013095
0.021114
0.051775
0.053759
0.053707
0.012464
0.006186
0.00568
0.007102
0.006783
0.005299
0.010234
0.013514
0.006951
0.009722
0.005657
0.006063
0.006704
0.007192
0.014781
0.008479
0.004421
0.005257
0.008136
0.009161
0.004524
0.005592
0.00804
0.006035
0.0146
0.010908
0.005287
0.006621
0.006895
0.006666
0.006279
0.006264
0.004773
0.006216
0.006406
0.006437
0.007094
0.004704
0.007275
0.005082
0.006031
0.005568
0.006831
0.005741
0.005685
0.005558
0.010887
0.005061
0.006446
0.006388
0.008424
0.005075
0.005564
0.005224
0.004685
0.004855
0.005759
0.00475
0.007435
0.009903
0.004887
0.008111
0.005452
0.010522
0.009826
0.010267
0.004787
0.006014
0.008315
0.00636
0.00614
0.005132
0.010378
0.006097
0.005782
0.004444
0.004245
0.005588
0.004094
0.00701
0.005734
0.006912
0.005363
0.009304
0.009256
0.006667
0.005883
0.004741
0.008485
0.005663
0.004927
0.008778
0.00481
0.004973
0.011139
0.005883
0.006439
0.005595
0.006987
0.004545
0.004541
0.006829
0.004986
0.007469
0.004239
0.00542
0.016886
0.061176
0.017659
0.016617
0.020436
0.017139
0.016954
0.019658
0.016205
0.016695
0.016857
0.015101
0.02143
0.015497
0.016344
0.014079
0.015635
0.014635
0.016322
0.020923
0.030019
0.059729
0.018407
0.017768
0.020936
0.020637
0.019403
0.032356
0.068958
0.033092
0.025167
0.060436
0.061425
0.061999
0.023388
0.025064
0.022095
0.018251
0.023737
0.017784
0.022629
0.022561
0.022609
0.02124
0.014733
0.060178
0.021289
0.015751
0.017439
0.022782
0.051444
0.055635
0.016869
0.062438
0.064213
0.056526
0.053157
0.052158
0.017593
0.016937
0.06414
0.05355
0.018958
0.052095
0.059815
0.0167
0.061851
0.058422
0.055768
0.060286
0.060098
0.054371
0.052127
0.05611
0.053702
0.05356
0.051611
0.053748
0.063393
0.019599
0.012006
0.012337
0.012203
0.013786
0.012175
0.012825
0.012355
0.010846
0.011963
0.011892
0.01674
0.012949
0.016895
0.014433
0.015925
0.013062
0.011046
0.017343
0.016287
0.012214
0.012201
0.012786
0.011851
0.010734
0.011842
0.018039
0.011638
0.015067
0.010399
0.01276
0.014645
0.012486
0.010347
0.011972
0.013615
0.009982
0.017835
0.014434
0.011716
0.010581
0.012985
0.019817
0.012577
0.010411
0.011555
0.01071
0.012686
0.010631
0.015336
0.014926
0.016528
0.011736
0.015264
0.014914
0.011091
0.012866
0.01117
0.010803
0.014663
0.011911
0.014426
0.016188
0.009665
0.015819
0.009671
0.015706
0.014376
0.017208
0.009855
0.012322
0.013896
0.009898
0.010178
0.048442
0.054887
0.010595
0.01205
0.007385
0.007526
0.010318
0.006705
0.00955
0.007837
0.006697
0.009037
0.008814
0.008463
0.011671
0.012452
0.009894
0.007923
0.008845
0.008272
0.01248
0.00837
0.01358
0.011097
0.0077
0.010676
0.006766
0.011995
0.009881
0.014559
0.010244
0.00948
0.007351
0.007753
0.008087
0.00835
0.005856
0.006137
0.008215
0.009965
0.006254
0.012691
0.011016
0.007532
0.008019
0.007141
0.005764
0.006274
0.011093
0.005192
0.005241
0.009702
0.005348
0.005182
0.007435
0.005262
0.007743
0.005343
0.004726
0.012309
0.005606
0.016877
0.00613
0.004619
0.005781
0.008108
0.004662
0.005053
0.008945
0.005118
0.005948
0.008954
0.00433
0.004406
0.007832
0.009022
0.005757
0.007449
0.005319
0.00635
0.008544
0.004671
0.004354
0.004951
0.010144
0.007703
0.012007
0.009411
0.004749
0.004563
0.004414
0.005446
0.004779
0.00621
0.00493
0.008163
0.008036
0.00573
0.006036
0.007385
0.005334
0.004393
0.008169
0.006916
0.00827
0.005217
0.005428
0.004999
0.009581
0.005778
0.008131
0.008591
0.011401
0.009554
0.009393
0.011945
0.00768
0.013667
0.009502
0.00792
0.010678
0.010449
0.005501
0.01299
0.004719
0.006357
0.004295
0.009598
0.004454
0.00902
0.010178
0.004372
0.006453
0.0046
0.008196
0.004915
0.004938
0.009986
0.00495
0.010938
0.005053
0.010876
0.00543
0.005764
0.005592
0.004937
0.011055
0.01021
0.006188
0.009224
0.008042
0.008606
0.004928
0.007813
0.006111
0.005669
0.006667
0.015944
0.007033
0.007776
0.007273
0.006204
0.006742
0.052448
0.020237
0.060528
0.016132
0.030438
0.023551
0.066991
0.018503
0.05778
0.051834
0.022496
0.055877
0.016066
0.056386
0.017293
0.020163
0.016878
0.053145
0.05852
0.053339
0.053282
0.060109
0.054723
0.05324
0.051232
0.053946
0.057586
0.056146
0.058008
0.055413
0.016312
0.019618
0.019856
0.029346
0.070042
0.022702
0.022732
0.022667
0.024042
0.021689
0.081472
0.028415
0.02163
0.025563
0.017573
0.018288
0.022743
0.068739
0.075853
0.020471
0.024732
0.024136
0.022783
0.06712
0.069106
0.058242
0.020823
0.061827
0.062277
0.058247
0.063771
0.062522
0.060908
0.060579
0.057019
0.069822
0.063353
0.023418
0.024123
0.062385
0.024535
0.024536
0.025832
0.029784
0.025247
0.021533
0.0239
0.026769
0.025257
0.021872
0.072069
0.022591
0.024229
0.031617
0.02847
0.074751
0.067662
0.07274
0.061167
0.06879
0.023119
0.025214
0.026748
0.027097
0.060814
0.060425
0.061621
0.057676
0.061305
0.064229
0.056609
0.065341
0.063669
0.021825
0.024225
0.020922
0.020357
0.061935
0.058801
0.057701
0.057671
0.059219
0.062528
0.055135
0.021272
0.025483
0.019229
0.022151
0.018364
0.015802
0.059391
0.055362
0.055567
0.060405
0.061265
0.060371
0.022464
0.017053
0.054686
0.052597
0.055098
0.061302
0.015114
0.060286
0.016351
0.057854
0.057269
0.051657
0.055293
0.059143
0.053299
0.050489
0.053452
0.054667
0.056691
0.062461
0.030919
0.061019
0.058924
0.062413
0.017096
0.017217
0.020756
0.01782
0.019032
0.055053
0.053901
0.060311
0.05677
0.056731
0.052635
0.052723
0.058717
0.016357
0.023969
0.017584
0.017396
0.024466
0.019761
0.018111
0.019356
0.017845
0.018484
0.01658
0.016711
0.016477
0.017089
0.016406
0.017621
0.016468
0.018028
0.018046
0.018938
0.019408
0.024153
0.056734
0.055746
0.056925
0.065008
0.019961
0.017255
0.017
0.05448
0.058962
0.058631
0.055276
0.062743
0.056774
0.05515
0.056454
0.018461
0.016697
0.019006
0.019399
0.016462
0.016855
0.023603
0.068077
0.052208
0.053472
0.063626
0.083354
0.024194
0.018077
0.019575
0.017524
0.025447
0.060186
0.019796
0.019565
0.015301
0.019133
0.019478
0.01667
0.018612
0.019545
0.020821
0.058027
0.058988
0.055474
0.05758
0.054517
0.054004
0.055362
0.058586
0.056371
0.028542
0.060302
0.032907
0.063609
0.044233
0.070953
0.067624
0.033162
0.033045
0.06773
0.078498
0.024435
0.025286
0.043411
0.067502
0.02281
0.064391
0.078837
0.028933
0.026782
0.034559
0.017097
0.060721
0.06206
0.057966
0.068036
0.025867
0.071608
0.02472
0.031997
0.034069
0.03374
0.046377
0.036735
0.036715
0.035578
0.036567
0.035885
0.030465
0.030409
0.08528
0.049064
0.030184
0.031625
0.043261
0.069337
0.061936
0.03321
0.036555
0.077108
0.043407
0.02807
0.023751
0.026052
0.080493
0.063767
0.069438
0.067819
0.028253
0.063715
0.060165
0.067472
0.069703
0.033139
0.031367
0.069828
0.065334
0.035963
0.023949
0.02896
0.028103
0.071528
0.078749
0.030915
0.031357
0.031343
0.030841
0.032212
0.031416
0.027432
0.066385
0.065235
0.006494
0.005847
0.005377
0.010477
0.007736
0.004742
0.00634
0.005386
0.005384
0.006209
0.005694
0.004895
0.006189
0.005054
0.010324
0.00703
0.010978
0.006851
0.006327
0.005582
0.005583
0.00914
0.007818
0.007779
0.004949
0.005754
0.00495
0.005433
0.0054
0.004662
0.008262
0.004362
0.005425
0.00545
0.005675
0.009459
0.007491
0.005639
0.009516
0.006239
0.006426
0.007033
0.004451
0.004704
0.006611
0.010886
0.00709
0.005796
0.005006
0.011779
0.005268
0.005462
0.00482
0.009576
0.004291
0.011596
0.006211
0.004524
0.009553
0.007843
0.007679
0.00518
0.005334
0.005956
0.010623
0.005401
0.008282
0.008566
0.008544
0.004887
0.005714
0.003904
0.005689
0.005428
0.005693
0.006172
0.005428
0.007195
0.005477
0.005811
0.005444
0.007404
0.004608
0.005901
0.005849
0.0043
0.00725
0.006168
0.005477
0.005106
0.007099
0.007563
0.006384
0.007021
0.004484
0.005479
0.009068
0.004974
0.004999
0.005107
0.00631
0.005463
0.006759
0.00988
0.007398
0.006425
0.013928
0.005266
0.004853
0.004066
0.005555
0.018747
0.055247
0.056287
0.017023
0.01693
0.017466
0.016994
0.021221
0.016766
0.017527
0.017104
0.017585
0.020256
0.05362
0.053347
0.056726
0.056798
0.062066
0.054264
0.054866
0.052835
0.06
0.052433
0.060776
0.049963
0.014218
0.050571
0.051507
0.061523
0.057835
0.052515
0.051881
0.050033
0.05148
0.054437
0.052721
0.014147
0.013097
0.052833
0.054012
0.013555
0.012919
0.012959
0.013175
0.019933
0.013597
0.013553
0.05807
0.053296
0.04939
0.056827
0.058463
0.010382
0.010984
0.010546
0.010467
0.011274
0.011289
0.007656
0.011236
0.010717
0.008166
0.011001
0.010076
0.00942
0.010184
0.00795
0.009157
0.007076
0.009802
0.009382
0.009069
0.014282
0.007672
0.009523
0.00883
0.007774
0.009742
0.009494
0.009484
0.009394
0.007738
0.006755
0.017225
0.017558
0.017515
0.018811
0.022759
0.019687
0.06024
0.065508
0.057527
0.05438
0.02121
0.018533
0.020684
0.057575
0.022708
0.059147
0.058269
0.062312
0.062565
0.060209
0.058272
0.067132
0.024731
0.025734
0.026427
0.025645
0.02496
0.028664
0.061692
0.062261
0.024184
0.024296
0.020583
0.022168
0.065662
0.057627
0.059165
0.069849
0.021784
0.026466
0.022299
0.022414
0.06139
0.064215
0.031328
0.023244
0.027945
0.026674
0.025551
0.070685
0.023074
0.021951
0.059252
0.02467
0.032595
0.023451
0.063205
0.063065
0.059424
0.062939
0.033037
0.025648
0.067477
0.026089
0.025221
0.025102
0.024524
0.021535
0.023825
0.032375
0.025475
0.061282
0.025291
0.064451
0.061593
0.025857
0.063223
0.065152
0.021556
0.025014
0.02264
0.030469
0.063805
0.065941
0.076978
0.03059
0.038436
0.033017
0.040626
0.04451
0.049061
0.04971
0.0334
0.074316
0.030258
0.07767
0.077517
0.032205
0.08172
0.048265
0.048332
0.038341
0.077024
0.076531
0.04455
0.041868
0.046261
0.046788
0.08277
0.078716
0.077241
0.079539
0.079355
0.086411
0.081513
0.079708
0.085035
0.043057
0.044059
0.043514
0.082243
0.043295
0.044073
0.040086
0.04186
0.081101
0.042261
0.041478
0.043081
0.042128
0.090211
0.039743
0.040609
0.036947
0.042793
0.043538
0.041075
0.053754
0.040772
0.0526
0.039907
0.040678
0.053742
0.073251
0.045191
0.053078
0.038741
0.051831
0.046842
0.079199
0.050407
0.085531
0.04175
0.052759
0.04371
0.04224
0.040788
0.082754
0.079832
0.04182
0.080343
0.042222
0.093324
0.079457
0.084738
0.042038
0.055786
0.092633
0.056681
0.080381
0.083844
0.085596
0.047207
0.0814
0.078745
0.043245
0.080689
0.043916
0.041412
0.041607
0.042124
0.044101
0.079668
0.083622
0.048769
0.041534
0.042759
0.042531
0.048557
0.053896
0.07914
0.080833
0.077382
0.045178
0.056487
0.080946
0.041601
0.081046
0.082133
0.042724
0.080964
0.042012
0.094695
0.08203
0.045702
0.044956
0.042002
0.080841
0.081206
0.043625
0.085065
0.005531
0.005728
0.005568
0.005776
0.011072
0.006371
0.004621
0.006895
0.004927
0.005126
0.004891
0.005734
0.004212
0.00516
0.008848
0.015376
0.006084
0.006496
0.006315
0.011285
0.005653
0.007793
0.013007
0.01403
0.00839
0.005319
0.006559
0.005746
0.005149
0.005646
0.005641
0.005369
0.00604
0.009713
0.005708
0.00529
0.009635
0.005312
0.005939
0.005136
0.005478
0.009097
0.006275
0.010459
0.007251
0.005777
0.010569
0.005643
0.007083
0.005781
0.005304
0.01108
0.005816
0.009169
0.005787
0.006519
0.006095
0.007901
0.014221
0.007857
0.005043
0.009782
0.006961
0.007444
0.009255
0.016676
0.009725
0.005814
0.005263
0.005219
0.006384
0.009151
0.010143
0.012255
0.011733
0.007108
0.006045
0.004674
0.00611
0.016281
0.006978
0.005832
0.008055
0.006173
0.005167
0.005841
0.010635
0.011604
0.017244
0.019779
0.008086
0.009319
0.010431
0.010356
0.015416
0.005735
0.009929
0.0186
0.007008
0.028139
0.028775
0.061563
0.066948
0.072272
0.031235
0.02419
0.023373
0.026151
0.024949
0.039507
0.021681
0.058554
0.069737
0.061366
0.027995
0.062149
0.022978
0.02592
0.060755
0.057415
0.025765
0.025344
0.03337
0.029704
0.065562
0.025956
0.027455
0.062373
0.060257
0.062321
0.021026
0.021171
0.025233
0.02925
0.025429
0.036783
0.020819
0.058428
0.018027
0.017926
0.015787
0.015459
0.023023
0.067767
0.019378
0.025219
0.057991
0.055243
0.068517
0.019201
0.023357
0.015885
0.024026
0.052484
0.060507
0.056592
0.053992
0.064819
0.022246
0.016967
0.018039
0.025411
0.025981
0.020941
0.028779
0.06683
0.019927
0.016601
0.02142
0.062756
0.062187
0.059803
0.059991
0.062713
0.027071
0.024203
0.032207
0.066244
0.063623
0.078053
0.06335
0.024636
0.020877
0.017401
0.061752
0.02486
0.021988
0.020502
0.017328
0.019284
0.017889
0.021339
0.022691
0.017633
0.020115
0.016651
0.034221
0.027977
0.025973
0.061604
0.066512
0.062762
0.0172
0.018818
0.024211
0.016625
0.021284
0.027657
0.057812
0.061942
0.021521
0.060165
0.06523
0.057649
0.054704
0.063392
0.05559
0.055344
0.020077
0.016327
0.016827
0.056458
0.055386
0.060549
0.052314
0.05778
0.05322
0.057834
0.056178
0.055501
0.054142
0.052477
0.051003
0.067504
0.062932
0.064669
0.06684
0.054085
0.052239
0.056289
0.05938
0.065378
0.0532
0.052069
0.061508
0.056199
0.052715
0.053272
0.051138
0.057594
0.054548
0.056036
0.060815
0.059616
0.06105
0.05182
0.060249
0.059683
0.052652
0.053084
0.052568
0.05238
0.054373
0.059902
0.054687
0.062917
0.053914
0.059467
0.019524
0.016787
0.058903
0.060968
0.052704
0.05366
0.059718
0.014482
0.021116
0.012291
0.014294
0.01907
0.014197
0.05239
0.054174
0.019894
0.013714
0.014777
0.007989
0.006971
0.015341
0.058508
0.015356
0.008043
0.053509
0.017211
0.019242
0.05125
0.052733
0.054507
0.053996
0.05167
0.063455
0.023036
0.066397
0.029345
0.023887
0.066824
0.070837
0.024566
0.036263
0.022791
0.06677
0.067545
0.05727
0.016065
0.016658
0.018543
0.02224
0.01911
0.058209
0.019484
0.024339
0.028851
0.020461
0.057666
0.059733
0.057025
0.057622
0.057158
0.062473
0.055886
0.05172
0.054069
0.056104
0.05439
0.060236
0.054537
0.052855
0.055313
0.05198
0.057136
0.05769
0.056002
0.054779
0.055968
0.053976
0.054885
0.052925
0.060184
0.054222
0.051137
0.053942
0.054076
0.057144
0.054207
0.054077
0.055166
0.053121
0.05528
0.053668
0.052532
0.05362
0.052991
0.052407
0.055197
0.021918
0.022905
0.055828
0.053528
0.053555
0.064206
0.059458
0.060224
0.053518
0.058709
0.057911
0.070242
0.054001
0.054485
0.053019
0.057006
0.056146
0.053733
0.056712
0.054847
0.053395
0.056505
0.051004
0.052534
0.054005
0.055669
0.052722
0.056475
0.051555
0.053857
0.050415
0.050849
0.061863
0.053674
0.051859
0.068894
0.052907
0.051788
0.054338
0.052289
0.014217
0.013411
0.01342
0.015123
0.013455
0.019442
0.012925
0.016816
0.013219
0.015655
0.018595
0.013355
0.020795
0.013227
0.01342
0.013068
0.013904
0.012708
0.012612
0.008811
0.007135
0.010897
0.009754
0.010832
0.006338
0.017374
0.011411
0.005894
0.009911
0.010063
0.048068
0.006191
0.01062
0.008149
0.006754
0.006137
0.051948
0.009134
0.010486
0.009838
0.012172
0.005714
0.012
0.011953
0.005196
0.008301
0.005832
0.005711
0.009541
0.010186
0.010428
0.007201
0.004953
0.006418
0.007056
0.011042
0.011978
0.007059
0.011058
0.007381
0.010223
0.006867
0.005353
0.005074
0.012323
0.005782
0.009696
0.007811
0.005572
0.005076
0.010637
0.005748
0.00412
0.007122
0.018821
0.005707
0.006048
0.007407
0.01031
0.009183
0.005665
0.014908
0.00486
0.005152
0.005526
0.010622
0.012661
0.007323
0.004871
0.011141
0.009082
0.010332
0.005092
0.009147
0.017807
0.012878
0.038941
0.021662
0.026528
0.066493
0.025944
0.022902
0.03266
0.063756
0.024931
0.023541
0.033255
0.067696
0.027693
0.030894
0.031396
0.031135
0.025558
0.033761
0.027393
0.033679
0.025946
0.039598
0.028093
0.066831
0.066871
0.024709
0.063572
0.060501
0.025123
0.078969
0.031392
0.023622
0.032317
0.063216
0.027339
0.028993
0.069933
0.033949
0.033447
0.071374
0.025962
0.027833
0.029417
0.030772
0.022995
0.022559
0.024562
0.024829
0.028191
0.024516
0.065432
0.028138
0.025975
0.070478
0.029501
0.062659
0.020116
0.021293
0.023077
0.020384
0.056761
0.061917
0.070439
0.065044
0.068863
0.061185
0.02185
0.022166
0.022382
0.030692
0.068192
0.029212
0.064988
0.069275
0.029731
0.067363
0.02272
0.038645
0.071178
0.062431
0.058831
0.079753
0.067587
0.030937
0.063942
0.078951
0.063058
0.067374
0.077947
0.073661
0.042702
0.073824
0.074217
0.085243
0.03966
0.032585
0.078405
0.067222
0.051063
0.028947
0.04035
0.037464
0.029896
0.029396
0.043453
0.031412
0.063476
0.070335
0.038272
0.03172
0.068635
0.066438
0.028027
0.036312
0.037725
0.032504
0.03237
0.035464
0.030223
0.03652
0.031574
0.035663
0.035757
0.050391
0.036725
0.034932
0.034427
0.083861
0.037546
0.050446
0.051074
0.041655
0.036163
0.038876
0.037665
0.030916
0.038214
0.037566
0.036817
0.03415
0.036537
0.070705
0.06741
0.077925
0.062489
0.076528
0.073483
0.026211
0.098309
0.059884
0.078316
0.081266
0.031813
0.039675
0.051867
0.039672
0.047894
0.072226
0.040094
0.077938
0.078866
0.046875
0.027492
0.030888
0.033605
0.036015
0.044365
0.037173
0.07148
0.035044
0.055268
0.080803
0.06771
0.092639
0.031025
0.033815
0.046243
0.029048
0.033301
0.032828
0.034291
0.029995
0.068912
0.076872
0.073236
0.075022
0.028399
0.024951
0.026821
0.030839
0.03192
0.028371
0.021733
0.023354
0.032254
0.037062
0.029513
0.032783
0.022641
0.024714
0.023246
0.021765
0.029716
0.021509
0.020305
0.024415
0.035072
0.027338
0.017024
0.016711
0.02979
0.019199
0.025953
0.020523
0.051688
0.063926
0.069719
0.056453
0.06103
0.060286
0.055266
0.060807
0.067688
0.069492
0.053529
0.016818
0.055559
0.058177
0.059781
0.058208
0.056762
0.056723
0.065117
0.060775
0.062637
0.056047
0.058466
0.060012
0.052213
0.054929
0.065171
0.023749
0.027375
0.024361
0.036762
0.027672
0.026816
0.028944
0.030971
0.070773
0.027654
0.062007
0.059377
0.069992
0.019005
0.026781
0.03092
0.030105
0.021425
0.022025
0.02206
0.024198
0.01969
0.018226
0.017335
0.062112
0.058232
0.068089
0.072141
0.02129
0.019698
0.01838
0.032653
0.02594
0.023897
0.0293
0.019661
0.019471
0.02006
0.029625
0.029583
0.027286
0.022705
0.06379
0.069882
0.066386
0.064045
0.070876
0.068908
0.061126
0.064513
0.064125
0.068414
0.058991
0.060202
0.057294
0.063555
0.066294
0.062469
0.031206
0.025715
0.033437
0.030806
0.025743
0.066692