
1.58463e+09
0.186469
0.03968
0.027182
0.022164
0.040817
0.029834
0.029589
0.027113
0.02595
0.033395
0.040871
0.028834
0.041785
0.026753
0.03132
0.036265
0.031615
0.027193
0.059099
0.034271
0.062056
0.048063
0.0377
0.04197
0.036363
0.06107
0.040551
0.036806
0.030157
0.053393
0.03421
0.037357
0.030089
0.033145
0.045752
0.028077
0.056162
0.04684
0.043148
0.033252
0.047638
0.032881
0.048972
0.029537
0.031572
0.037973
0.037074
0.035262
0.040456
0.065947
0.047618
0.046366
0.11878
0.076628
0.072336
0.102038
0.063903
0.058189
0.068896
0.034024
0.042107
0.037018
0.032239
0.037613
0.037406
0.047506
0.054079
0.042557
0.079634
0.035619
0.043478
0.076073
0.048173
0.045953
0.04099
0.048725
0.051395
0.066255
0.05454
0.041766
0.068555
0.055674
0.050154
0.037312
0.053547
0.092149
0.053807
0.051074
0.056568
0.041213
0.057516
0.046646
0.044785
0.073027
0.053157
0.058558
0.084159
0.052104
0.040341
1.09106
0.041547
0.047781
0.042157
0.044131
0.024759
0.024972
0.051701
0.037335
0.022401
0.033546
0.043938
0.02143
0.02753
0.051332
0.029568
0.026196
0.022334
0.031382
0.015116
0.037014
0.015315
0.037528
0.020184
0.034483
0.029547
0.026618
0.023348
0.018486
0.029166
0.051827
0.024153
0.027777
0.056868
0.027015
0.032332
0.018499
0.04362
0.02374
0.0588
0.022397
0.027886
0.033614
0.030545
0.26393
0.06988
0.092749
0.081878
0.062294
0.063648
0.084046
0.07732
0.090587
0.3034
0.086054
0.075497
0.106936
0.080777
0.081711
0.144864
0.418042
0.107301
0.099465
0.066835
0.077643
0.079738
0.077903
0.085588
0.326687
0.073205
0.074792
0.084584
0.072806
0.091509
0.07027
0.077384
0.072891
0.065998
0.258487
0.092327
0.06777
0.089591
0.063152
0.068059
0.072104
0.09023
0.063587
0.119166
0.285098
0.070517
0.064661
0.07801
0.098335
0.092445
0.074789
0.061518
0.091787
0.125152
0.323737
0.065363
0.089184
0.089148
0.060528
0.060683
0.072148
0.102248
0.085266
0.372012
0.123782
0.070891
0.09452
0.08595
0.072897
0.09235
0.124604
0.363219
0.103584
0.060832
0.065876
0.09111
0.068914
0.066037
0.094048
0.064363
0.297839
0.064819
0.064236
0.067075
0.061878
0.081222
0.086057
0.086914
0.094069
0.091453
0.283998
0.106778
0.06901
0.061377
0.072257
0.06339
0.060174
0.059632
0.110911
0.066966
0.070482
0.371788
0.087824
0.084108
0.079383
0.10445
0.147793
0.0974
0.395475
0.191355
0.150481
0.093825
0.087375
0.115595
0.40396
0.116477
0.076831
0.066484
0.09783
0.08551
0.098324
0.379829
0.138024
0.076396
0.063931
0.103179
0.078399
0.068846
0.118379
0.286086
0.083162
0.073463
0.075268
0.093794
0.064161
0.070654
0.059249
0.072231
0.076927
0.27551
0.085826
0.077439
0.067974
0.060275
0.062159
0.072287
0.070943
0.100523
0.085181
0.073931
0.349275
0.091383
0.064213
0.092327
0.104587
0.060702
0.085779
0.069029
0.094602
0.315754
0.137782
0.101311
0.096174
0.101458
0.093517
0.108364
0.415836
0.099667
0.083363
0.09065
0.108397
0.065094
0.103659
0.109796
0.320767
0.064731
0.109643
0.158097
0.083266
0.070808
0.065234
0.071281
0.069641
0.290128
0.086543
0.065252
0.060539
0.095301
0.139217
0.096518
0.065998
0.098069
0.29566
0.089458
0.102179
0.098919
0.090298
0.091477
0.108896
0.102231
0.31008
0.062483
0.075913
0.086295
0.068923
0.081073
0.076201
0.176771
0.092013
0.356188
0.097308
0.067284
0.063655
0.093171
0.110395
0.093211
0.07521
0.290672
0.06226
0.065006
0.064422
0.100675
0.070267
0.076788
0.066733
0.093127
0.058101
0.292113
0.087594
0.072993
0.070347
0.089093
0.066969
0.102612
0.087895
0.095509
0.082359
0.26911
0.078896
0.092153
0.093401
0.088311
0.088469
0.085007
0.066559
0.069183
0.059751
0.341812
0.078993
0.112029
0.088071
0.059047
0.068648
0.089537
0.118064
0.375299
0.072067
0.144671
0.089991
0.095541
0.070909
0.065869
0.077293
0.073934
0.283805
0.063136
0.066993
0.079893
0.063452
0.068306
0.074423
0.061025
0.064217
0.066225
0.064036
0.064825
0.235501
0.063802
0.056228
0.080034
0.078531
0.075328
0.069265
0.078737
0.059325
0.08157
0.105745
0.289916
0.157211
0.202283
0.124181
0.085394
0.103406
0.284185
0.074766
0.06778
0.071031
0.077755
0.098014
0.085374
0.108124
0.096353
0.081016
0.286692
0.084261
0.067807
0.06984
0.082852
0.128635
0.118236
0.091785
0.076669
0.326298
0.105524
0.12003
0.114136
0.079958
0.098336
0.128078
0.271041
0.084281
0.099616
0.068898
0.1196
0.079046
0.077599
0.062463
0.06263
0.109566
0.341194
0.089801
0.075951
0.077733
0.098626
0.089819
0.095909
0.068236
0.306152
0.081227
0.072874
0.067486
0.117849
0.169163
0.214882
0.370703
0.096991
0.126567
0.116112
0.1162
0.114688
0.516403
0.18733
0.164634
0.54627
0.106981
0.099696
0.080227
0.127206
0.127749
0.129802
0.313478
0.101799
0.07348
0.085562
0.1336
0.094417
0.100786
0.347609
0.10034
0.08927
0.072328
0.109599
0.07737
0.068414
0.093386
0.083061
0.301498
0.076378
0.097973
0.081598
0.080209
0.092022
0.113646
0.089138
0.114347
0.320379
0.076705
0.090886
0.121984
0.086433
0.085524
0.073146
0.105261
0.289008
0.077152
0.079216
0.085577
0.092556
0.065849
0.068578
0.108428
0.169848
0.330324
0.078791
0.091413
0.074794
0.063454
0.059549
0.066394
0.066971
0.078242
0.055598
0.284034
0.061423
0.067024
0.066719
0.08229
0.083455
0.071177
0.056748
0.083829
0.08534
0.06811
0.218327
0.091641
0.052448
0.062737
0.060358
0.090007
0.060081
0.060083
0.059751
0.060818
0.057247
0.068487
0.086558
0.263907
0.087273
0.062905
0.081944
0.071481
0.065258
0.070397
0.065915
0.093098
0.123716
0.244907
0.081384
0.072941
0.053937
0.066369
0.069739
0.083628
0.059019
0.062867
0.064146
0.085253
0.060043
0.241806
0.107969
0.082024
0.066525
0.07084
0.070352
0.061478
0.087312
0.059931
0.06194
0.06506
0.277407
0.068942
0.065497
0.088975
0.064366
0.059563
0.0553
0.057199
0.076582
0.064587
0.063395
0.054356
0.292341
0.057313
0.059248
0.056522
0.057871
0.063101
0.071462
0.055482
0.065875
0.057845
0.103324
0.073762
0.265583
0.056496
0.08141
0.083826
0.058564
0.065193
0.056495
0.055465
0.069832
0.055004
0.079035
0.058022
0.242372
0.069632
0.067829
0.080636
0.057459
0.062426
0.060472
0.065068
0.061384
0.058455
0.071619
0.083165
0.063244
0.255005
0.051962
0.055845
0.067819
0.079387
0.072408
0.056433
0.101318
0.11767
0.116227
0.277424
0.058467
0.067646
0.057191
0.075455
0.064942
0.054198
0.061195
0.066857
0.0546
0.066715
0.062445
0.260077
0.062637
0.059236
0.057686
0.06465
0.057607
0.058716
0.058518
0.057693
0.061698
0.091142
0.064258
0.081445
0.233185
0.071055
0.072026
0.060066
0.067086
0.063945
0.058109
0.06564
0.068216
0.065911
0.098377
0.072106
0.228344
0.062404
0.057642
0.059035
0.067878
0.097984
0.060452
0.090786
0.082293
0.067914
0.083532
0.326704
0.094956
0.068995
0.090489
0.073479
0.081019
0.119722
0.141621
0.42571
0.078581
0.071235
0.117056
0.067041
0.100358
0.094424
0.076954
0.26414
0.125021
0.100966
0.134411
0.169078
0.099172
0.101905
0.390617
0.093159
0.088528
0.092504
0.090183
0.069249
0.083998
0.070474
0.060217
0.242581
0.080869
0.067062
0.098263
0.091311
0.127166
0.117894
0.083013
0.106317
0.332119
0.073055
0.089567
0.098801
0.101116
0.07257
0.087557
0.07195
0.067803
0.264554
0.064479
0.079952
0.076615
0.056018
0.07961
0.072545
0.062343
0.062096
0.112789
0.063652
0.229045
0.063458
0.076604
0.087596
0.061134
0.060554
0.062222
0.067675
0.054983
0.077402
0.088682
0.057827
0.385886
0.072982
0.062318
0.058493
0.065151
0.065869
0.058857
0.062379
0.068397
0.063203
0.256011
0.06279
0.052287
0.054561
0.060542
0.06939
0.055149
0.053566
0.056715
0.055366
0.079553
0.074726
0.064969
0.23857
0.063507
0.075012
0.052147
0.06053
0.053843
0.063199
0.077851
0.058644
0.056034
0.08463
0.065668
0.088365
0.242166
0.058911
0.05952
0.070151
0.066346
0.065991
0.058928
0.0838
0.082747
0.0587
0.059698
0.059009
0.060494
0.232074
0.059531
0.066638
0.057827
0.056728
0.056354
0.056537
0.062956
0.077118
0.055132
0.073703
0.072586
0.058695
0.252189
0.058066
0.094505
0.120901
0.123445
0.066979
0.084681
0.08143
0.068814
0.064844
0.237222
0.059413
0.061879
0.061044
0.058068
0.071899
0.075036
0.055465
0.066166
0.084992
0.077326
0.059559
0.225224
0.067628
0.053294
0.056388
0.070053
0.052527
0.075123
0.083049
0.053537
0.085907
0.089952
0.062846
0.223782
0.059494
0.056192
0.07298
0.06572
0.067327
0.059815
0.064416
0.056932
0.06183
0.056477
0.095639
0.061218
0.052064
0.234144
0.054747
0.060637
0.06777
0.054897
0.063453
0.05648
0.08754
0.058463
0.055671
0.075911
0.075603
0.233293
0.074921
0.063231
0.061368
0.054921
0.054071
0.059763
0.059477
0.055191
0.052231
0.059247
0.076088
0.064321
0.060015
0.23844
0.053015
0.058983
0.051889
0.061758
0.061121
0.068712
0.066401
0.060066
0.067387
0.067403
0.066518
0.064438
0.230773
0.069561
0.052536
0.072202
0.065194
0.054947
0.06896
0.063581
0.072068
0.059587
0.082418
0.071632
0.052295
0.258589
0.051494
0.058659
0.055344
0.05726
0.054062
0.056183
0.054579
0.082221
0.058699
0.056023
0.056631
0.063284
0.061707
0.227316
0.063668
0.060228
0.069645
0.056436
0.078865
0.06193
0.05525
0.057345
0.062987
0.065272
0.063959
0.264622
0.067782
0.05678
0.080111
0.079448
0.054386
0.081309
0.053426
0.05914
0.055429
0.05671
0.062331
0.058868
0.252841
0.078254
0.059772
0.06388
0.057788
0.053989
0.057664
0.068267
0.070181
0.05949
0.062631
0.057003
0.088651
0.356734
0.06336
0.062519
0.067134
0.062302
0.06568
0.062178
0.060646
0.098145
0.056889
0.240302
0.058232
0.057806
0.069622
0.060947
0.055158
0.073931
0.071948
0.055405
0.06796
0.052959
0.068201
0.0545
0.058036
0.235272
0.053572
0.057873
0.07169
0.064532
0.054592
0.062277
0.053966
0.054749
0.068085
0.063018
0.05923
0.071998
0.237193
0.086485
0.052828
0.064854
0.075267
0.056815
0.07218
0.064746
0.08193
0.076238
0.065287
0.065398
0.214087
0.066557
0.070035
0.053748
0.059397
0.063434
0.052621
0.072361
0.05732
0.060926
0.055139
0.059829
0.069087
0.058185
0.263237
0.06215
0.094142
0.092002
0.097228
0.093266
0.060055
0.055769
0.098334
0.083378
0.258137
0.066307
0.059156
0.06744
0.05855
0.060006
0.063166
0.057947
0.054082
0.057198
0.051868
0.062383
0.05622
0.060752
0.232225
0.060272
0.065732
0.055496
0.061948
0.053104
0.072491
0.057621
0.056301
0.069123
0.06207
0.065256
0.061097
0.261603
0.07051
0.058608
0.059544
0.079517
0.064155
0.063986
0.065077
0.057419
0.052053
0.072903
0.06916
0.080599
0.061956
0.078844
0.211277
0.08403
0.056334
0.053063
0.055702
0.063709
0.056824
0.054269
0.067002
0.077633
0.050457
0.059246
0.060695
0.080204
0.080907
0.060068
0.24118
0.061643
0.059093
0.053828
0.049774
0.063071
0.07958
0.079364
0.07587
0.056219
0.057741
0.056256
0.058657
0.068306
0.056806
0.053391
0.056943
0.238614
0.07225
0.069423
0.072246
0.100826
0.095661
0.073987
0.064335
0.06855
0.073888
0.058137
0.07402
0.081637
0.067038
0.231639
0.056702
0.04965
0.055908
0.051228
0.057342
0.052254
0.082351
0.063952
0.055745
0.05732
0.056855
0.059681
0.05865
0.053451
0.069369
0.078799
0.225324
0.05477
0.077999
0.066151
0.058509
0.065783
0.080922
0.062804
0.05512
0.068838
0.064435
0.052905
0.074278
0.075389
0.07051
0.06065
0.230075
0.052937
0.056504
0.060133
0.080567
0.054217
0.061835
0.065008
0.107655
0.053855
0.074824
0.05804
0.081095
0.053074
0.053935
0.069001
0.216284
0.067518
0.054585
0.077159
0.075375
0.065514
0.056614
0.062929
0.051782
0.059407
0.101301
0.119748
0.085394
0.076784
0.242515
0.08658
0.075504
0.062769
0.057191
0.064447
0.074473
0.060979
0.057693
0.083966
0.060919
0.064184
0.055339
0.057928
0.066563
0.248197
0.075734
0.054138
0.0564
0.066093
0.052982
0.05806
0.083086
0.062789
0.075099
0.078022
0.059613
0.059323
0.062896
0.06991
0.075397
0.24509
0.07458
0.056911
0.078814
0.056231
0.0773
0.068036
0.063592
0.063622
0.057125
0.060534
0.073141
0.054428
0.058327
0.063016
0.064436
0.221849
0.055615
0.058631
0.05423
0.064314
0.051498
0.07935
0.054342
0.066013
0.05875
0.058757
0.062576
0.051312
0.059229
0.052287
0.055383
0.063625
0.270252
0.093433
0.081178
0.09932
0.06864
0.062019
0.076305
0.082219
0.059841
0.07171
0.066188
0.063925
0.053222
0.064788
0.218912
0.064072
0.05372
0.069836
0.066949
0.063749
0.086626
0.070154
0.052624
0.077384
0.079459
0.076822
0.058153
0.078873
0.06311
0.227875
0.05367
0.069889
0.097041
0.086615
0.060453
0.049196
0.057394
0.063512
0.083241
0.054937
0.055733
0.063269
0.065219
0.056628
0.058901
0.237225
0.063473
0.053201
0.077637
0.071708
0.068791
0.060188
0.060007
0.075839
0.055767
0.07571
0.104483
0.051428
0.066302
0.056231
0.071038
0.231785
0.051196
0.052105
0.070189
0.058571
0.060588
0.052878
0.07745
0.064163
0.092418
0.127114
0.100593
0.068514
0.079113
0.24571
0.063708
0.070473
0.068264
0.077085
0.078772
0.074664
0.050808
0.06307
0.05536
0.056108
0.057234
0.054549
0.06791
0.053348
0.053301
0.217964
0.07952
0.065971
0.049363
0.06523
0.051371
0.06365
0.057136
0.055805
0.06707
0.058147
0.059249
0.054636
0.075409
0.055409
0.074985
0.055593
0.261082
0.052347
0.055986
0.055587
0.058024
0.057963
0.052796
0.087448
0.056993
0.060956
0.058526
0.074218
0.064128
0.070995
0.068779
0.055185
0.227692
0.066537
0.056563
0.063932
0.059421
0.064328
0.057786
0.056667
0.078041
0.078588
0.065774
0.089483
0.059924
0.057097
0.054801
0.05425
0.319099
0.097739
0.060471
0.058498
0.063516
0.077787
0.056739
0.054094
0.096339
0.073627
0.052232
0.056073
0.054111
0.082645
0.220151
0.055478
0.050147
0.067259
0.051865
0.077893
0.062265
0.056975
0.060841
0.055769
0.056407
0.057046
0.050605
0.055989
0.055954
0.076864
0.066919
0.232294
0.094301
0.070577
0.052805
0.053074
0.059387
0.067702
0.055095
0.057234
0.059532
0.053606
0.082139
0.066845
0.082668
0.053084
0.056271
0.053782
0.253969
0.070207
0.0619
0.058187
0.059614
0.080238
0.088797
0.053975
0.061084
0.062928
0.053108
0.061449
0.059727
0.089518
0.053115
0.215889
0.077804
0.06012
0.054914
0.077762
0.053123
0.072994
0.073943
0.072862
0.08341
0.142707
0.069242
0.058988
0.082922
0.263707
0.091155
0.0982
0.06539
0.054387
0.062175
0.07001
0.095639
0.051323
0.052498
0.058676
0.08498
0.060731
0.05556
0.055933
0.212037
0.05757
0.059308
0.052556
0.052672
0.097915
0.053497
0.066928
0.058697
0.05884
0.070032
0.054843
0.054373
0.057505
0.057074
0.060573
0.056955
0.210551
0.060803
0.079375
0.056815
0.060278
0.061263
0.062072
0.057584
0.062427
0.056999
0.086602
0.053178
0.053205
0.058658
0.05672
0.058177
0.081536
0.233988
0.056027
0.050744
0.054495
0.067414
0.068079
0.054873
0.063904
0.060381
0.061713
0.075189
0.053224
0.06678
0.056751
0.067732
0.089805
0.327879
0.08281
0.058107
0.055402
0.076593
0.065327
0.056502
0.051153
0.053909
0.078429
0.070734
0.054292
0.077044
0.057397
0.235098
0.07371
0.068481
0.05903
0.054266
0.062949
0.082481
0.057144
0.059302
0.06768
0.053428
0.060799
0.0525
0.081189
0.071559
0.077921
0.052644
0.21645
0.075005
0.053974
0.062417
0.090244
0.066102
0.060297
0.05653
0.072928
0.057802
0.082742
0.065912
0.080941
0.054882
0.057534
0.223475
0.068644
0.056542
0.059869
0.058531
0.062431
0.066185
0.069339
0.057829
0.056532
0.095337
0.058161
0.071778
0.05876
0.068329
0.053744
0.055453
0.247004
0.051043
0.050769
0.058794
0.058295
0.12149
0.088049
0.108323
0.067184
0.061227
0.065728
0.093181
0.067062
0.247221
0.059589
0.05295
0.056286
0.053035
0.07814
0.052309
0.078809
0.054029
0.052889
0.067412
0.065034
0.082335
0.057772
0.079955
0.078885
0.216471
0.082018
0.051997
0.056977
0.054578
0.058571
0.05274
0.058009
0.070678
0.076386
0.074971
0.065454
0.063214
0.060211
0.0681
0.062604
0.080324
0.215144
0.069354
0.062214
0.069044
0.072723
0.05964
0.061491
0.07406
0.078565
0.056034
0.06154
0.053149
0.056712
0.05834
0.060052
0.077681
0.217178
0.080452
0.067642
0.055321
0.082848
0.06321
0.075896
0.06301
0.056765
0.058548
0.063189
0.059348
0.090482
0.078334
0.065502
0.273718
0.055521
0.054671
0.053809
0.058714
0.066805
0.054214
0.081215
0.060717
0.074853
0.076135
0.054686
0.060331
0.062373
0.056301
0.055039
0.230338
0.051918
0.058494
0.055754
0.062251
0.073755
0.067951
0.051313
0.057421
0.058062
0.068524
0.066585
0.073905
0.076504
0.064794
0.071579
0.225139
0.065179
0.055007
0.083352
0.055208
0.087541
0.075983
0.07164
0.062719
0.057141
0.081203
0.06013
0.054798
0.057417
0.053099
0.058686
0.219236
0.064612
0.049597
0.05655
0.058696
0.077053
0.076376
0.069546
0.073583
0.055899
0.062617
0.057611
0.057474
0.066753
0.057549
0.067044
0.068808
0.225163
0.064022
0.125689
0.095136
0.103263
0.070979
0.084705
0.110973
0.053623
0.062536
0.061874
0.069043
0.055782
0.254687
0.072403
0.067707
0.07953
0.05652
0.053382
0.06238
0.071229
0.110067
0.081603
0.084164
0.083168
0.059693
0.063104
0.238134
0.059164
0.055875
0.06469
0.053486
0.050931
0.065052
0.078644
0.056675
0.053826
0.056571
0.066544
0.065072
0.059132
0.064048
0.067224
0.055138
0.242901
0.056243
0.068184
0.050424
0.087168
0.058707
0.053883
0.067545
0.068984
0.055087
0.06741
0.057847
0.054301
0.079673
0.055146
0.058893
0.237866
0.060495
0.063845
0.060426
0.074305
0.087191
0.053173
0.067811
0.090045
0.061642
0.072006
0.056582
0.062316
0.057179
0.097482
0.310915
0.079544
0.083627
0.071747
0.073778
0.074328
0.076647
0.09626
0.055932
0.05808
0.069656
0.06599
0.06616
0.25285
0.059794
0.053021
0.05794
0.056894
0.059976
0.059528
0.060687
0.077062
0.076887
0.080849
0.052618
0.056227
0.06915
0.062832
0.059103
0.25028
0.058112
0.069826
0.051989
0.060982
0.050305
0.056716
0.056071
0.06223
0.053646
0.056141
0.070248
0.069957
0.053719
0.052052
0.064833
0.078537
0.250211
0.059313
0.065373
0.053084
0.06888
0.082355
0.061691
0.097516
0.078221
0.060854
0.052757
0.060503
0.060444
0.06152
0.064096
0.243571
0.064715
0.049235
0.055455
0.054994
0.070859
0.072375
0.055329
0.059327
0.060733
0.055096
0.072544
0.054456
0.055763
0.062536
0.071426
0.055638
0.202668
0.069498
0.058102
0.098293
0.102088
0.099129
0.104345
0.063739
0.057902
0.061205
0.060797
0.073575
0.063755
0.065141
0.058035
0.240211
0.063369
0.081558
0.054561
0.055754
0.06199
0.060273
0.07177
0.060753
0.053626
0.063959
0.05074
0.06938
0.086645
0.074408
0.255781
0.061907
0.085497
0.088409
0.062262
0.067298
0.054214
0.055228
0.050496
0.05753
0.084922
0.057791
0.055912
0.083702
0.054489
0.062922
0.219432
0.064506
0.064798
0.049304
0.054774
0.072216
0.055404
0.056739
0.077512
0.068958
0.050837
0.050959
0.053258
0.054733
0.05638
0.055804
0.057272
0.211538
0.065931
0.055151
0.054151
0.057853
0.079919
0.059072
0.091474
0.060452
0.064276
0.062839
0.070966
0.077323
0.087203
0.075819
0.063453
0.209915
0.076582
0.059519
0.07183
0.065805
0.053834
0.0737
0.06409
0.053705
0.055603
0.061255
0.063585
0.054564
0.059257
0.067436
0.051153
0.262469
0.06854
0.053652
0.070248
0.06209
0.05179
0.078588
0.085453
0.073776
0.055316
0.06616
0.057635
0.061984
0.089751
0.068741
0.056218
0.241656
0.053695
0.052822
0.081218
0.069043
0.059837
0.059358
0.055429
0.052646
0.064689
0.07139
0.10982
0.070061
0.091305
0.066533
0.258737
0.060911
0.064699
0.058956
0.054859
0.080675
0.064903
0.055452
0.079634
0.08682
0.054797
0.080702
0.063123
0.050717
0.053386
0.228774
0.069319
0.052891
0.060296
0.051442
0.073367
0.066807
0.052726
0.081963
0.058839
0.056819
0.084262
0.065284
0.062653
0.074464
0.059884
0.228545
0.065445
0.079732
0.058803
0.078508
0.074743
0.06314
0.082649
0.056405
0.059616
0.075078
0.054049
0.081147
0.107629
0.340681
0.065831
0.106145
0.058806
0.056238
0.056
0.056007
0.083234
0.075094
0.074499
0.114593
0.07962
0.106045
0.239517
0.06865
0.097181
0.070669
0.061489
0.105162
0.063459
0.06819
0.081142
0.114239
0.074024
0.075026
0.071018
0.308921
0.063008
0.069016
0.087091
0.099593
0.120904
0.088613
0.061646
0.075886
0.06848
0.058083
0.069134
0.257274
0.060009
0.050067
0.069736
0.077508
0.115694
0.066611
0.051021
0.064291
0.101479
0.09335
0.074053
0.056679
0.063843
0.247223
0.09694
0.075752
0.054146
0.062914
0.082881
0.066575
0.06463
0.082858
0.098022
0.112173
0.086659
0.09276
0.397024
0.106027
0.137498
0.075846
0.111817
0.206357
0.125056
0.316953
0.09009
0.086792
0.111803
0.110499
0.053083
0.065625
0.116949
0.108973
0.081233
0.093623
0.279484
0.061224
0.064824
0.060348
0.062765
0.081717
0.100666
0.101296
0.078707
0.059404
0.067303
0.05771
0.063769
0.087502
0.272695
0.076981
0.082066
0.084966
0.069618
0.080198
0.065865
0.082632
0.084095
0.058948
0.090302
0.080407
0.071571
0.355478
0.098382
0.111938
0.074654
0.059289
0.07719
0.08054
0.073085
0.086826
0.064439
0.103728
0.367088
0.07856
0.08517
0.085807
0.092387
0.089788
0.128851
0.109935
0.123285
0.394346
0.10186
0.091624
0.094808
0.125574
0.05774
0.071125
0.098501
0.092038
0.091922
0.250482
0.069922
0.10303
0.077845
0.086562
0.117588
0.147679
0.099086
0.109883
0.06908
0.05549
0.353456
0.106417
0.14368
0.052347
0.059354
0.066511
0.052752
0.074512
0.056147
0.060209
0.081604
0.074213
0.060005
0.213665
0.069909
0.067954
0.052355
0.074222
0.053423
0.062021
0.057047
0.051081
0.05656
0.06344
0.053738
0.063784
0.055828
0.066117
0.063142
0.081411
0.341858
0.083956
0.061467
0.060973
0.053229
0.082912
0.067247
0.05696
0.058451
0.057042
0.059175
0.066539
0.066195
0.053834
0.255368
0.056704
0.050847
0.076686
0.069961
0.052375
0.066613
0.078581
0.054403
0.063612
0.06164
0.081484
0.068849
0.084704
0.064677
0.207794
0.059776
0.082302
0.060838
0.060677
0.081772
0.07829
0.071337
0.074841
0.056935
0.060698
0.05902
0.061549
0.055651
0.053991
0.078851
0.243319
0.073988
0.050398
0.055584
0.07196
0.06057
0.065321
0.096628
0.082284
0.05515
0.055366
0.052497
0.056128
0.062302
0.079239
0.062855
0.220334
0.073975
0.065393
0.052185
0.053201
0.086277
0.102786
0.110909
0.095129
0.064775
0.068153
0.076909
0.054113
0.078167
0.236275
0.05337
0.05662
0.054338
0.095679
0.122474
0.088532
0.064005
0.060896
0.065521
0.058608
0.073209
0.074451
0.058899
0.292592
0.057505
0.056296
0.057587
0.051243
0.057913
0.053557
0.065327
0.053329
0.080221
0.07948
0.079593
0.061672
0.055752
0.057024
0.056172
0.214943
0.0616
0.063389
0.063969
0.059792
0.060961
0.057299
0.060834
0.067844
0.072368
0.08823
0.060504
0.065916
0.067167
0.056832
0.07039
0.228198
0.060235
0.073541
0.052201
0.091161
0.059742
0.056152
0.074449
0.077916
0.068382
0.058628
0.050866
0.058532
0.068249
0.086812
0.087747
0.324986
0.054098
0.064062
0.073928
0.061929
0.064554
0.049611
0.076957
0.060209
0.076267
0.05431
0.061484
0.065314
0.057704
0.245701
0.060971
0.057633
0.052877
0.05572
0.052348
0.075697
0.057558
0.055149
0.052823
0.061371
0.059665
0.05291
0.055886
0.067582
0.051759
0.069133
0.237232
0.054255
0.073057
0.054201
0.091551
0.061866
0.055582
0.082734
0.068682
0.061307
0.076894
0.085982
0.073834
0.083024
0.056025
0.209242
0.088776
0.061741
0.055496
0.061184
0.070012
0.06851
0.095342
0.060932
0.054736
0.084114
0.055888
0.077656
0.065836
0.082013
0.221049
0.060231
0.073404
0.063492
0.093251
0.066404
0.093621
0.116307
0.059557
0.056545
0.088241
0.063306
0.067633
0.068503
0.053908
0.218844
0.081795
0.068549
0.056399
0.08306
0.05793
0.05302
0.053591
0.077606
0.060496
0.059164
0.056018
0.060078
0.062125
0.057278
0.055979
0.227669
0.061232
0.064605
0.05401
0.061255
0.082314
0.056798
0.080083
0.053439
0.054287
0.063752
0.055156
0.058416
0.063846
0.076633
0.089588
0.233113
0.065611
0.053493
0.061757
0.061956
0.057894
0.058836
0.050772
0.064933
0.05764
0.082105
0.083896
0.088184
0.057945
0.055587
0.059189
0.218432
0.083295
0.048729
0.070145
0.057897
0.067772
0.082379
0.070575
0.072842
0.058162
0.053616
0.057835
0.057942
0.07969
0.090809
0.276169
0.065191
0.057672
0.06548
0.062804
0.067048
0.056924
0.052825
0.057386
0.079805
0.055997
0.072472
0.066343
0.061542
0.05465
0.054087
0.053946
0.23395
0.085046
0.058019
0.07631
0.070839
0.057138
0.053678
0.05724
0.068954
0.055576
0.065213
0.054177
0.06273
0.061837
0.057817
0.054326
0.248181
0.07887
0.079643
0.055755
0.076347
0.082786
0.078573
0.067068
0.060111
0.068658
0.056857
0.074326
0.068996
0.074781
0.059649
0.224257
0.07443
0.075445
0.057087
0.060679
0.055401
0.061545
0.082257
0.076577
0.075031
0.072513
0.083748
0.073544
0.076205
0.339823
0.072382
0.070415
0.115764
0.091928
0.08276
0.060323
0.055045
0.075239
0.061343
0.065681
0.081782
0.056231
0.22319
0.059157
0.055937
0.0632
0.082863
0.062465
0.065665
0.055919
0.056956
0.063247
0.053615
0.054228
0.059785
0.054
0.057522
0.066456
0.085468
0.227652
0.061435
0.095186
0.05204
0.057425
0.058347
0.060256
0.059072
0.058018
0.056403
0.059537
0.055032
0.081718
0.05183
0.067011
0.057787
0.053356
0.235226
0.057264
0.074661
0.063175
0.054911
0.054219
0.055091
0.064792
0.05775
0.056723
0.057407
0.054681
0.053373
0.054447
0.07259
0.070958
0.054182
0.240296
0.061948
0.060643
0.052412
0.057009
0.056379
0.059604
0.053903
0.06305
0.071078
0.065159
0.103876
0.106832
0.104787
0.054237
0.246475
0.056809
0.063449
0.06888
0.057421
0.05762
0.057085
0.066188
0.076242
0.056986
0.057809
0.079415
0.05672
0.061832
0.051539
0.057611
0.219692
0.064355
0.062635
0.0654
0.066946
0.074123
0.059947
0.05892
0.082721
0.065366
0.070293
0.060577
0.055111
0.058708
0.060885
0.061502
0.218704
0.063737
0.084376
0.058679
0.06191
0.05439
0.07774
0.059662
0.055528
0.056798
0.054382
0.059012
0.054805
0.056613
0.054237
0.075004
0.061677
0.241801
0.060126
0.055745
0.061038
0.063736
0.072212
0.058796
0.073354
0.051673
0.07791
0.05146
0.084648
0.071837
0.07211
0.067071
0.059983
0.29165
0.080263
0.066814
0.066976
0.068168
0.057829
0.064297
0.064174
0.072327
0.064337
0.062631
0.055916
0.054134
0.056235
0.056464
0.212695
0.059223
0.076631
0.061613
0.054383
0.061673
0.063339
0.053052
0.070762
0.064385
0.06428
0.074069
0.0629
0.05295
0.064229
0.05891
0.054762
0.243117
0.064419
0.076034
0.088556
0.072823
0.053751
0.053119
0.067728
0.067083
0.054118
0.064093
0.06955
0.057638
0.086814
0.058753
0.220259
0.079436
0.067331
0.062476
0.064853
0.073854
0.064084
0.062329
0.052179
0.077273
0.062421
0.053707
0.085402
0.053473
0.055473
0.05854
0.25491
0.057633
0.066064
0.077802
0.056418
0.057023
0.05812
0.083574
0.125135
0.097793
0.089636
0.076693
0.070278
0.063358
0.23337
0.064956
0.057648
0.051636
0.05609
0.055433
0.074113
0.056254
0.055625
0.073479
0.055647
0.087874
0.084413
0.062467
0.058357
0.080612
0.23294
0.074606
0.072476
0.075864
0.075491
0.056713
0.065431
0.064411
0.085407
0.054832
0.059039
0.073021
0.056005
0.054331
0.06857
0.22051
0.066226
0.068652
0.063507
0.084696
0.06292
0.062561
0.059755
0.056838
0.055157
0.054783
0.064675
0.077055
0.070836
0.05556
0.078995
0.220142
0.067382
0.091494
0.057904
0.054732
0.057562
0.056899
0.052484
0.067981
0.055636
0.054394
0.066509
0.051508
0.053987
0.077406
0.052117
0.058615
0.401948
0.067116
0.10479
0.085212
0.077746
0.097072
0.055913
0.058293
0.061776
0.07452
0.095935
0.0553
0.220703
0.053913
0.052279
0.058058
0.06552
0.061017
0.079796
0.056506
0.051683
0.068747
0.065688
0.080511
0.059968
0.053213
0.058116
0.061545
0.212498
0.086408
0.063195
0.057659
0.05223
0.072068
0.059318
0.055344
0.063697
0.084548
0.060815
0.060067
0.060794
0.056651
0.055108
0.051796
0.077984
0.221574
0.053775
0.058052
0.051262
0.053983
0.07595
0.070441
0.051983
0.075758
0.078598
0.07605
0.051889
0.069366
0.076683
0.054462
0.056418
0.227113
0.076668
0.06863
0.057404
0.063386
0.055742
0.125637
0.080864
0.094443
0.07214
0.059084
0.058365
0.058949
0.051022
0.058218
0.244438
0.053789
0.053898
0.069416
0.055599
0.066044
0.054146
0.062567
0.074437
0.076933
0.054834
0.081143
0.057887
0.057578
0.058021
0.072509
0.23625
0.058309
0.073504
0.084642
0.073376
0.054287
0.062075
0.054827
0.052339
0.055291
0.097111
0.069171
0.084097
0.066328
0.05906
0.060517
0.217815
0.05348
0.052393
0.072068
0.068951
0.072095
0.064224
0.107269
0.056099
0.065974
0.060226
0.080318
0.06912
0.055804
0.063101
0.229074
0.078657
0.082943
0.054255
0.063433
0.061455
0.065411
0.095136
0.05886
0.054966
0.068642
0.055653
0.059002
0.090778
0.090259
0.338994
0.07165
0.062729
0.066614
0.077173
0.054935
0.073351
0.062988
0.058512
0.064676
0.056932
0.051161
0.059296
0.059112
0.072743
0.229608
0.065618
0.059081
0.07913
0.075353
0.065302
0.063689
0.090654
0.052941
0.055871
0.062983
0.063786
0.05146
0.075369
0.05874
0.053706
0.231153
0.07372
0.055401
0.059008
0.061664
0.069992
0.084001
0.061238
0.062223
0.053154
0.060371
0.05875
0.085033
0.074408
0.061412
0.213178
0.070741
0.056859
0.055927
0.061456
0.076848
0.062485
0.054913
0.062765
0.060319
0.062499
0.077003
0.077662
0.056014
0.068402
0.070682
0.245318
0.066243
0.061929
0.098007
0.125792
0.108792
0.099314
0.064576
0.056459
0.060497
0.063001
0.072344
0.066176
0.249218
0.067885
0.080197
0.069005
0.056165
0.060825
0.05742
0.056984
0.061451
0.054581
0.075514
0.059925
0.071061
0.06482
0.08146
0.065378
0.242199
0.076342
0.049507
0.058273
0.053564
0.055867
0.062351
0.063892
0.076451
0.07166
0.053693
0.055448
0.05605
0.069131
0.095765
0.057991
0.224859
0.062542
0.058064
0.0572
0.060702
0.065016
0.055013
0.054675
0.064863
0.05125
0.072694
0.067928
0.064578
0.060413
0.071985
0.06011
0.062614
0.212538
0.072032
0.049673
0.051171
0.058283
0.060123
0.088643
0.053087
0.064789
0.068663
0.052869
0.0597
0.10736
0.08545
0.113445
0.220307
0.067329
0.061416
0.056547
0.062636
0.076935
0.077222
0.064206
0.063059
0.05573
0.077369
0.051864
0.059801
0.064375
0.060209
0.057855
0.212257
0.082312
0.066294
0.061067
0.052392
0.061642
0.071017
0.080838
0.065404
0.075163
0.059105
0.060631
0.063194
0.052197
0.065393
0.054879
0.05737
0.227564
0.057942
0.079819
0.05226
0.058832
0.057676
0.053917
0.064206
0.064815
0.057607
0.07208
0.069775
0.073059
0.070898
0.071384
0.055268
0.219422
0.061812
0.052802
0.060115
0.05698
0.059666
0.054958
0.05377
0.063733
0.056706
0.063001
0.069271
0.06201
0.063033
0.060022
0.085027
0.075826
0.224223
0.063427
0.067194
0.054232
0.070713
0.077915
0.049548
0.067728
0.077044
0.052683
0.070684
0.058489
0.056033
0.058414
0.057924
0.078333
0.25508
0.06114
0.056773
0.052169
0.070011
0.064643
0.054041
0.06588
0.053738
0.066187
0.056775
0.063589
0.06282
0.063556
0.080222
0.059979
0.221854
0.070021
0.080659
0.059706
0.05534
0.055259
0.058648
0.050986
0.056714
0.078733
0.051473
0.05707
0.063696
0.058163
0.069787
0.057921
0.058839
0.238701
0.074478
0.054684
0.080978
0.066404
0.066897
0.05969
0.060645
0.080691
0.104819
0.101753
0.086913
0.099202
0.215533
0.083928
0.060833
0.066954
0.072196
0.060486
0.060017
0.054999
0.056188
0.052537
0.078337
0.056193
0.054002
0.062653
0.07136
0.055041
0.079098
0.244482
0.057774
0.049987
0.05271
0.05672
0.058615
0.059586
0.065289
0.08092
0.077671
0.058065
0.060516
0.064248
0.057566
0.073166
0.059533
0.214279
0.060548
0.055759
0.054312
0.051643
0.067889
0.062133
0.0527
0.059709
0.064976
0.058195
0.057258
0.081876
0.06083
0.068647
0.075687
0.065512
0.239969
0.069586
0.065902
0.052846
0.05427
0.07917
0.063349
0.0694
0.055703
0.080101
0.058931
0.064494
0.067562
0.07692
0.065408
0.05506
0.220647
0.06423
0.054184
0.058944
0.060859
0.053338
0.061183
0.061607
0.066538
0.058456
0.049396
0.053732
0.072085
0.060531
0.081291
0.067764
0.246729
0.076429
0.05551
0.076003
0.074484
0.061717
0.053655
0.059143
0.054932
0.061638
0.060261
0.062486
0.078415
0.098458
0.081008
0.282519
0.058617
0.058214
0.068017
0.058276
0.086517
0.052878
0.073689
0.055665
0.077401
0.057007
0.051759
0.058583
0.05938
0.055182
0.062401
0.241882
0.071519
0.073067
0.05637
0.070324
0.062803
0.054599
0.06235
0.055913
0.06021
0.055697
0.058623
0.080265
0.075279
0.055559
0.083139
0.211671
0.064164
0.056266
0.074593
0.08703
0.056441
0.057834
0.054052
0.07598
0.075358
0.066598
0.060084
0.078348
0.073456
0.057983
0.055307
0.244882
0.075115
0.066228
0.052348
0.073556
0.057488
0.07917
0.078963
0.068948
0.06581
0.064003
0.055112
0.057941
0.092389
0.072131
0.245291
0.062405
0.061536
0.058628
0.074645
0.06619
0.055462
0.05956
0.054114
0.054021
0.084954
0.069004
0.065708
0.064215
0.070727
0.057443
0.216942
0.071117
0.074727
0.05442
0.055474
0.056398
0.054034
0.060325
0.084293
0.056454
0.076121
0.051878
0.055914
0.051674
0.07532
0.070308
0.232389
0.058713
0.051915
0.056551
0.060755
0.072914
0.118229
0.101164
0.074041
0.063621
0.077565
0.06537
0.070366
0.074285
0.063604
0.209031
0.072385
0.064302
0.058599
0.05694
0.063013
0.071407
0.060238
0.060486
0.059609
0.057386
0.07214
0.061241
0.057184
0.08183
0.077056
0.266921
0.059841
0.054912
0.056033
0.058521
0.05982
0.057685
0.061963
0.052799
0.07738
0.059315
0.053628
0.059347
0.055962
0.064091
0.076985
0.244941
0.055699
0.072912
0.056888
0.059554
0.058754
0.06044
0.054617
0.063109
0.063939
0.056423
0.063384
0.078616
0.058432
0.063021
0.053657
0.061206
0.249808
0.063751
0.072918
0.056321
0.061796
0.064027
0.057878
0.069814
0.063123
0.057916
0.056975
0.078083
0.072556
0.054864
0.063339
0.056728
0.221408
0.064296
0.067298
0.061134
0.067909
0.066358
0.064064
0.059889
0.052687
0.056619
0.064025
0.052512
0.052339
0.064404
0.073315
0.05501
0.066419
0.212499
0.069786
0.064309
0.068244
0.05408
0.057932
0.063972
0.062386
0.055882
0.082041
0.062249
0.07997
0.059014
0.077854
0.063374
0.065011
0.253689
0.051058
0.088189
0.057589
0.063331
0.078148
0.062698
0.082592
0.055093
0.076829
0.055549
0.060703
0.063756
0.109667
0.051842
0.230116
0.064151
0.07526
0.067721
0.057093
0.06003
0.063209
0.062249
0.056226
0.072593
0.086931
0.079077
0.054469
0.078063
0.053839
0.228009
0.063285
0.054234
0.061656
0.060025
0.065983
0.07777
0.091877
0.061812
0.05748
0.072804
0.058133
0.057178
0.068867
0.085274
0.073566
0.228074
0.062247
0.056412
0.070087
0.065618
0.074511
0.054712
0.060046
0.06243
0.065235
0.058814
0.056881
0.063375
0.060236
0.077188
0.061758
0.223448
0.072829
0.068845
0.060789
0.059216
0.050649
0.055788
0.071325
0.055943
0.058128
0.057111
0.058558
0.056904
0.055287
0.053019
0.058659
0.063832
0.256444
0.098906
0.08626
0.075239
0.089025
0.08109
0.096864
0.064686
0.072981
0.077948
0.0685
0.078773
0.076098
0.307135
0.089207
0.110996
0.082953
0.074649
0.101736
0.062259
0.078678
0.06902
0.05994
0.065666
0.082758
0.273816
0.058582
0.067467
0.115824
0.117449
0.12044
0.090474
0.079582
0.08196
0.118594
0.0989
0.345086
0.111163
0.202971
0.143397
0.100186
0.086793
0.122175
0.096391
0.297858
0.059692
0.066365
0.066751
0.063971
0.056701
0.084873
0.054352
0.066735
0.057746
0.072548
0.098432
0.094302
0.304417
0.055282
0.062515
0.084458
0.054416
0.081015
0.052851
0.057276
0.084113
0.078964
0.052679
0.079939
0.088894
0.077131
0.051083
0.232594
0.059694
0.066481
0.058991
0.060782
0.061957
0.068723
0.076419
0.075893
0.133483
0.057257
0.055118
0.134115
0.261337
0.059376
0.073094
0.069269
0.05756
0.05244
0.08208
0.072398
0.10585
0.099309
0.100628
0.06652
0.069161
0.066321
0.214384
0.058917
0.053459
0.057682
0.055696
0.071077
0.065317
0.056811
0.062476
0.054305
0.073922
0.074633
0.083504
0.107645
0.076958
0.255955
0.093387
0.103154
0.084089
0.091152
0.074489
0.086569
0.073235
0.072009
0.060673
0.091034
0.054945
0.052721
0.066079
0.23962
0.08039
0.064004
0.081073
0.072943
0.08428
0.056438
0.067096
0.05976
0.055143
0.052122
0.073189
0.085789
0.054999
0.058121
0.220443
0.075611
0.055223
0.056013
0.056144
0.054199
0.059096
0.056329
0.058232
0.051604
0.057956
0.068839
0.056331
0.067386
0.062156
0.060271
0.083678
0.233804
0.053985
0.078822
0.053282
0.056366
0.057882
0.057248
0.062103
0.064478
0.057525
0.055982
0.065476
0.071044
0.068409
0.059939
0.05736
0.066185
0.21912
0.051248
0.057155
0.064172
0.075009
0.057844
0.062961
0.060235
0.054629
0.067808
0.098595
0.0998
0.066894
0.068606
0.068261
0.28988
0.06432
0.075296
0.076293
0.064018
0.077414
0.057074
0.059461
0.060251
0.05949
0.072716
0.06083
0.049841
0.075894
0.062975
0.227172
0.054609
0.04905
0.072603
0.062549
0.079725
0.095336
0.0654
0.055001
0.055179
0.068417
0.078238
0.068149
0.06418
0.059503
0.05368
0.239788
0.073046
0.058515
0.050418
0.054839
0.064434
0.054178
0.067188
0.076414
0.062208
0.068157
0.062571
0.06791
0.090482
0.059311
0.062487
0.237292
0.068812
0.061036
0.052015
0.062241
0.051157
0.081206
0.063393
0.079289
0.055625
0.073519
0.056021
0.051235
0.064716
0.057423
0.05965
0.229509
0.083043
0.086369
0.089524
0.089431
0.097012
0.068474
0.067154
0.062234
0.066178
0.079443
0.078938
0.055055
0.059963
0.221243
0.062484
0.053129
0.055193
0.053642
0.077906
0.063069
0.065547
0.059344
0.055261
0.052423
0.077459
0.062539
0.052815
0.067682
0.086898
0.269242
0.080529
0.0532
0.052168
0.056368
0.055407
0.055896
0.077915
0.061683
0.064795
0.050817
0.060096
0.069843
0.065498
0.100497
0.058833
0.214682
0.057246
0.057166
0.062821
0.059479
0.065018
0.078139
0.066801
0.053405
0.06755
0.092171
0.09829
0.08105
0.136747
0.32143
0.10687
0.06073
0.127469
0.112284
0.097154
0.120247
0.127383
0.080943
0.261947
0.06066
0.055317
0.072298
0.071767
0.090075
0.053308
0.06215
0.075176
0.103416
0.073432
0.084532
0.058386
0.055062
0.065698
0.215666
0.096601
0.060793
0.054292
0.056936
0.056565
0.064088
0.055852
0.079494
0.057059
0.053309
0.062332
0.05758
0.057814
0.06471
0.059719
0.063575
0.286973
0.069311
0.06818
0.143662
0.058363
0.086884
0.100032
0.059439
0.054311
0.060904
0.059459
0.068975
0.0735
0.30875
0.073631
0.067811
0.106746
0.063806
0.063934
0.056624
0.063037
0.071856
0.097388
0.059534
0.065951
0.050992
0.058422
0.331139
0.082714
0.078926
0.06685
0.099828
0.097312
0.058092
0.057678
0.055787
0.076687
0.059059
0.051436
0.053535
0.234258
0.062283
0.085484
0.102793
0.056803
0.069566
0.08267
0.070489
0.060502
0.079391
0.134707
0.065582
0.111827
0.262807
0.111787
0.128334
0.105049
0.070229
0.062514
0.132074
0.150749
0.10926
0.062978
0.342822
0.139782
0.068104
0.077648
0.100136
0.079386
0.072523
0.060253
0.076606
0.083515
0.078231
0.23056
0.11932
0.063149
0.086423
0.075745
0.058645
0.062657
0.055098
0.130718
0.110641
0.062209
0.108206
0.297147
0.061557
0.070066
0.060711
0.058731
0.052941
0.057808
0.060878
0.061708
0.0749
0.051292
0.075929
0.078015
0.069581
0.065454
0.064536
0.256813
0.061721
0.056214
0.062311
0.066891
0.053654
0.063142
0.076202
0.079646
0.052881
0.097646
0.080056
0.06902
0.067411
0.056038
0.227498
0.091901
0.070539
0.054314
0.062406
0.085867
0.065463
0.064977
0.074869
0.059162
0.062167
0.061673
0.063473
0.058833
0.059545
0.057194
0.231462
0.064054
0.076628
0.089005
0.059489
0.066618
0.05836
0.069649
0.055153
0.080159
0.054126
0.062121
0.052552
0.083368
0.070999
0.245156
0.115959
0.099024
0.079397
0.070885
0.070976
0.0576
0.067662
0.071178
0.050853
0.081844
0.060369
0.055168
0.058104
0.221661
0.053077
0.065345
0.056562
0.054066
0.074412
0.085393
0.078169
0.069619
0.06285
0.063969
0.081186
0.059565
0.060147
0.082555
0.066887
0.219695
0.080372
0.061105
0.063372
0.105482
0.089231
0.064546
0.053471
0.089972
0.077083
0.0577
0.054295
0.065293
0.081629
0.241342
0.060798
0.089316
0.078308
0.059857
0.051727
0.054545
0.070243
0.05806
0.072037
0.059874
0.050925
0.077345
0.055634
0.058952
0.06179
0.240487
0.077432
0.066168
0.055638
0.066706
0.054868
0.055862
0.0601
0.078871
0.090679
0.088704
0.123636
0.082895
0.097689
0.239212
0.063866
0.056905
0.060192
0.068448
0.06673
0.06531
0.055726
0.060422
0.056827
0.06861
0.067218
0.088611
0.064357
0.05534
0.05814
0.266033
0.057707
0.065466
0.077093
0.054457
0.08282
0.086078
0.054829
0.084684
0.082947
0.065605
0.052368
0.057261
0.056917
0.058906
0.219986
0.054835
0.073525
0.058679
0.069165
0.098879
0.058868
0.0717
0.068271
0.059962
0.066836
0.082547
0.073292
0.062024
0.057147
0.225349
0.070972
0.06464
0.059451
0.081896
0.096294
0.054551
0.080874
0.062948
0.057283
0.083929
0.065497
0.076343
0.052825
0.067937
0.244519
0.07186
0.059421
0.114468
0.074758
0.067291
0.058487
0.06699
0.063181
0.095047
0.092983
0.102372
0.087839
0.294001
0.066505
0.072447
0.072064
0.059257
0.088579
0.122695
0.070131
0.074699
0.067144
0.079254
0.083139
0.284493
0.086058
0.071231
0.092803
0.070241
0.128835
0.091617
0.100523
0.084251
0.108742
0.059009
0.086455
0.259614
0.0851
0.078181
0.081677
0.070782
0.053317
0.057121
0.05427
0.084817
0.065189
0.057725
0.057678
0.061141
0.063725
0.072197
0.251624
0.092839
0.08378
0.063464
0.057321
0.079273
0.091295
0.067345
0.077679
0.064658
0.077539
0.066173
0.099185
0.303482