
0.001565
0.001599
0.001527
0.001445
0.001528
0.00174
0.001449
0.001397
0.001522
0.001533
0.0019
0.001456
0.001858
0.003254
0.003243
0.003495
0.003165
0.003381
0.003389
0.004484
0.00487
0.005033
0.00461
0.0044
0.004361
0.004648
0.006559
0.002699
0.005417
0.002637
0.002811
0.002753
0.002413
0.002619
0.002339
0.002366
0.002455
0.003758
0.002377
0.002423
0.002559
0.002568
0.002534
0.002634
0.002571
0.002391
0.004729
0.002372
0.002329
0.002425
0.002351
0.006388
0.002286
0.003258
0.003455
0.002294
0.002468
0.002183
0.00244
0.002482
0.002812
0.002278
0.002245
0.003312
0.002131
0.002105
0.002095
0.002085
0.003012
0.003141
0.003234
0.003032
0.004926
0.007148
0.003132
0.003216
0.003022
0.003328
0.003507
0.003619
0.003228
0.004439
0.003639
0.003172
0.003228
0.004562
0.003327
0.003271
0.00416
0.003408
0.00295
0.003666
0.003168
0.003681
0.003155
0.003029
0.004022
0.005971
0.002998
0.004415
0.003252
0.003086
0.005302
0.003747
0.005651
0.003315
0.00344
0.005371
0.005099
0.00312
0.005198
0.005379
0.003284
0.005835
0.003067
0.003088
0.003894
0.003162
0.003339
0.003196
0.004326
0.002826
0.003971
0.00341
0.003461
0.003349
0.003249
0.00334
0.003185
0.002736
0.003125
0.003552
0.003288
0.003016
0.003289
0.003195
0.003495
0.003102
0.003194
0.00283
0.003316
0.003189
0.002225
0.002348
0.003266
0.005438
0.002274
0.002413
0.003204
0.003573
0.003088
0.004738
0.0048
0.002439
0.002446
0.002282
0.002163
0.002496
0.002551
0.002345
0.002285
0.002547
0.002636
0.00407
0.002468
0.002383
0.002396
0.002801
0.002636
0.002326
0.002303
0.002949
0.002434
0.00231
0.002351
0.002909
0.002489
0.002298
0.002374
0.005254
0.002432
0.003472
0.003078
0.00565
0.003346
0.002688
0.002407
0.002247
0.002385
0.002756
0.003784
0.002362
0.002493
0.005126
0.003795
0.005298
0.003114
0.005771
0.005246
0.003258
0.002916
0.003389
0.003076
0.00341
0.004386
0.00264
0.002318
0.002395
0.002394
0.001539
0.003349
0.001411
0.003195
0.001468
0.001449
0.001407
0.001531
0.0015
0.001805
0.001426
0.006646
0.002119
0.00159
0.001653
0.001573
0.00143
0.00161
0.003254
0.00263
0.003066
0.002901
0.00234
0.002495
0.005021
0.004382
0.004513
0.002672
0.004612
0.005085
0.00692
0.004639
0.006855
0.004681
0.005144
0.004269
0.004585
0.008646
0.002707
0.005189
0.002549
0.006707
0.00495
0.00669
0.00661
0.004785
0.004571
0.005066
0.004794
0.004523
0.005191
0.002778
0.002589
0.002565
0.002619
0.006374
0.0046
0.002375
0.00253
0.002476
0.002415
0.002559
0.002542
0.003463
0.002285
0.003463
0.002328
0.002844
0.002752
0.002348
0.002363
0.002481
0.002314
0.002685
0.002829
0.002235
0.004615
0.002471
0.005047
0.004198
0.002496
0.004746
0.002866
0.002417
0.002424
0.002629
0.00295
0.002492
0.002419
0.002361
0.002356
0.002628
0.002626
0.002436
0.002187
0.00231
0.002462
0.00254
0.002478
0.002683
0.002665
0.002227
0.002499
0.002217
0.002323
0.00229
0.002428
0.002472
0.002291
0.002428
0.002529
0.002323
0.002365
0.002384
0.002393
0.003468
0.002555
0.002332
0.002368
0.002288
0.002325
0.002423
0.002267
0.002452
0.00231
0.002415
0.002428
0.002499
0.003108
0.003385
0.002583
0.002486
0.002429
0.002802
0.002582
0.00241
0.002218
0.002403
0.002324
0.00315
0.00235
0.003118
0.004031
0.003185
0.003186
0.002577
0.002719
0.00281
0.002547
0.002508
0.002873
0.002705
0.003462
0.003224
0.002901
0.002556
0.002577
0.002561
0.00275
0.002303
0.002583
0.002699
0.003145
0.002677
0.002436
0.002661
0.002369
0.00235
0.002497
0.00293
0.002353
0.002411
0.002361
0.002537
0.002473
0.002597
0.002339
0.00391
0.002479
0.002417
0.002252
0.002416
0.002396
0.002309
0.002543
0.002627
0.002339
0.002402
0.002664
0.002669
0.003275
0.002662
0.002346
0.002546
0.002789
0.003464
0.00241
0.002217
0.002543
0.002772
0.002956
0.002536
0.005162
0.002729
0.00413
0.001503
0.001508
0.001611
0.001737
0.001695
0.001468
0.001585
0.001435
0.001415
0.001475
0.001397
0.001419
0.002045
0.00193
0.00151
0.002043
0.002066
0.00172
0.001856
0.002252
0.002473
0.00316
0.004417
0.004256
0.004669
0.004293
0.003852
0.007242
0.011278
0.004107
0.005754
0.007189
0.009219
0.00632
0.00831
0.0058
0.005135
0.009236
0.011572
0.004869
0.00298
0.003361
0.005336
0.002672
0.003148
0.003031
0.003322
0.005317
0.003389
0.002945
0.00318
0.003206
0.003193
0.003176
0.00305
0.003033
0.002994
0.005049
0.003068
0.003453
0.005251
0.005121
0.00508
0.005081
0.005249
0.005138
0.005933
0.014043
0.003169
0.00329
0.003713
0.005581
0.004797
0.003438
0.002966
0.004979
0.005281
0.003169
0.005616
0.005614
0.005255
0.006142
0.003069
0.00338
0.005541
0.003099
0.003411
0.00311
0.004088
0.005269
0.004511
0.002848
0.003631
0.002529
0.002489
0.002538
0.005728
0.005679
0.003975
0.003143
0.004955
0.003618
0.00578
0.003236
0.003189
0.005602
0.003069
0.004503
0.003263
0.018818
0.003635
0.003692
0.003201
0.003854
0.003745
0.003472
0.00283
0.003801
0.003661
0.003066
0.002955
0.003007
0.003042
0.003113
0.003626
0.003792
0.003824
0.006818
0.003269
0.003228
0.003457
0.004127
0.004026
0.00328
0.003195
0.003086
0.00294
0.003159
0.003169
0.003156
0.003191
0.003286
0.00302
0.003821
0.003214
0.003247
0.003419
0.003366
0.00302
0.003055
0.00329
0.003082
0.003245
0.003347
0.003702
0.004355
0.003496
0.004941
0.003737
0.003247
0.004041
0.003343
0.003096
0.003639
0.003022
0.003477
0.00443
0.003139
0.003109
0.003239
0.004376
0.013885
0.004182
0.00304
0.004579
0.00337
0.003263