
1.53358e+09
0.100312
0.09982
0.100991
0.099492
0.100302
0.099545
0.319496
0.097434
0.098436
0.086785
0.143894
0.043051
0.269722
0.082475
0.163461
0.060273
0.039758
0.079204
0.123593
0.233061
0.04671
0.095951
0.091044
0.123697
0.130125
0.080842
0.234743
0.042495
0.117056
0.099978
0.095068
0.089105
0.126312
0.194527
0.088864
0.131061
0.075066
0.086435
0.150444
0.084895
0.251582
0.16988
0.049389
0.086067
0.165332
0.079667
0.217557
0.074062
0.071709
0.111626
0.08462
0.123554
0.077299
0.19611
0.146476
0.084078
0.087373
0.129256
0.083712
0.092359
0.179082
0.092421
0.144183
0.055498
0.098365
0.100808
0.099522
0.273935
0.0504
0.096439
0.103714
0.078742
0.132575
0.122726
0.159491
0.094216
0.106874
0.112283
0.08617
0.21832
0.077116
0.148183
0.078462
0.081473
0.180893
0.138339
0.079273
0.117613
0.084958
0.205121
0.075335
0.216054
0.123337
0.168978
0.085755
0.153152
0.082196
0.099285
0.073116
0.121971
0.204773
0.119724
0.074303
0.07416
0.122262
0.128808
0.107593
0.160925
0.136193
0.080989
0.081554
0.211806
0.107779
0.206011
0.080857
0.081374
0.149091
0.079525
0.076138
0.147255
0.216356
0.084326
0.04299
0.158593
0.073678
0.076599
0.127419
0.168907
0.120853
0.110039
0.077125
0.122439
0.0756
0.099762
0.234232
0.074134
0.135444
0.081335
0.075887
0.148844
0.074231
0.242557
0.138122
0.080198
0.148675
0.075679
0.110745
0.158622
0.084584
0.072981
0.07213
0.1126
0.076135
0.153015
0.074272
0.194485
0.113312
0.076975
0.079738
0.159623
0.09134
0.131495
0.236907
0.143472
0.079961
0.076825
0.115383
0.076768
0.143374
0.070947
0.230805
0.07627
0.076129
0.155996
0.083014
0.114613
0.084876
0.076444
0.076181
0.226366
0.072474
0.110613
0.102697
0.120304
0.073706
0.140042
0.081232
0.10337
0.186661