
97
275
25
174
33
321
180
326
165
86
159
129
371
97
321
117
276
276
33
159
151
97
165
93
26
78
44
18
78
25
78
45
74
43
80
44
27
65
26
94
27
27
27
68
74
60
20
74
17
74
40
20
20
72
21
21
60
58
138
20
71
112
39
138
39
20
52
72
62
16
72
11
72
37
16
16
66
17
37
14
63
132
132
132
101
71
43
13
71
128
71
41
41
13
62
73
43
53
41
63
58
151
29
120
63
29
29
151
63
32
85
121
204
58
30
64
121
30
53
64
30
58
30
23
64
54
261
232
21
130
21
20
21
54
12
20
132
47
47
54
21
54
130
60
361
20
58
54
130
21
287
20
141
116
291
47
66
54
47
110
12
12
40
47
13
66
51
66
38
13
12
110
112
66
66
112
112
121
112
239
43
127
62
45
64
54
100
52
32
54
32
32
100
260
43
78
66
188
154
79
96
96
43
96
60
55
71
52
93
48
43
52
49
49
99
64
25
21
43
46
57
49
80
94
71
63
79
31
89
24
48
31
57
57
70
81
32
78
78
70
84
33
86
18
53
31
63
63
63
63
84
81
73
136
34
85
37
57
31
66
66
373
98
136
107
73
201
87
140
184
208
105
121
110
114
184
373
265
500
73
98
73
70
223
73
136
79
133
262
279
105
385
110
148
115
62
209
100
147
198
222
110
62
198
274
148
147
95
193
227
99
134
249
110
100
198
148
110
122
258
119
158
121
51
119
109
207
207
109
130
119
99
105
258
119
207
207
119
222
308
109
271
132
170
206
40
132
122
221
221
122
142
89
192
143
136
170
271
129
69
122
149
122
132
194
132
279
142
179
216
29
151
131
152
230
131
230
90
127
327
244
179
325
118
230
202
179
273
327
131
240
335
204
183
29
160
292
153
190
225
19
163
143
164
242
143
163
163
212
242
212
148
430
154
163
267
19
19
163
97
212
18
292
143
267
148
302
302
199
235
8
173
277
173
440
153
153
110
141
163
127
329
147
222
260
282