
253
145
197
226
167
160
162
144
143
160
160
92
267
217
135
152
152
95
162
108
147
146
142
101
156
188
140
140
134
155
150
182
135
134
128
153
144
175
129
129
185
143
138
170
123
122
180
138
133
166
118
117
177
133
126
161
111
39
171
125
120
177
105
33
187
119
163
382
102
28
167
116
154
415
56
56
200
232
151
140
480
299
164
208
145
134
474
135
159
490
141
130
471
130
504
119
135
123
464
124
504
113
142
131
474
133
160
500
119
415
455
161
101
119
125
506
461
172
107
125
115
494
495
155
500
114
109
489
490
316
504
110
101
483
484
314
502
103
97
476
79
233
97
79
91
470
73
73
73
73
85
464
66
66
85
66
80
458
61
61
61
80
74
452
54
54
452
54
72
87
53
87
450
78
69
87
50
94
447
76
69
88
49
93
447
75
64
106
43
88
441
69
53
76
73
76
431
61
48
72
419
65
425
56
65
68
113
80
418
23
68
89
268
492
418
21
84
195
267
507
433
16
83
198
271
99
172
13
116
239
90
1
201
1