
0.026963
0.005549
0.003587
0.001858
0.004122
0.00407
0.002139
0.003781
0.002159
0.002265
0.005276
0.00212
0.003784
0.002055
0.004796
0.00207
0.003379
0.002393
0.004599
0.002406
0.003934
0.001735
0.002244
0.003596
0.00188
0.001871
0.003498
0.004855
0.001758
0.001827
0.00214
0.002685
0.001589
0.004317
0.002208
0.002145
0.002108
0.002659
0.002438
0.002346
0.001933
0.004391
0.005195
0.002171
0.002139
0.001993
0.003734
0.002476
0.001763
0.00187
0.001668
0.001644
0.001922
0.003685
0.002122
0.001826
0.002565
0.002264
0.001671
0.003987
0.00182
0.003796
0.002739
0.001953
0.002211
0.004991
0.003581
0.003417
0.00219
0.003766
0.001723
0.004513
0.002479
0.001762
0.002456
0.001875
0.003641
0.003524
0.001876
0.002416
0.001989
0.002811
0.001933
0.004261
0.002027
0.001789
0.002716
0.001869
0.003733
0.003405
0.00365
0.001875
0.003129
0.002583
0.001886
0.002591
0.001719
0.002176
0.00216
0.001661
0.001821
0.00225
0.004584
0.004548
0.002138
0.002428
0.002182
0.001546
0.005009
0.003998
0.003265
0.002969
0.002393
0.003154
0.004911
0.003656
0.001873
0.001748
0.004496
0.002194
0.002409
0.002239
0.001469
0.00239
0.004368
0.00295
0.002435
0.00229
0.004181
0.001437
0.003327
0.004203
0.001841
0.001949
0.003212
0.003818
0.002325
0.001924
0.001996
0.002143
0.002313
0.002454
0.001663
0.001822
0.002348
0.002375
0.002765
0.00203
0.001816
0.003786
0.001889
0.003514
0.002219
0.004313
0.002911
0.001802
0.00236
0.002425
0.00242
0.002414
0.002211
0.001871
0.004527
0.002457
0.002196
0.003879
0.004377
0.004431
0.00154
0.003387
0.004234
0.004799
0.003283
0.001989
0.002042
0.001969
0.001822
0.001847
0.001602
0.002273
0.002286
0.00304
0.00267
0.002008
0.002005
0.002274
0.003796
0.001954
0.00246
0.00428
0.002323
0.003785
0.002271
0.002284
0.003793
0.004148
0.002572
0.002538
0.004207
0.001896
0.004197
0.001473
0.003818
0.00186
0.001754
0.003005
0.004322
0.00215
0.002136
0.002087
0.002271
0.002419
0.001858
0.003567
0.002221
0.004017
0.001563
0.002164
0.018053
0.001158
0.000871
0.002155
0.001457
0.001077
0.000976
0.00129
0.001845
0.001625
0.001513
0.004085
0.002237
0.00159
0.001728
0.001234
0.002201
0.001583
0.002341
0.003427
0.00276
0.001168
0.001845
0.00117
0.003307
0.002283
0.00168
0.004229
0.001355
0.002486
0.01813
0.001663
0.001224
0.001922
0.001291
0.001371
0.001566
0.001398
0.001796
0.001484
0.001603
0.003906
0.001825
0.001518
0.002217
0.004342
0.002045
0.002098
0.00147
0.001972
0.006057
0.002186
0.00224
0.001513
0.000879
0.002048
0.000886
0.003144
0.004356
0.002584
0.001
0.004149
0.00221
0.001309
0.002052
0.00117
0.002401
0.017272
0.001217
0.000876
0.001793
0.001586
0.000879
0.000944
0.001291
0.002085
0.000924
0.00124
0.003452
0.001381
0.002058
0.000971
0.0022
0.001454
0.000992
0.002322
0.000792
0.003048
0.001908
0.004333
0.003347
0.004008
0.023513
0.001225
0.00195
0.001609
0.003406
0.001419
0.002032
0.003976
0.002964
0.003613
0.001678
0.003739
0.002247
0.003737
0.00165
0.005728
0.001911
0.002459
0.002527
0.001258
0.003458
0.022255
0.001742
0.001651
0.001973
0.002242
0.002106
0.003948
0.002399
0.004255
0.002452
0.005593
0.002567
0.001171
0.002464
0.001837
0.005423
0.001662
0.002521
0.003459
0.002173
0.001654
0.002053
0.003462
0.002813
0.00352
0.002077
0.002443
0.00236
0.021562
0.001273
0.002812
0.001852
0.003407
0.001841
0.00314
0.001463
0.002192
0.001511
0.001835
0.002127
0.001554
0.001834
0.002375
0.002511
0.001423
0.00213
0.003265
0.002518
0.004547
0.019514
0.00166
0.001291
0.001433
0.001708
0.002067
0.001694
0.003089
0.001446
0.001436
0.001644
0.001386
0.001382
0.015662
0.002062
0.001755
0.000918
0.001247
0.00138
0.007208
0.002373
0.00145
0.00221
0.001164
0.001737
0.003817
0.001205
0.002469
0.002185
0.001281
0.004069
0.003133
0.001386
0.001616
0.001987
0.002341
0.001734
0.003125
0.001504
0.015945
0.001463
0.001572
0.002535
0.000899
0.000794
0.002439
0.002225
0.002652
0.001502
0.001774
0.001352
0.002867
0.002448
0.001505
0.003112
0.003984
0.001325
0.001453
0.001279
0.001772
0.001636
0.001545
0.00119
0.001263
0.003054
0.001223
0.003376
0.001547
0.00187
0.014207
0.002571
0.001353
0.001274
0.002526
0.00237
0.001153
0.003016
0.00253
0.002518
0.001348
0.003438
0.002943
0.00383
0.004277
0.001874
0.00165
0.002194
0.002611
0.001451
0.003789
0.003593
0.001653
0.002856
0.002974
0.003401
0.003608
0.015238
0.001268
0.00113
0.002225
0.001907
0.002437
0.002632
0.003505
0.001196
0.00322
0.001277
0.007978
0.002174
0.002802
0.002354
0.003366
0.002791
0.001399
0.001403
0.014121
0.001731
0.001352
0.000963
0.002151
0.00098
0.001437
0.001212
0.003705
0.001465
0.003929
0.001215
0.001374
0.001247
0.001918
0.003441
0.001335
0.002328
0.001189
0.004191
0.001448
0.001838
0.017297
0.001706
0.001434
0.00089
0.002309
0.0023
0.001306
0.003191
0.0023
0.002805
0.00096
0.001047
0.001482
0.001869
0.001633
0.002103
0.003029
0.001519
0.002333
0.001997
0.003032
0.002334
0.002484
0.002026
0.002393
0.001183
0.001322
0.005061
0.003859
0.003604
0.001837
0.003347
0.002475
0.02533
0.001292
0.001193
0.001498
0.001205
0.004651
0.001365
0.00422
0.001787
0.000984
0.001067
0.000996
0.001055
0.000965
0.001059
0.003362
0.001088
0.003597
0.003337
0.002892
0.003428
0.001185
0.001109
0.013291
0.001171
0.000911
0.000997
0.001029
0.000928
0.000913
0.003603
0.003414
0.000983
0.00317
0.001136
0.000888
0.002914
0.00111
0.002604
0.002415
0.003006
0.002901
0.002521
0.002956
0.0031
0.003148
0.011944
0.001026
0.001124
0.000878
0.000939
0.003375
0.002013
0.003682
0.002378
0.000976
0.000957
0.000933
0.002606
0.001018
0.002304
0.000907
0.002227
0.004727
0.00088
0.003584
0.003097
0.005027
0.000903
0.003763