
0.005424
0.006419
0.018617
0.003766
0.009627
0.005345
0.006911
0.005419
0.005116
0.011884
0.009846
0.010607
0.010656
0.005752
0.00593
0.009592
0.005181
0.011708
0.014481
0.005476
0.005392
0.00497
0.011504
0.011451
0.006055
0.004979
0.005872
0.010895
0.005882
0.005763
0.005727
0.010154
0.0046
0.009873
0.005525
0.006656
0.006474
0.005295
0.005201
0.005673
0.01055
0.006796
0.00569
0.00955
0.006298
0.005473
0.00533
0.005187
0.005976
0.005404
0.010037
0.005384
0.011226
0.0133
0.018965
0.011114
0.021866
0.009882
0.009263
0.006929
0.014511
0.014798
0.014159
0.011463
0.017183
0.009475
0.006687
0.020683
0.015538
0.003702
0.013496
0.010517
0.015431
0.010338
0.010822
0.012925
0.008353
0.037116
0.005606
0.014049
0.005663
0.004906
0.008766
0.024691
0.013761
0.008536
0.019118
0.012467
0.008167
0.007935
0.007719
0.005543
0.00647
0.032831
0.004898
0.019231
0.020339
0.007246
0.015731
0.013744
0.009015
0.00964
0.022911
0.0079
0.006586
0.029635
0.011471
0.012456
0.012807
0.022485
0.003996
0.008864
0.008232
0.008452
0.010599
0.004357
0.008713
0.004624
0.012571
0.012679
0.004327
0.011042
0.00864
0.003728
0.007832
0.028702
0.010949
0.009136
0.021382
0.024569
0.010135
0.014588
0.041903
0.004722
0.004678
0.022747
0.031496
0.008714
0.013534
0.01742
0.015648
0.011739
0.009881
0.015405
0.01893
0.016209
0.012055
0.009344
0.014387
0.008098
0.012932
0.011783
0.010561
0.033288
0.022577
0.014259
0.013881
0.006289
0.022805
0.021556
0.020319
0.010465
0.03407
0.010483
0.018239
0.014217
0.019105
0.014183
0.005425
0.030219
0.011318
0.012714
0.00789
0.013568
0.014184
0.006369
0.01614
0.008023
0.003488
0.004513
0.00705
0.013052
0.013894
0.003735
0.015618
0.017274
0.00768
0.012222
0.009437
0.032747
0.007939
0.013195
0.019835
0.00424
0.011424
0.05536
0.004743
0.006273
0.010864
0.006191
0.003702
0.01395
0.006166
0.014034
0.034445
0.007344
0.033741
0.009781
0.004832
0.005107
0.015574
0.00659
0.003832
0.046245
0.003919
0.003588
0.005174
0.007005
0.015586
0.003648
0.011209
0.006188
0.00444
0.00639
0.010731
0.011927
0.004404
0.004631
0.010625
0.01792
0.014335
0.014312
0.014566
0.014413
0.015853
0.018914
0.010519
0.018137
0.023265
0.019302
0.02935
0.014491
0.014393
0.026061
0.014414
0.00674
0.012033
0.009694
0.005968
0.014246
0.008672
0.006108
0.007453
0.014041
0.018725
0.011789
0.044004
0.006029
0.006231
0.002683
0.017059
0.016142
0.012009
0.030945
0.016558
0.007576
0.004805
0.013262
0.012604
0.0052
0.005943
0.014201
0.011452
0.006386
0.013386
0.006861
0.011395
0.009985
0.006196
0.005919
0.01128
0.007715
0.008311
0.012765
0.010993
0.004352
0.013491
0.013443
0.00663
0.002273
0.006418
0.006939
0.015128
0.008602
0.007168
0.005887
0.006092
0.00439
0.013593
0.010168
0.013845
0.026971
0.005711