
0.000922
0.000824
0.001004
0.001046
0.001219
0.000965
0.000992
0.001024
0.000911
0.001019
0.00108
0.000977
0.000949
0.00151
0.000973
0.00092
0.000907
0.000946
0.001096
0.00105
0.000974
0.000876
0.001052
0.001114
0.001044
0.000956
0.000949
0.001096
0.000921
0.000855
0.001218
0.00102
0.001024
0.001102
0.001054
0.000913
0.001211
0.000999
0.001032
0.0009
0.000987
0.001001
0.001094
0.001008
0.000928
0.000919
0.000906
0.000852
0.000964
0.001166
0.001107
0.00113
0.001664
0.001682
0.002397
0.001791
0.002097
0.001927
0.001482
0.001187
0.002201
0.00231
0.00247
0.002138
0.003001
0.00166
0.001214
0.003091
0.001661
0.001052
0.001495
0.001801
0.003148
0.001714
0.001078
0.001549
0.001053
0.002192
0.001291
0.001166
0.001175
0.000999
0.001145
0.001428
0.001448
0.001115
0.001156
0.000838
0.001031
0.001048
0.000828
0.001289
0.001047
0.002887
0.000982
0.000946
0.001228
0.000946
0.002894
0.001088
0.001032
0.001016
0.001314
0.000936
0.001113
0.001841
0.000955
0.000969
0.001023
0.001182
0.00105
0.000924
0.000987
0.001076
0.000987
0.001154
0.001063
0.001074
0.000915
0.001066
0.001176
0.00103
0.000916
0.000984
0.001011
0.00142
0.001141
0.001161
0.001744
0.002067
0.001146
0.001432
0.002849
0.001198
0.001253
0.001754
0.00215
0.001219
0.001528
0.00137
0.000977
0.001799
0.002023
0.00134
0.001462
0.001112
0.001004
0.001234
0.001138
0.000985
0.001357
0.000956
0.001585
0.003168
0.001458
0.001092
0.000922
0.00093
0.001134
0.001114
0.001457
0.001083
0.001487
0.000997
0.003222
0.001038
0.001368
0.001031
0.001089
0.002037
0.001135
0.000982
0.001026
0.001098
0.000944
0.00083
0.001122
0.00107
0.00091
0.000859
0.000891
0.001155
0.000875
0.000985
0.0011
0.001173
0.001064
0.001295
0.002257
0.002622
0.000981
0.001276
0.003049
0.001066
0.001221
0.003471
0.001241
0.001464
0.000952
0.000977
0.000949
0.002254
0.000915
0.000994
0.00313
0.001128
0.0019
0.000976
0.000891
0.001056
0.001803
0.001388
0.00099
0.003724
0.000938
0.000966
0.00099
0.000965
0.003832
0.001069
0.001153
0.001126
0.000971
0.001672
0.001
0.001021
0.001171
0.001318
0.001029
0.001273
0.000991
0.001106
0.001364
0.001215
0.001335
0.001802
0.000927
0.001134
0.001237
0.0017
0.001208
0.001044
0.001137
0.001162
0.001331
0.001212
0.001919
0.001648
0.000947
0.002409
0.001091
0.001142
0.001215
0.001321
0.001281
0.001231
0.003663
0.001071
0.001416
0.000915
0.001355
0.002259
0.002076
0.003112
0.002739
0.001416
0.001026
0.001041
0.001336
0.000954
0.00087
0.001021
0.000982
0.001097
0.001371
0.001257
0.00101
0.000944
0.001
0.000962
0.001134
0.001071
0.0012
0.001131
0.001131
0.001203
0.001529
0.000967
0.000904
0.000899
0.001177
0.001054
0.001138
0.001207
0.000966
0.000946
0.000897
0.00189
0.001694
0.001531
0.001447
0.001633
0.000945