
0.060498
0.0564813
0.0673907
0.0718136
0.0839189
0.133026
0.133219
0.0179014
0.0261904
0.047018
0.0300384
0.0443539
0.0392128
0.0507635
0.0507635
0.0687592
0.0927531
0.104893
0.0822389
0.100696
0.120309
0.108805
0.0881265
0.0785938
0.061232
0.0564378
0.0609739
0.0657384
0.0577957
0.0651656
0.0603893
0.0694535
0.0625422
0.0583571
0.0746405
0.0736975
0.0764565
0.0646549
0.0561501
0.0611854
0.05511
0.05511
0.0592216
0.0550738
0.0457749
0.0454593
0.0272495
0.0219922
0.217379
0.190237
0.182859
0.201824
0.21262
0.0659999
0.038408
0.0297159
0.0601307
0.0465523
0.0659417
0.0229725
0.0231694
0.0320256
0.0485008
0.0519768
0.0543294
0.0141599
0.0322762
0.0239665
0.0338629
0.0271621
0.0361151
0.0303839
0.0391764
0.0391764
0.0424933
0.0302617
0.0302772
0.040146
0.0248044
0.040151
0.0288085
0.0540673
0.0284528
0.012751
0.0474273
0.0356253
0.0356253
0.0547678
0.0154718
0.0308451
0.0350686
0.0197532
0.0224732
0.00741786
0.0195564
0.0116622
0.0288307
0.0451811
0.0206842
0.0283229
0.0378447
0.0252194
0.0252194
0.0248654
0.0370052
0.0375727
0.0220162
0.0163958
0.0163958
0.0104566
0.00708229
0.0111987
0.0129654
0.0154745
0.0161396
0.019654
0.0241741
0.0865178
0.0814105
0.279459
0.299677
0.299677
0.307467
0.302322
0.309739
0.284414
0.304685
0.304685
0.279317
0.287116
0.307129
0.307129
0.314715
0.28923
0.119473
0.0760139
0.0710773
0.0458546
0.066082
0.0408466
0.0609183
0.048475
0.0687682
0.0435443
0.0532982
0.0610171
0.035716
0.0434066
0.052649
0.0352308
0.0676872
0.0753634