
2e-06
1e-06
1e-06
1e-06
2e-06
1e-06
1e-06
1e-06
2e-06
1e-06
1e-06
1e-06
1e-06
1e-06
1e-06
1e-06
2e-06
1e-06
1e-06
1e-06
1e-06
1e-06
0
1e-06
1e-06
1e-06
0
1e-06
1e-06
1e-06
1e-06
0
2e-06
1e-06
1e-06
1e-06
1e-06
0
0
0
1e-06
1e-06
1e-06
1e-06
0
1e-06
0
1e-06
1e-06
1e-06
0
1e-06
2e-06
3e-06
3e-06
3e-06
3e-06
4e-06
1e-06
2e-06
3e-06
4e-06
6e-06
3e-06
0.000178
3e-06
1e-06
6e-06
2e-06
1e-06
2e-06
2e-06
8e-06
3e-06
1e-06
0.072153
0.029411
0.066552
0.028562
0.028824
0.053891
2e-06
1e-06
2e-06
3e-06
1e-06
2e-06
2e-06
1e-06
0.033046
2e-06
1e-06
1e-06
7e-06
2e-06
2e-06
1e-06
2e-06
5e-06
2e-06
1e-06
2e-06
1e-06
2e-06
1e-06
3e-06
2e-06
0.028392
0.028718
0.026916
0.029577
0.028502
0.027605
0.026977
0.024609
0.048532
0.036975
0.034592
0.025052
0.024127
0.044813
0.027498
0.028156
0.027221
2e-06
2e-06
2e-06
1e-06
8.1e-05
2e-06
2e-06
1e-06
6e-06
2e-06
1e-06
2e-06
5e-06
2e-06
2e-06
2e-06
4e-06
3e-06
4e-06
3e-06
2e-06
2e-06
0.046473
0.026411
0.028671
0.030046
0.028269
0.028655
0.069994
0.092554
0.035585
0.031477
0.032542
0.032599
0.0324
2e-06
1e-06
2e-06
2e-06
2e-06
5e-06
1e-06
1e-06
1e-06
1e-06
3e-06
2e-06
2e-06
0.032261
0.033199
0.035664
0.036907
0.035413
0.031256
0.031201
0.029653
0.02935
0.026879
0.026884
1e-06
2e-06
1e-06
2e-06
2e-06
6e-06
4e-06
2e-06
1e-06
8e-06
3e-06
1e-06
7e-06
2e-06
3e-06
0.025033
0.026672
0.024921
5e-06
0.035659
0.036486
0.072178
0.030194
0.064414
0.026153
0.025542
0.011383
0.054842
0.023849
0.012811
0.064875
0.018409
0.017073
0.017353
0.017456
0.018193
0.017247
0.020577
0.021421
0.017271
0.037892
0.01588
0.020542
0.038274
0.056069
0.02442
0.02043
0.023484
0.026975
0.024591
0.026683
0.024986
0.087255
0.026088
0.025219
0.027098
0.066465
0.029056
0.033766
0.036907
0.047374
0.02102
0.01797
0.0851
0.059592
0.01855
0.070386
0.017607
0.015419
0.038002
0.015648
0.015931
0.015606
0.080846
0.019354
0.016019
0.013158
0.032734
0.074769
0.06024
0.061944
0.064172
0.064008
0.021416
0.015956
0.014415
0.013881
0.013732
0.013615
0.016404
0.018246
0.038506
0.023038
0.02053
0.020394
0.020535
0.020163
0.019811
0.020025
0.020059
0.019975
0.042914
0.022059
0.056461
0.021919
0.021176
0.021346
0.021716
0.022256
0.021319
0.023389
0.024196
0.019789
0.019254
0.057948
0.079872
0.068463
0.029444
0.058673
0.019315