
0.007429
0.008979
0.024619
0.005703
0.014005
0.007499
0.009632
0.007827
0.00765
0.015307
0.012796
0.013553
0.013784
0.007681
0.007901
0.012116
0.006724
0.015391
0.019723
0.006968
0.007052
0.007298
0.016353
0.016413
0.007797
0.007456
0.00829
0.01568
0.0077
0.008383
0.007998
0.0145
0.006706
0.01446
0.007662
0.009419
0.008784
0.007709
0.006831
0.008214
0.013596
0.009689
0.008155
0.014142
0.008877
0.007795
0.006914
0.006674
0.008472
0.00764
0.014043
0.007324
0.015144
0.018083
0.026526
0.017969
0.032586
0.015493
0.01354
0.010513
0.020371
0.022525
0.018774
0.016057
0.028547
0.013325
0.009489
0.03212
0.021223
0.006176
0.018948
0.014377
0.021487
0.01476
0.01667
0.094018
0.044512
0.179367
0.041514
0.052378
0.067496
0.011233
0.014981
0.084902
0.024103
0.0164
0.027315
0.021815
0.011008
0.043922
0.010934
0.007625
0.009396
0.04241
0.007604
0.026428
0.027525
0.010772
0.021047
0.019065
0.012564
0.013258
0.030789
0.010861
0.00961
0.038555
0.015391
0.044141
0.04583
0.057149
0.03579
0.040661
0.038778
0.040559
0.039008
0.055468
0.049017
0.041565
0.042131
0.04078
0.051837
0.047057
0.039907
0.033127
0.010706
0.038336
0.014833
0.011446
0.029067
0.030956
0.01398
0.019374
0.060903
0.00744
0.006601
0.028214
0.044166
0.011816
0.017998
0.023386
0.021878
0.016942
0.013138
0.019854
0.024316
0.020833
0.06261
0.038862
0.047824
0.041549
0.045633
0.044251
0.085713
0.13158
0.065631
0.050571
0.050572
0.041684
0.061941
0.02903
0.027525
0.01356
0.045002
0.014536
0.025408
0.019272
0.026855
0.017816
0.008024
0.037225
0.018967
0.021167
0.048604
0.056546
0.059065
0.049823
0.068251
0.048071
0.039179
0.040429
0.039516
0.044274
0.045074
0.00605
0.019407
0.023177
0.01289
0.016571
0.014565
0.039176
0.011465
0.018079
0.030307
0.006335
0.017159
0.064742
0.007528
0.008721
0.039549
0.035257
0.030968
0.02073
0.044356
0.054649
0.111996
0.04038
0.112029
0.039568
0.033106
0.020448
0.077196
0.033287
0.019042
0.118823
0.024615
0.025655
0.027503
0.030907
0.038042
0.02258
0.03562
0.03075
0.023426
0.046913
0.030202
0.040021
0.049335
0.066936
0.042236
0.045004
0.04653
0.045358
0.047128
0.048384
0.048275
0.123723
0.043511
0.056477
0.067715
0.098124
0.077666
0.059611
0.058956
0.089169
0.04039
0.027515
0.102849
0.074222
0.027476
0.094374
0.030471
0.024365
0.048784
0.033322
0.040864
0.035896
0.140625
0.033451
0.025541
0.019102
0.055356
0.099814
0.079394
0.106195
0.089472
0.074712
0.028951
0.033421
0.043401
0.025866
0.027932
0.040791
0.036139
0.031781
0.061048
0.038638
0.039418
0.043632
0.034247
0.034572
0.038305
0.039104
0.038366
0.04116
0.067935
0.030641
0.078768
0.047127
0.036614
0.026553
0.035042
0.037029
0.054417
0.041448
0.037777
0.028158
0.027936
0.067843
0.098989
0.084071
0.0475
0.093407
0.027941