
1.5118e+09
0.009197
0.01069
0.026506
0.00734
0.015499
0.008968
0.011156
0.00915
0.008937
0.016777
0.014292
0.015042
0.015309
0.009159
0.009403
0.013625
0.008218
0.016929
0.021486
0.008735
0.008819
0.008864
0.017667
0.017658
0.009046
0.008736
0.009556
0.016873
0.008902
0.009656
0.009182
0.0157
0.007919
0.015628
0.008817
0.010647
0.009933
0.00885
0.00798
0.009381
0.014885
0.011139
0.009422
0.015235
0.009993
0.008899
0.00803
0.007794
0.009579
0.008765
0.016337
0.060481
0.04266
0.071132
0.03689
0.063188
0.043189
0.048769
0.035314
0.077647
0.033365
0.067808
0.028386
0.086222
0.041359
0.031668
0.039287
0.070252
0.02568
0.063201
0.036615
0.09156
0.035132
0.031438
0.282363
0.13615
0.078577
0.237996
0.049276
0.433607
0.104671
0.020946
0.087081
0.133115
0.052406
0.155461
0.05304
0.032584
0.082492
0.072105
0.019154
0.026153
0.131609
0.0816
0.044565
0.034827
0.066459
0.044425
0.071402
0.027876
0.056617
0.02912
0.062171
0.038343
0.060383
0.206803
0.035154
0.061426
0.05254
0.077168
0.041836
0.05919
0.044865
0.061712
0.099021
0.11135
0.107575
0.056907
0.046063
0.102498
0.166025
0.063852
0.043965
0.055394
0.038545
0.063846
0.036203
0.076125
0.037272
0.084489
0.019237
0.094436
0.093922
0.027243
0.085621
0.090583
0.068776
0.031406
0.054659
0.207382
0.076706
0.090719
0.047533
0.025702
0.063115
0.042012
0.082166
0.045568
0.067967
0.061026
0.052426
0.065187
0.122054
0.146944
0.260008
0.072654
0.072349
0.048752
0.083893
0.035889
0.06365
0.036613
0.071732
0.039306
0.059666
0.028051
0.065297
0.035101
0.116367
0.241527
0.04015
0.050423
0.054814
0.0792
0.082513
0.07247
0.074328
0.058454
0.049377
0.211969
0.056115
0.06063
0.049106
0.040798
0.037136
0.069154
0.031775
0.084179
0.025001
0.058887
0.031247
0.121668
0.057925
0.030905
0.119106
0.07257
0.052131
0.247863
0.056319
0.03981
0.106181
0.033404
0.108716
0.237029
0.13848
0.057389
0.138045
0.048059
0.150077
0.071358
0.10328
0.038031
0.088159
0.130883
0.176817
0.039084
0.040868
0.060085
0.041881
0.05947
0.040396
0.057683
0.047373
0.053193
0.192771
0.097286
0.063813
0.089187
0.056722
0.049459
0.054754
0.230805
0.063299
0.052695
0.106053
0.143616
0.047809
0.064254
0.296157
0.124654
0.097236
0.081338
0.120036
0.265675
0.043787
0.10101
0.124115
0.093549
0.081287
0.124634
0.041877
0.040599
0.060547
0.036524
0.055896
0.221983
0.310019
0.144782
0.034979
0.048853
0.106465
0.121935
0.099558
0.127093
0.120387
0.090593
0.037974
0.155256
0.053007
0.145982
0.038003
0.052169
0.040509
0.103146
0.075532
0.041736
0.057153
0.056151
0.037233
0.046657
0.059591
0.042133
0.0579
0.096282
0.254774
0.04259
0.096275
0.050242
0.060417
0.039788
0.06163
0.040176
0.068423
0.056014
0.136531
0.040048
0.050352
0.105432
0.158917
0.103825
0.050302
0.113044