
0.000881
0.007108
0.019742
0.019956
0.01371
0.024543
0.024588
0.036567
0.01102
0.018992
0.013361
0.035614
0.009504
0.030271
0.026135
0.036388
0.012634
0.028544
0.035645
0.023422
0.015242
0.018002
0.029041
0.019062
0.077837
0.021218
0.018581
0.020456
0.024491
0.020413
0.01129
0.005171
0.012298
0.011563
0.012238
0.011892
0.010647
0.052539
0.049296
0.051904
0.010875
0.0565
0.002768
0.011998
0.011273
0.013133
0.023072
0.047694
0.05948
0.018133
0.029259
0.054716
0.016657
0.003535
0.049612
0.062623
0.022883
0.014242
0.012359
0.01272
0.012265
0.013359
0.022391
0.004172
0.013979
0.01396
0.014075
0.013967
0.017328
0.021003
0.01442
0.064897
0.003263
0.014405
0.014535
0.015484
0.016175
0.015462
0.003554
0.003348
0.011925
0.011743
0.012151
0.017506
0.029665
0.013956
0.067349
0.016351
0.065747
0.002843
0.00381
0.011468
0.0561
0.055549
0.0026
0.017638
0.011726
0.015811
0.003113
0.046963
0.016834
0.045936
0.003894
0.008571
0.009137
0.010617
0.00886
0.002167
0.052139
0.009657
0.014815
0.009799
0.002837
0.011266
0.051979
0.012693
0.002705
0.049365
0.018412
0.013792
0.015447
0.054344
0.011225
0.049693
0.013664
0.013108
0.05001
0.017177
0.007847
0.00818
0.008192
0.003144
0.002018
0.006483
0.047079
0.013381
0.013057
0.014064
0.020633
0.010926
0.008577
0.006756
0.006997
0.006845
0.007939
0.052122
0.010504
0.009409
0.00902
0.009194
0.009169
0.050684
0.009742
0.008614
0.012562
0.009691
0.010683
0.010249
0.010602
0.008715
0.008974
0.026839
0.053947
0.014434
0.014547
0.006862