
42
24
146
47
101
47
112
15
106
42
18
48
15
113
148
49
49
21
144
49
152
49
109
10
106
49
147
55
14
55
109
26
55
243
33
141
100
141
274
434
53
117
231
395
231
106
231
231
203
141
161
253
93
390
231
188
430
184
141
231
161
253
271
500
207
216
141
141
319
210
106
106
418
266
194
285
138
333
176
383
418
442
325
418
45
248
237
45
138
333
45
235
91
441
373
37
51
248
50
215
423
333
256
215
299
335
48
215
338
191
57
48
48
338
57
366
191
335
393
61
337
83
83
74
83
72
202
83
61
73
342
72
61
369
383
416
383
265
500
261
422
390
158
367
230
500
363
71
71
259
71
71
262
154
500
71
500
500
154
364
404
500
226
364
318
364
500
398
364
76
500
122
500
500
117
385
63
63
63
108
7
63
118
55
63
63
63
63
85
73
64
49
88
74
88
14
108
500
500
435
99
355
500
206
55
500
169
200
437
500
55
500
500
127
245
55
500
207
55
245
117
55
55
226
55
500
54
95
37
85
72
90
37
35
37
86
50
50
352
137
49
123
137
500
46
90
78
88
14
46
46
78
45
45
276
200
58
500
330
108
32
89
81
83
13
12
14
13
12
12
15
154
63
56
490
45
29
89
37
78
31
15
56
31
31
15
20
15
32
428
45
271
76
72
76
342
27
109
16
73
112
18
33
18
52
18
44
51
73
25
103
472
21
500
17
40
34
66
64
13
49
37
53
37
19
14
17
19
18
18
18
13
120
42
14
37
38
60
14
37
122
91
14
14
37
32
54
122
38
37
37
66
110
110
49
119
110
119
500
119
110
500
48
66
110
119
110
66
213
119
110
500
119
500
25
119
55
31
89
47
55
55
55
55
55
31
90
90
31
90
46
56
56
56
56
56
31
85
148
115
500
34
137
137
137
137
137
115
137
35
500
136
137
136
137
137
137
85
407
148
147
149
23
97
149
149
149
149
135
73
98
57
208
157
105
14
105
139
158
158
158
139
75
168
33
64
33
104
22
51
64
80
103
33
24
104
77
24
36
74
77
58
31
98
15
68
29
71
98
32
162
17
10
164
135
17
72
86
93
164
140
27
115
143
6
198
124
143
76
500
144