
0.055049
0.003997
0.004913
0.010553
0.004907
0.00246
0.002599
0.00486
0.003915
0.005208
0.003886
0.003731
0.009706
0.007878
0.008619
0.008674
0.003761
0.004362
0.007783
0.003806
0.009617
0.0023
0.009629
0.00396
0.003943
0.003622
0.005064
0.004069
0.004384
0.00469
0.004418
0.00356
0.00435
0.004661
0.003928
0.004357
0.004329
0.004016
0.004286
0.003696
0.003183
0.003858
0.003829
0.003982
0.005072
0.004697
0.003793
0.003667
0.004276
0.00856
0.005139
0.004104
0.003916
0.003576
0.004754
0.004063
0.00396
0.00387
0.00444
0.003746
0.003859
0.004019
0.003776
0.008433
0.010173
0.014887
0.008224
0.008413
0.008929
0.007031
0.006838
0.005043
0.010978
0.01108
0.010629
0.008297
0.012481
0.00697
0.004831
0.015373
0.007537
0.004685
0.002416
0.010628
0.007731
0.01087
0.007743
0.004556
0.003983
0.062149
0.003162
0.001755
0.004059
0.002979
0.003289
0.003001
0.003329
0.002966
0.005457
0.004897
0.010233
0.002575
0.006592
0.002936
0.009388
0.021559
0.003406
0.007378
0.003876
0.003864
0.01164
0.003307
0.062481
0.003744
0.001756
0.004337
0.002998
0.003063
0.003457
0.002408
0.005491
0.012167
0.004011
0.004168
0.003476
0.002321
0.00685
0.001763
0.007851
0.012813
0.003966
0.004506
0.011047
0.00288
0.006683
0.003331
0.049964
0.001657
0.003216
0.009552
0.00596
0.010367
0.003276
0.006434
0.006156
0.006233
0.003817
0.004811
0.027326
0.003497
0.00942
0.006737
0.006681
0.010448
0.005461
0.011548
0.006442
0.004788
0.007204
0.007787
0.012458
0.00658
0.00628
0.004852
0.007603
0.017075
0.067809
0.003053
0.002982
0.009404
0.01028
0.010473
0.008256
0.010589
0.002668
0.006969
0.006521
0.002885
0.003683
0.008577
0.002888
0.006724
0.00318
0.010388
0.010522
0.002871
0.073801
0.008953
0.003337
0.006966
0.002493
0.006165
0.012963
0.011006
0.008802
0.007186
0.017559
0.016611
0.003671
0.008062
0.011801
0.022852
0.01179
0.003183
0.003092
0.019209
0.006031
0.019964
0.006758
0.010773
0.014319
0.070373
0.002786
0.002627
0.002538
0.002631
0.002667
0.003229
0.009763
0.009099
0.007022
0.012582
0.015912
0.013624
0.009822
0.00731
0.011795
0.006308
0.010345
0.009677
0.007954
0.028208
0.006369
0.012429
0.083377
0.002395
0.002397
0.002374
0.002414
0.002334
0.011705
0.01151
0.004731
0.009162
0.010016
0.012126
0.005799
0.008142
0.008453
0.008315
0.015379
0.01324
0.008351
0.01369
0.01173
0.003649
0.011997
0.011658
0.003865
0.025595
0.075109
0.00286
0.002798
0.002714
0.00345
0.001078
0.002747
0.004564
0.003278
0.002487
0.002686
0.009133
0.002701
0.010468
0.002788
0.005994
0.003826
0.011123
0.003653
0.011784
0.002924
0.004876
0.002498
0.005918
0.007216
0.00431
0.003735
0.006063
0.004173
0.002317
0.001616
0.003281
0.00332
0.075759
0.002983
0.005439
0.010619
0.011569
0.002472
0.012907
0.014249
0.00589
0.009831
0.00638
0.027823
0.006059
0.003156
0.007547
0.01482
0.002857
0.002501
0.006623
0.009247
0.038139
0.003164
0.004316
0.068757
0.003068
0.003509
0.003572
0.002714
0.002646
0.002733
0.002829
0.003739
0.002373
0.002324
0.00888
0.004749
0.002478
0.010308
0.004769
0.011606
0.060228
0.003168
0.003153
0.003563
0.00287
0.001742
0.002921
0.003242
0.003778
0.002258
0.002227
0.029536
0.005475
0.004295
0.023932
0.007822
0.00349
0.03135
0.002107
0.002917
0.003679
0.002491
0.0012
0.001577
0.001455
0.001197
0.00152
0.001481
0.003714
0.001361
0.012117
0.004736
0.002548
0.039855
0.002698
0.045256
0.002343
0.003088
0.003299
0.002512
0.00254
0.001513
0.002613
0.002779
0.001708
0.002362
0.001748
0.003737
0.001792
0.005447
0.002912
0.010509
0.002292
0.009046
0.004487
0.003176
0.004215
0.008716
0.053896
0.002139
0.004196
0.00179
0.002496
0.004189
0.001763
0.002072
0.0017
0.003041
0.001615
0.009753
0.002337
0.002909
0.003427
0.003003
0.003295
0.008589
0.002156
0.003616
0.011161
0.011836
0.002013
0.011752
0.065929
0.001934
0.002055
0.002744
0.002335
0.004414
0.001564
0.003131
0.002957
0.003041
0.002686
0.01178
0.00185
0.011729
0.001705
0.013065
0.00186
0.005476
0.009751
0.002933
0.002966
0.008607
0.002096
0.011939
0.002942
0.001653
0.001775
0.007512
0.011998
0.004504
0.002233
0.066931
0.001898
0.002041
0.002711
0.00208
0.001622
0.002312
0.004329
0.001565
0.00165
0.015778
0.003376
0.012415
0.012202
0.002995
0.003345
0.011953
0.00458
0.011771
0.002168
0.011863
0.01008
0.002238
0.002065
0.039881
0.001941
0.011583
0.002015
0.002956
0.008934
0.007207
0.004458
0.010589
0.006517
0.004467
0.005539
0.011256
0.004408
0.010971
0.004551
0.004746
0.001669
0.036156
0.003505
0.002047
0.003724
0.001995
0.002972
0.003252
0.003382
0.003223
0.003133
0.002064
0.0376
0.005962
0.044721
0.004248
0.002018
0.003777
0.002253
0.003222
0.003207
0.003204
0.003147
0.003143
0.001891
0.004358
0.003951
0.037254
0.001707
0.00424
0.001623
0.001642
0.014024
0.01217
0.008703
0.011298
0.013512
0.012203
0.005397
0.003379
0.010997
0.032203
0.001503
0.004162
0.005831
0.004694
0.004036
0.00373
0.003441
0.033962
0.001476
0.004481
0.004526
0.011742
0.005623
0.009391
0.003053
0.00469
0.003476
0.010771
0.003377
0.004959
0.004515
0.009279
0.00211
0.003396
0.004523
0.003209
0.003448
0.004571
0.003659
0.004362
0.004099
0.009065
0.002749
0.001367
0.004543
0.001906
0.004201
0.004826
0.001443
0.003541
0.001478
0.010419
0.003011
0.00391
0.004749
0.003894
0.003699
0.055
0.003453
0.002767
0.003907
0.001423
0.003365
0.002751
0.003576
0.004075
0.00277
0.005277
0.002939
0.001776
0.010689
0.002337
0.011125
0.005411
0.005088
0.004907
0.001283
0.001423
0.004634
0.003554
0.005171
0.00383
0.003687
0.008768
0.004063
0.005376
0.006479
0.00484
0.005401
0.002844
0.051011
0.00449
0.004667
0.002342
0.002396
0.010395
0.007558
0.007125
0.003955
0.022513
0.004194