
190
102
146
287
169
234
441
245
155
190
426
97
144
292
152
239
438
243
434
227
243
101
141
100
141
274
434
53
431
231
210
433
500
418
266
194
285
138
333
176
260
433
444
406
79
373
306
394
354
50
61
337
426
396
141
376
72
202
369
61
363
500
415
259
378
365
262
154
500
404
495
495
357
108
109
495
404
77
378
397
500
500
435
95
355
500
206
55
500
169
379
301
123
90
167
162
365
237
494
494
398
306
128
88
54
156
384
128
494
494
98
305
130
83
54
72
43
54
72
72
94
306
46
78
369
68
56
267
386
68
92
317
342
73
433
65
331
65
411
65
322
383
48
66
479
496
340
73
409
73
317
380
55
60
489
488
280
91
477
184
66
110
110
49
119
110
119
500
119
110
80
104
500
47
133
133
133
133
133
104
500
104
500
46
134
134
134
134
134
104
148
115
500
34
137
137
137
137
137
115
148
147
149
23
97
149
149
149
149
135
208
157
105
14
105
139
158
158
158
139
166
411
156
15
106
361
159
156
369
500
244
162
478
5
76
55
167
169
289
500