
0.001314
0.001023
0.00087
0.001029
0.000979
0.000921
0.001001
0.000827
0.000933
0.000948
0.000949
0.000977
0.000909
0.000907
0.000777
0.000836
0.000917
0.000928
0.000865
0.000865
0.000986
0.000983
0.000823
0.000943
0.001036
0.000893
0.000828
0.000852
0.000835
0.000881
0.001127
0.000931
0.000765
0.000846
0.000968
0.000899
0.000895
0.000919
0.001024
0.001148
0.000961
0.00095
0.000911
0.000902
0.000988
0.001938
0.001105
0.00089
0.000805
0.000871
0.000802
0.001192
0.001044
0.001009
0.001306
0.000881
0.001064
0.000916
0.000996
0.001008
0.001042
0.000805
0.00102
0.000889
0.001076
0.000881
0.001013
0.001055
0.001008
0.000946
0.000994
0.000843
0.000974
0.000847
0.001159
0.001039
0.00115
0.001144
0.001062
0.000951
0.00115
0.001231
0.000972
0.001114
0.001049
0.001359
0.000937
0.001043
0.000962
0.000996
0.000888
0.000935
0.001042
0.000857
0.001196
0.000885
0.001145
0.000872
0.001112
0.001075
0.001083
0.001123
0.000957
0.000948
0.001136
0.000887
0.001045
0.001072
0.000831
0.000841
0.001045
0.001027
0.000969
0.00118
0.001124
0.001012
0.001017
0.000991
0.000922
0.000867
0.000836
0.001098
0.000938
0.00098
0.00108
0.000982
0.000999
0.001008
0.001073
0.000946
0.001172
0.001059
0.001625
0.000996
0.00106
0.001302
0.001022
0.001109
0.000892
0.00106
0.001015
0.000883
0.000881
0.000958
0.00092
0.001096
0.001068
0.001077
0.00088
0.001066
0.001094
0.000864
0.001085
0.000959
0.001005
0.000868
0.001049
0.001074
0.00107
0.000936
0.001
0.000898
0.00101
0.001081
0.001148
0.000911
0.000949
0.0009
0.001068
0.001097
0.001492
0.00095
0.001032
0.00103
0.000947
0.001187
0.001024
0.001183
0.000901
0.001235
0.000952
0.00102
0.001076
0.000867
0.001021
0.001037
0.000821
0.0008
0.001013
0.000911
0.001283
0.000935
0.001022
0.000851
0.001051
0.000991
0.000904
0.000941
0.000989
0.000939
0.00079
0.001035
0.001149
0.000938
0.00094
0.001141
0.001092
0.001057
0.000962
0.000945
0.000871
0.000896
0.00096
0.001225
0.001022
0.00095
0.001128
0.000903
0.000939
0.000915
0.000899
0.001153
0.001023
0.000985
0.001078
0.001109
0.000829
0.001015
0.000916
0.00096
0.00101
0.00115
0.000905
0.000872
0.000953
0.000907
0.000789
0.00101
0.001003
0.001053
0.001069
0.001084
0.000945
0.000975
0.001101
0.001018
0.000962
0.001118
0.000955
0.000928
0.001025
0.001128
0.000863
0.000941
0.00104
0.001085
0.000866
0.001625
0.00199
0.001151
0.000906
0.000864
0.000895
0.001064
0.001125
0.000894
0.001295
0.001142
0.001238
0.00099
0.000963
0.000961
0.000994
0.000955
0.001009
0.00098
0.001079
0.000802
0.001198
0.001093
0.001036
0.001058
0.000888
0.001091
0.001087
0.000892
0.000868
0.001146
0.001182
0.001084
0.000861
0.001055
0.000981
0.001102
0.001286
0.000923
0.000876
0.000985
0.001004
0.001256
0.001145
0.000854
0.001037
0.001103