
0.019552
0.019159
0.00587
0.008172
0.006138
0.006943
0.005397
0.006277
0.008867
0.005368
0.005518
0.005908
0.006795
0.005965
0.006129
0.005573
0.006688
0.006195
0.005166
0.005324
0.008153
0.009718
0.005718
0.005278
0.013209
0.005787
0.005724
0.009599
0.006384
0.006262
0.010947
0.005274
0.005118
0.006819
0.01122
0.01004
0.010866
0.00712
0.01188
0.004315
0.008697
0.007191
0.005479
0.007743
0.009573
0.004949
0.014911
0.005333
0.005373
0.008675
0.003907
0.009186
0.004548
0.008445
0.009503
0.003951
0.009012
0.01075
0.003432
0.005758
0.00604
0.005205
0.003038
0.005253
0.005237
0.004277
0.005508
0.004478
0.005527
0.006296
0.00422
0.007303
0.00702
0.005422
0.0081
0.010733
0.014346
0.010448
0.005129
0.006806
0.006595
0.005399
0.013521
0.009298
0.010168
0.017785
0.005167
0.006491
0.006434
0.007934
0.005457
0.014127
0.010129
0.006631
0.015929
0.005072
0.005302
0.005743
0.00572
0.010059
0.006107
0.005869
0.013587
0.00595
0.016143
0.012011
0.004261
0.012133
0.012472
0.005692
0.015197
0.006062
0.006123
0.00594
0.011141
0.004648
0.009243
0.010038
0.006376
0.009986
0.005836
0.004712
0.005725
0.004978
0.006502
0.009171
0.020612
0.018807
0.011902
0.00633
0.010589
0.005938
0.01223
0.00503
0.01429
0.021867
0.01418
0.004874
0.010823
0.00477
0.004542
0.006033
0.006618
0.004389
0.004159
0.014166
0.018446
0.009458
0.004835
0.018063
0.011663
0.004331
0.014555
0.008039
0.005519
0.00795
0.015981
0.01193
0.014378
0.00424
0.005606
0.005082
0.005952
0.019138
0.005066
0.004158
0.01201
0.012804
0.005539
0.006772
0.011124
0.011021
0.005545
0.005595
0.004914
0.005801
0.00595
0.014914
0.004567
0.014782
0.010735
0.010723
0.018971
0.010156
0.014626
0.01452
0.004322
0.004916
0.007242
0.004603
0.004653
0.004875
0.010627
0.006557
0.00608
0.010688
0.011813
0.013124
0.011413
0.004288
0.011702
0.006547
0.016655
0.012952
0.012578
0.010036
0.006494
0.00505
0.004649
0.012847
0.006346
0.005719
0.012537
0.019166
0.005556
0.00561
0.008464
0.010315
0.012777
0.011022
0.012224
0.017293
0.00479
0.004059
0.012898
0.011794
0.00829
0.00388
0.003925
0.010057
0.00479
0.005013
0.00386
0.004604
0.008411
0.008403
0.009544
0.011888
0.010337
0.01019
0.012153
0.013463
0.010256
0.012538
0.010461
0.013121
0.005051
0.011742
0.009756
0.003405
0.005021
0.009686
0.637138
0.008418
0.010308
0.00482
0.004887
0.006594
0.003998
0.005683
0.010824
0.012467
0.010255
0.01352
0.00616
0.01281
0.013714
0.004692
0.016265
0.004762
0.009221
0.004088
0.009141
0.011495
0.005762
0.009746
0.008977
0.007219
0.023383
0.009842
0.007332
0.014224
0.006789
0.007001
0.013034
0.004761
0.006152
0.014018
0.011072
0.021038
0.008926
0.024771
0.014766
0.014553
0.014655
0.005301
0.010923
0.013137
0.002314
0.014867
0.018678
0.009451
0.013906
0.014741