
0.0282843
0.060498
0.0627503
0.105679
0.0733115
0.0558504
0.0336259
0.0230586
0.0138304
0.0360855
0.0257462
0.0284395
0.0961237
0.0645289
0.102732
0.108204
0.00479404
0.0241504
0.00979924
0.0166261
0.0172076
0.0237035
0.0944981
0.0944981
0.0317042
0.0132976
0.0222211
0.0360399
0.0047306
0.0220633
0.0184862
0.014903
0.0289091
0.0289091
0.0287366
0.0282372
0.0282043
0.0281553
0.0281631
0.0281548
0.0281462
0.0281508
0.0281095
0.0280711
0.0280466
0.0280466
0.0280181
0.028119
0.0279358
0.0279554
0.0279971
0.0279747
0.0279693
0.0279693
0.0278607
0.0279568
0.0279568
0.0276679
0.0277353
0.0279091
0.0279439
0.0279787
0.0279787
0.0281183
0.0230173
0.056032
0.0577207
0.0780907
0.0754038
0.0958292
0.0795852
0.0916029
0.0916029
0.12074
0.112019
0.123989
0.13599
0.109512
0.0831267
0.0813505
0.109989
0.0353021
0.0171154
0.014328
0.0397666
0.0252927
0.0530908
0.0497892
0.0496715
0.0173262
0.00822476
0.0278529
0.0125341
0.0329888
0.0122051
0.0660023
0.0315922
0.0315922
0.0195324
0.0195324
0.0356348
0.0258284
0.0300422
0.0524322
0.0602702
0.0314638
0.0172379
0.0192126
0.04065
0.0501705
0.0598643
0.0243108
0.0571852
0.0571852
0.0549553
0.0701314
0.0967769
0.0994873
0.131723
0.164721
0.146824
0.167805
0.152491
0.185977
0.113407
0.103983
0.198
0.176398
0.164082
0.148424
0.156926
0.0487927
0.0281997
0.0404314
0.0443259
0.0566376
0.0360227
0.0604867
0.0501216
0.0136085
0.0100028
0.0304399
0.0388248
0.0227397
0.011553
0.0432308
0.0166766
0.0126778
0.0169502
0.0169502
0.00978565
0.0139238
0.0288184
0.0246752
0.0331621
0.00892114
0.0287578
0.0368404
0.0129673
0.0206799
0.0286377
0.0659928
0.0242079
0.0046302
0.0199235
0.0109027