
2.3e-05
1e-06
1e-06
1e-06
1e-06
1e-06
1e-06
0
2e-06
1e-06
1e-06
1e-06
1e-06
1e-06
1e-06
1e-06
2e-06
1e-06
1e-06
1e-06
0
1e-06
1e-06
1e-06
0
1e-06
1e-06
1e-06
1e-06
1e-06
0
1e-06
2e-06
1e-06
1e-06
0
1e-06
1e-06
1e-06
2e-06
1e-06
1e-06
1e-06
1e-06
1e-06
2e-06
1e-06
1e-06
0
0
1e-06
1e-06
1e-06
1e-06
1e-06
1e-06
2e-06
1e-06
2e-06
1e-06
1e-06
1e-06
1e-06
1e-06
2e-06
1e-06
1e-06
1e-06
1e-06
1e-06
2e-06
1e-06
1e-06
1e-06
1e-06
0.02172
0.058904
0.065427
0.030559
0.025246
0.025517
0.028036
0.025633
0.023919
0.025321
0.023205
0.023051
1e-06
1e-06
1e-06
1e-06
2e-06
1e-06
1e-06
1e-06
1e-06
1e-06
1e-06
1e-06
1e-06
2e-06
2e-06
1e-06
1e-06
2e-06
2e-06
1e-06
1e-06
1e-06
1e-06
1e-06
2e-06
0.023929
0.060208
0.058334
0.061004
0.020729
0.018426
0.015568
0.015695
0.016869
2e-06
0.017516
1e-06
1e-06
1e-06
1e-06
1e-06
2e-06
1e-06
1e-06
1e-06
1e-06
1e-06
1e-06
2e-06
2e-06
0.035875
0.03253
0.031664
0.027924
0.027834
0.027774
0.028106
0.027528
0.026997
0.027221
1e-06
1e-06
1e-06
2e-06
1e-06
1e-06
2e-06
1e-06
1e-06
1e-06
2e-06
1e-06
2e-06
1e-06
1e-06
1e-06
1e-06
0.057901
0.018027
0.014599
1e-06
1e-06
0.058365
0.017412
0.018772
0.058452
0.054629
0.017781
0.053543
0.015159
0.052397
0.018449
0.057228
0.018219
0.057339
0.02192
0.022486
0.022821
0.061243
0.022555
0.022691
0.062533
0.023029
0.060101
0.022422
0.058577
0.024414
0.025067
0.022886
0.023869
0.023053
0.02178
2e-06
1e-06
1e-06
0.059826
2e-06
0.024369
0.060228
0.023049
0.059571
0.023004
0.020256
0.02057
0.020584
0.018413
0.056546
0.018167
0.018423
0.062352
0.0183
0.020234
0.023224
0.024041
0.023541
0.062382
0.06265
0.05977
0.059273
0.023743
0.058573
0.022797
0.022486
0.024625
0.021839
0.021128
0.019623
0.021016
0.020933
0.020991
0.059005
0.060724
0.022962
0.058209
0.060099
0.02347
0.024541
0.064058
0.027648
0.06201
0.058926
0.021024
0.020233
0.018854
0.05583
0.018119
0.017689
0.05876
0.056245
0.021736
0.020027
0.018449
0.055829
0.019332
0.023237
0.019354
0.020768
0.020113
0.019639
0.061079
0.060948
0.022759
0.024365
0.021641
0.022474
0.021518
0.021336
0.020153
0.06018
0.058596
0.021528
0.020574
0.062494
0.059254
0.022603
0.025209
0.06341
0.058425
0.021541
0.021119
0.021388
0.059412
0.022439
0.025015
0.024418
0.028793
0.030489
0.033557
0.034855
0.035421
0.036466
0.037775
0.035053
0.035069
0.032564
0.066623
0.029729