
0.025793
0.024284
0.00822
0.010713
0.008513
0.009523
0.007503
0.008709
0.011508
0.008308
0.007683
0.008128
0.009234
0.008244
0.008373
0.007913
0.009255
0.008487
0.006771
0.006944
0.011594
0.01267
0.007904
0.006891
0.018304
0.008018
0.007961
0.012524
0.008136
0.008721
0.014393
0.006761
0.006675
0.009536
0.015847
0.013051
0.014504
0.009978
0.015772
0.006218
0.011372
0.009519
0.007686
0.010602
0.013606
0.007127
0.019137
0.007453
0.00742
0.011377
0.005947
0.013344
0.006531
0.012607
0.013054
0.00557
0.012633
0.014302
0.005537
0.008344
0.008824
0.006744
0.004815
0.00675
0.007451
0.006413
0.007376
0.005992
0.00773
0.008493
0.00569
0.009842
0.009353
0.007388
0.012309
0.039051
0.081273
0.082244
0.041474
0.038416
0.037526
0.038852
0.052557
0.039964
0.046173
0.055571
0.035894
0.013889
0.014714
0.015588
0.008261
0.01878
0.015076
0.008857
0.020918
0.007979
0.008173
0.008858
0.012385
0.015524
0.012224
0.00876
0.018203
0.012187
0.02396
0.016281
0.007115
0.016737
0.05594
0.008989
0.06017
0.012892
0.03616
0.070384
0.080711
0.071397
0.034479
0.033349
0.025121
0.029415
0.025627
0.006372
0.026031
0.006907
0.009538
0.012397
0.027935
0.025474
0.015891
0.011695
0.013639
0.008805
0.016253
0.007175
0.01919
0.040848
0.024597
0.043845
0.047477
0.042935
0.03839
0.038957
0.03695
0.037301
0.034389
0.044717
0.053157
0.019276
0.007467
0.029168
0.015734
0.007218
0.018735
0.01159
0.008377
0.011231
0.022728
0.017968
0.019224
0.006754
0.008547
0.00797
0.008917
0.026102
0.065571
0.024699
0.030565
0.016741
0.00819
0.068142
0.032133
0.035402
0.066786
0.062937
0.025337
0.061862
0.023884
0.071953
0.02559
0.075593
0.032612
0.071678
0.047497
0.03629
0.040762
0.079887
0.028499
0.030452
0.072828
0.030118
0.067187
0.029825
0.072846
0.033728
0.034069
0.037233
0.039405
0.040452
0.036888
0.006756
0.015884
0.009636
0.081505
0.017888
0.041054
0.074318
0.032361
0.067191
0.030125
0.03722
0.029014
0.029057
0.033746
0.08105
0.026933
0.026725
0.082009
0.036825
0.042162
0.042192
0.044384
0.055308
0.07278
0.071629
0.081485
0.078006
0.039645
0.067199
0.031542
0.039249
0.034382
0.032029
0.030805
0.029246
0.035119
0.035882
0.037307
0.079038
0.078366
0.041081
0.078034
0.081771
0.041859
0.046973
0.081396
0.049956
0.073407
0.078282
0.043027
0.027787
0.030102
0.072196
0.66137
0.029269
0.07522
0.063611
0.033724
0.033684
0.026148
0.068955
0.039873
0.044289
0.036724
0.044645
0.033668
0.04064
0.089606
0.07221
0.052885
0.035005
0.038325
0.031022
0.036854
0.040301
0.033262
0.076288
0.073146
0.036067
0.060605
0.08106
0.071745
0.047447
0.036673
0.07568
0.079159
0.031659
0.034714
0.043189
0.077199
0.05861
0.042661
0.066031
0.051823
0.053107
0.056234
0.04712
0.056978
0.060715
0.042909
0.053735
0.061126
0.045519
0.08382
0.049785