
1.51128e+09
0.027615
0.026107
0.010019
0.012522
0.010242
0.011143
0.009034
0.01022
0.013089
0.009926
0.009203
0.009681
0.010735
0.00976
0.009713
0.009187
0.01054
0.009729
0.008021
0.008188
0.012786
0.013872
0.009092
0.008062
0.019655
0.009279
0.009227
0.013873
0.009506
0.010072
0.015771
0.008113
0.008042
0.010938
0.017202
0.014443
0.015885
0.011397
0.017282
0.007574
0.012743
0.01091
0.009008
0.01196
0.015047
0.008414
0.020436
0.008668
0.008639
0.012659
0.008506
0.050788
0.053111
0.046921
0.052959
0.047044
0.055306
0.044753
0.055578
0.044359
0.053069
0.046981
0.052664
0.047243
0.055242
0.044767
0.053616
0.04639
0.053116
0.046858
0.053351
0.04667
0.052813
0.047183
0.237099
0.100597
0.106027
0.113205
0.055406
0.217502
0.063932
0.045767
0.078418
0.067551
0.053025
0.120901
0.06246
0.050346
0.030401
0.157638
0.029426
0.034271
0.067505
0.032609
0.067659
0.032244
0.066844
0.033203
0.072784
0.027108
0.066254
0.034079
0.074465
0.025305
0.0754
0.024743
0.074015
0.025737
0.074356
0.025851
0.381901
0.032569
0.053918
0.125464
0.089494
0.200208
0.048098
0.040819
0.057993
0.041987
0.059322
0.040703
0.058701
0.041314
0.059004
0.040968
0.059857
0.040262
0.06437
0.037336
0.070508
0.027729
0.070592
0.029581
0.254177
0.076308
0.045795
0.052883
0.266875
0.073231
0.046884
0.160962
0.063596
0.102294
0.060794
0.070318
0.059011
0.041554
0.012244
0.046472
0.068543
0.031286
0.067967
0.03217
0.067545
0.032371
0.067138
0.032879
0.067101
0.032884
0.0583
0.042181
0.120416
0.039168
0.115086
0.028059
0.058256
0.041921
0.096202
0.080341
0.051233
0.040361
0.11565
0.07603
0.040767
0.07357
0.02752
0.084798
0.038662
0.079437
0.132798
0.085848
0.05107
0.050878
0.044414
0.094078
0.032077
0.044637
0.086809
0.03985
0.117336
0.079971
0.087515
0.039176
0.097321
0.051708
0.043057
0.166528
0.051649
0.049444
0.039896
0.060354
0.133215
0.021846
0.060706
0.125621
0.047055
0.081801
0.033851
0.04098
0.042669
0.04019
0.058861
0.130145
0.030676
0.21415
0.135591
0.043857
0.223932
0.096214
0.059476
0.108713
0.087794
0.086793
0.088667
0.263013
0.093633
0.08213
0.05012
0.043673
0.056276
0.039478
0.238465
0.043217
0.040207
0.060219
0.041686
0.086296
0.250297
0.048144
0.290375
0.258461
0.230103
0.063774
0.098065
0.223561
0.086564
0.091349
0.046639
0.031672
0.041011
0.084512
0.847647
0.041288
0.07864
0.23901
0.046634
0.049268
0.041299
0.117358
0.253244
0.047533
0.06043
0.233456
0.03968
0.047512
0.096275
0.078844
0.221098
0.048847
0.041958
0.047983
0.059921
0.046835
0.043062
0.281543
0.086783
0.039804
0.113727
0.095196
0.085238
0.062406
0.040135
0.276916
0.092497
0.040061
0.060041
0.046629
0.083337
0.238822
0.056934
0.08334
0.055919
0.072532
0.076605
0.051718
0.078171
0.070776
0.190544
0.073598
0.078635
0.062479
0.140332