
0.000967
0.00292
0.002819
0.005123
0.005393
0.002891
0.002633
0.005017
0.002914
0.002884
0.003163
0.002671
0.00264
0.053168
0.015605
0.021737
0.005939
0.008667
0.019466
0.018812
0.019395
0.058203
0.018729
0.018478
0.008626
0.015564
0.01687
0.017269
0.01641
0.022438
0.015852
0.024229
0.024971
0.023756
0.01124
0.011814
0.011086
0.011666
0.049358
0.002966
0.002467
0.008921
0.007694
0.008921
0.008305
0.008578
0.009323
0.013901
0.019969
0.019942
0.008314
0.025168
0.01069
0.010288
0.021404
0.009305
0.020139
0.058586
0.019667
0.019154
0.017049
0.018115
0.017482
0.017273
0.016731
0.016772
0.007487
0.002167
0.008873
0.045573
0.00779
0.045725
0.00833
0.008746
0.04477
0.008925
0.007748
0.008648
0.008903
0.002296
0.009626
0.01033
0.009936
0.010006
0.009847
0.046037
0.046004
0.010407
0.046853
0.010263
0.002608
0.01043
0.009618
0.009813
0.047435
0.010101
0.046832
0.010107
0.010148
0.009303
0.008472
0.04511
0.002142
0.049074
0.002352
0.002668
0.048935
0.010266
0.048581
0.010167
0.010322
0.002373
0.002338
0.048881
0.010115
0.010138
0.009772
0.00242
0.009457
0.009637
0.002487
0.002533
0.002425
0.002572
0.002503
0.002743
0.011699
0.011518
0.009018
0.009024
0.007238
0.008329
0.00207
0.008295
0.008343
0.009024
0.008395
0.044686
0.010115
0.009701
0.002208
0.002439
0.002468
0.009765
0.009566
0.002437
0.046698
0.00972
0.049109
0.01005
0.009547
0.010428
0.046028
0.009539
0.009526
0.002359
0.0104
0.010298
0.012815
0.013827
0.014779
0.015584
0.003407
0.014925
0.01287
0.012646
0.052155
0.013702