
32
13
148
12
49
13
39
12
36
16
13
14
23
34
46
37
51
143
500
345
26
36
49
30
32
19
25
37
24
26
27
25
38
38
144
97
97
50
61
177
144
51
86
125
148
232
131
131
131
500
144
131
177
232
144
125
121
155
90
144
131
86
138
477
86
153
349
376
41
395
440
134
474
47
101
128
101
79
36
36
40
36
101
36
42
19
39
82
43
500
460
120
109
155
118
68
141
130
426
68
130
142
109
141
311
116
119
129
109
141
273
426
265
278
311
374
141
311
139
387
109
500
89
91
117
40
25
78
89
58
89
89
58
89
84
99
357
87
88
115
43
24
88
87
25
88
87
43
115
25
153
40
83
459
500
92
121
92
111
121
500
345
80
500
263
116
263
129
373
80
241
500
80
127
113
129
467
133
107
76
403
405
117
142
336
146
117
117
117
105
117
96
500
101
500
348
334
500
106
325
500
454
106
123
201
95
75
103
331
162
137
335
389
455
88
190
111
95
458
131
328
336
390
102
363
78
390
131
105
458
437
426
105
131
131
94
78
439
131
116
363
426
131
118
118
33
23
34
62
68
62
99
83
34
26
28
93
71
72
143
17
54
62
68
87
68
68
38
38
38
54
40
55
28
36
69
40
49
23
36
69
75
82
75
60
32
38
70
82
32
36
24
27
46
31
21
32
74
20
77
80
52
29
38
28
40
39
36
74
53
29
18
32
80
17
75
86
57
50
40
60
32
28
23
32
63
35
74
90
60
50
32
43
27
23
31
41
35
74
90
60
49
31
61
20
48
27
32
25
67
90
65
43
27
91
42
89
12
51
78
92
46
58
92
67
35
78
60
46
49
35
33
42
25
60
282
53
37
47
50
52
65
74
18
94
230
20
64
46
13
49
56
61
41
75
85
41
16
83
66
45
84
116
50
10
62
59
63
38
82
83
83
33
55
28
113
77
299
71
68
120
38
24
93
93
19
80
36
104
72
72
24
71
79
300
96
17
116
38
24
64
31
17
45
36
22
26
32
87
28
91
22
14
42
42
28
15
67
24
18
26
73
24
99
118
26
28
26
25
24
19
22
52
133
89
23
12
21
21
21
19
41
57
19
19
79
19
12
13
13
136
84
15
36
13
13
13
137
84
13
13
12
13
59
147
147
16
500
500
57
288
475
500