
0.056778
0.006041
0.010045
0.004883
0.011176
0.004407
0.006251
0.004579
0.005263
0.003912
0.004819
0.007126
0.003941
0.004059
0.004359
0.005199
0.004471
0.004738
0.004231
0.00508
0.004689
0.003833
0.003988
0.002528
0.003844
0.004596
0.003146
0.004308
0.003849
0.005849
0.004686
0.004349
0.004351
0.007864
0.004846
0.004753
0.004081
0.004571
0.003879
0.003885
0.005264
0.003929
0.005053
0.008184
0.004788
0.003968
0.005405
0.005791
0.003842
0.002863
0.007064
0.005427
0.004064
0.006171
0.002786
0.004845
0.002694
0.003986
0.0083
0.003956
0.004004
0.007028
0.002772
0.002666
0.004433
0.003144
0.002063
0.004505
0.003963
0.003223
0.002782
0.003048
0.003981
0.008778
0.002209
0.004201
0.004448
0.003931
0.001818
0.003897
0.003691
0.003087
0.003994
0.003108
0.004007
0.00476
0.002932
0.005825
0.005359
0.004074
0.0022
0.003998
0.055145
0.002259
0.00147
0.003767
0.001446
0.002948
0.00156
0.003461
0.001757
0.001906
0.001659
0.008689
0.00174
0.011783
0.001777
0.00834
0.002121
0.003588
0.001995
0.00522
0.002949
0.05706
0.002947
0.003144
0.004041
0.001466
0.002633
0.003108
0.001553
0.002597
0.004831
0.00182
0.003706
0.001756
0.007237
0.003726
0.002851
0.001937
0.00737
0.002116
0.004069
0.003918
0.001658
0.001812
0.007441
0.00717
0.002876
0.003498
0.003789
0.004332
0.004816
0.003173
0.00484
0.004156
0.006255
0.003559
0.03575
0.002711
0.004056
0.011763
0.003826
0.004158
0.005146
0.006508
0.006915
0.003689
0.003688
0.004321
0.004094
0.002909
0.003837
0.004077
0.004446
0.002622
0.004203
0.011199
0.004412
0.002651
0.004267
0.009069
0.009812
0.002933
0.009884
0.010368
0.004323
0.012794
0.062136
0.003303
0.003589
0.003957
0.003351
0.002498
0.002818
0.00278
0.002828
0.002733
0.003196
0.004511
0.002716
0.004574
0.002883
0.00435
0.00136
0.004502
0.004296
0.002995
0.002509
0.003264
0.002957
0.054353
0.003426
0.003306
0.003997
0.004365
0.003612
0.004851
0.008174
0.004443
0.003226
0.004191
0.003543
0.00483
0.007363
0.010028
0.007261
0.007527
0.008274
0.009706
0.004792
0.008475
0.004324
0.009483
0.003584
0.011773
0.07296
0.003381
0.003162
0.003319
0.002861
0.00182
0.00319
0.003032
0.003441
0.003033
0.006565
0.011699
0.003362
0.003906
0.011734
0.003816
0.00334
0.008889
0.069177
0.003157
0.00303
0.003233
0.0028
0.001767
0.003265
0.003027
0.001801
0.003604
0.003253
0.003232
0.002889
0.003169
0.00317
0.004549
0.001795
0.063011
0.005106
0.003058
0.00169
0.00287
0.011709
0.011645
0.003567
0.003936
0.003519
0.003592
0.003521
0.003271
0.011782
0.003567
0.009527
0.003093
0.012029
0.006255
0.004013
0.006261
0.003945
0.009291
0.002896
0.006742
0.01185
0.002937
0.004086
0.003703
0.004404
0.04361
0.011342
0.004301
0.00347
0.002889
0.00989
0.010727
0.00397
0.005006
0.008625
0.004357
0.004217
0.003981
0.004036
0.003516
0.004088
0.004378
0.012262
0.003236
0.012059
0.008751
0.050952
0.008678
0.012158
0.003285
0.008321
0.012147
0.012151
0.003114
0.003621
0.00545
0.003269
0.00302
0.003506
0.008617
0.005031
0.004454
0.008692
0.009771
0.010862
0.053857
0.003247
0.00936
0.002976
0.00971
0.004893
0.003034
0.010735
0.010736
0.0104
0.0031
0.004766
0.004804
0.003537
0.003281
0.010614
0.004845
0.004286
0.010509
0.011081
0.004717
0.004011
0.004142
0.061537
0.00297
0.001381
0.001989
0.003256
0.003329
0.003341
0.00244
0.00174
0.003692
0.00277
0.002019
0.002732
0.00847
0.003566
0.010614
0.003619
0.061934
0.001693
0.003103
0.00333
0.003614
0.002662
0.003432
0.003537
0.003091
0.002727
0.009039
0.002986
0.01012
0.003516
0.004736
0.009662
0.002999
0.003128
0.003343
0.001851
0.002737
0.00203
0.010527
0.003772
0.009729
0.002287
0.063778
0.005834
0.001844
0.002005
0.003309
0.003567
0.002737
0.003482
0.003149
0.001976
0.002237
0.006694
0.003528
0.002589
0.002553
0.002684
0.002007
0.008107
0.002007
0.00337
0.001733
0.003438
0.001906
0.002643
0.003005
0.050293
0.001917
0.001805
0.001941
0.0036
0.001759
0.002417
0.003653
0.003108
0.001813
0.002064
0.003331
0.001888
0.006714
0.001746
0.006749
0.002164
0.007862
0.002155
0.009703
0.003721
0.00836
0.002536
0.057588
0.001887
0.001659
0.001945
0.003509
0.00173
0.002328
0.00367
0.00319
0.002358
0.002082
0.008206
0.003312
0.00984
0.002306
0.05815
0.001829
0.001787
0.002083
0.003154
0.002782
0.002593
0.00412
0.003481
0.002362
0.002002
0.011068
0.002366
0.060247
0.001877
0.001983
0.001972
0.00208
0.002767
0.002424
0.004399
0.003323
0.002266
0.001941
0.00837
0.003509
0.065122
0.001676
0.003043
0.001834
0.002537
0.001853
0.00238
0.004273
0.0062
0.002223
0.00181
0.010183
0.004249
0.008397
0.002436
0.010799
0.003915
0.061828
0.001713
0.003117
0.003842
0.003092
0.002193
0.003716
0.003528
0.002072
0.003608
0.003154
0.009509
0.003084
0.003945
0.003668
0.003125
0.002847
0.002234
0.001726
0.003536
0.003097
0.007594
0.002085
0.635815
0.003304
0.046679
0.003232
0.002797
0.00285
0.003011
0.002053
0.003319
0.003556
0.001764
0.006688
0.008327
0.001726
0.003359
0.055239
0.003184
0.001658
0.003014
0.003069
0.003284
0.001722
0.003548
0.003638
0.002857
0.001567
0.003543
0.003661
0.004378
0.003541
0.001851
0.001865
0.003987
0.003976
0.008866
0.004348
0.048253
0.003517
0.00161
0.003568
0.003157
0.003281
0.001848
0.003513
0.003705
0.003742
0.002697
0.010486
0.003321
0.008395
0.002019
0.011129
0.004285
0.048254
0.003403
0.003289
0.004271
0.001663
0.001728
0.003849
0.003862
0.001905
0.004417
0.003612
0.010677
0.002263
0.006814
0.004142
0.004058
0.003474
0.003152
0.003332
0.009231
0.003973
0.001882
0.003562
0.063042
0.004033
0.001759
0.004359
0.001721
0.001777
0.003285
0.002073
0.00167
0.003377
0.002811
0.007265
0.003035
0.002764
0.001779
0.00733
0.00194
0.009458
0.002205
0.004228
0.003953
0.007866
0.002031
0.055695
0.00408
0.001811
0.001748
0.002753
0.002802
0.001772
0.001705
0.00337
0.001745
0.001639
0.007113
0.001543
0.005798
0.003681
0.012187
0.007485
0.00197
0.004033
0.00801
0.004681
0.005692
0.001699
0.001633
0.010146
0.001749
0.001422
0.005382
0.001546
0.005362
0.00184
0.059907
0.002039
0.002126
0.00471
0.003775
0.001498
0.001442
0.001732
0.001715
0.00169
0.010633
0.001892
0.003575
0.002908
0.004799
0.004008
0.011477
0.001625
0.008888
0.001999
0.005292
0.012513
0.004126
0.001385
0.063203
0.00198
0.001462
0.002292
0.004875
0.003662
0.001251
0.002575
0.001572
0.001721
0.00153
0.007116
0.004959
0.008568
0.012452
0.003879
0.001648
0.012335
0.001818
0.012002
0.001689
0.011918
0.001685
0.003771
0.003462
0.009007
0.005063
0.010853
0.005055
0.001221
0.001293
0.089865
0.01211
0.012117
0.003324
0.007682
0.011481
0.01216