
150
282
148
149
236
398
260
166
286
241
270
54
143
500
345
119
257
224
275
249
61
177
144
51
158
125
148
232
131
131
500
468
128
370
151
124
133
143
133
434
500
460
120
109
155
118
68
141
130
426
386
458
117
500
129
78
264
500
496
277
384
455
115
500
130
363
262
92
497
275
386
459
122
92
153
367
265
80
500
278
104
117
109
115
102
106
229
488
107
286
500
127
127
126
130
90
152
103
389
354
88
190
105
95
458
131
328
336
390
102
145
74
394
365
433
421
99
83
389
81
143
70
407
369
438
87
428
315
87
87
151
80
303
375
442
82
432
411
58
278
292
80
300
382
77
77
439
72
55
280
288
72
301
385
77
75
443
75
321
282
286
73
302
311
84
74
446
78
321
393
284
73
301
438
84
74
444
77
320
392
280
83
298
90
359
67
448
315
314
389
279
88
78
418
375
58
454
320
307
78
282
109
80
111
384
52
103
330
266
94
281
298
90
119
395
41
113
340
289
337
285
293
103
124
398
38
144
118
118
351
77
299
105
127
465
38
324
122
122
345
79
300
202
342
464
38
324
127
428
342
120
281
41
364
269
28
313
131
359
254
495
159
52
261
206
23
307
251
160
421
316
474
505
264
166
15
103
242
151
412
112
475
500
500
458
4
500
500
500
413