
1.81314
1.81314
1.82105
1.82837
1.87436
1.87436
1.81314
1.81493
1.81493
1.8999
1.81493
1.875
1.8261
1.8261
1.82483
1.82105
1.82105
0.684411
1.81958
1.81958
1.81513
1.81513
1.833
1.81493
1.80648
1.90023
1.88101
1.82429
1.73633
1.78517
1.71122
1.68472
1.69007
1.63618
1.58352
1.5388
1.37507
1.24264
1.12948
1.03832
0.934453
0.925299
0.923297
0.830032
0.828897
0.780353
0.763577
0.813641
0.799183
0.794191
0.827196
0.82825
0.793355
0.776275
0.793566
0.790127
0.780731
0.780774
0.763756
0.76384
0.807476
0.807476
0.807602
0.807393
0.819133
0.775019
0.813116
0.774808
0.817248
0.817247
0.799317
0.796854
0.78105
0.780563
0.730532
0.784933
0.784775
0.784735
0.725481
0.766106
0.810328
0.810246
0.810246
0.77222
0.821285
0.821413
0.811108
0.821075
0.82066
0.792788
0.796148
0.840176
0.792704
0.800091
0.800051
0.800091
0.805163
0.805082
0.805082
0.835331
0.812887
0.835045
0.835088
0.794773
0.794732
0.79461
0.794489
0.778677
0.778564
0.778564
0.778673
0.778494
0.778173
0.778173
0.77803
0.777995
0.767144
0.771527
0.774968
0.81846
0.818136
0.769069
0.769999
0.770084
0.770042
0.819099
0.769708
0.76987
0.804829
0.804942
0.821919
0.869058
0.799498
0.799832
0.799686
0.799794
0.816691
1.52619
1.5262
1.44336
1.46425
1.46247
1.52754
1.46236
1.50488
1.51206
1.41866
0.781791
0.781751
0.847793
0.847793
0.789622
0.789661
0.711069
0.711306
0.781563
0.776813
0.776852
0.780273
0.777012
0.777132
0.777132
0.789658
0.789904
0.789818
0.819324
0.819324
0.77894
0.789775
0.748896
0.789609
0.789567
0.739509
0.788326
0.788202
0.784208
0.78448
0.784646
0.791009
0.805011
0.805054
0.804765
0.790721
0.776255
0.818306
0.783104
0.783145
1.53614
1.47146
1.48206
1.42397
1.59899
1.5905
1.4519
1.43069
1.43069
1.43069
1.41084
1.41084
1.42989
1.38808
1.36165
1.34546
1.34932
1.34932
1.34932
1.29784
1.28334
1.27145
1.25877
1.25877
1.16586
1.19149
1.20189
1.19801
1.24168
1.10067
1.0833
1.0833
1.03728
1.02891
1.01
0.956927
0.956926
0.956926
0.885728
0.954433
0.934234
0.934234
0.934234
0.8983
0.88768
0.850789
0.853041
0.853041
0.799555
0.789325
0.789325
0.77995
0.77995
0.73021
0.734391
0.733529