
0.000863
0.001031
0.001017
0.000994
0.000915
0.001094
0.001164
0.001028
0.000941
0.000911
0.001
0.001057
0.001025
0.001064
0.001063
0.00106
0.000977
0.000938
0.001098
0.001
0.00088
0.000933
0.001019
0.000949
0.000876
0.000846
0.001174
0.000911
0.001158
0.00106
0.001092
0.001287
0.001108
0.001089
0.001007
0.000951
0.000976
0.000903
0.001062
0.001366
0.001066
0.000875
0.001108
0.001062
0.001021
0.000988
0.001046
0.001313
0.001161
0.000944
0.000888
0.001127
0.00155
0.00199
0.001341
0.001175
0.001156
0.001357
0.002557
0.001373
0.001064
0.001087
0.001559
0.001589
0.001235
0.001883
0.001672
0.001186
0.00111
0.002565
0.001326
0.00168
0.001102
0.001592
0.000849
0.001173
0.00106
0.000992
0.001118
0.001134
0.001107
0.001049
0.000948
0.001166
0.001266
0.001432
0.001118
0.001111
0.001245
0.001165
0.001249
0.001084
0.001146
0.001222
0.001236
0.001073
0.003117
0.000914
0.000977
0.001185
0.001336
0.001089
0.001062
0.002133
0.000965
0.00111
0.001794
0.001736
0.000936
0.001227
0.00137
0.001023
0.001156
0.000999
0.001594
0.00109
0.001016
0.001014
0.001035
0.001178
0.00101
0.00112
0.001071
0.001266
0.001415
0.001965
0.001091
0.001138
0.001177
0.001527
0.001223
0.001438
0.001191
0.001244
0.001236
0.000958
0.000947
0.001281
0.001096
0.001191
0.001513
0.001011
0.000994
0.001047
0.001241
0.000982
0.001147
0.001263
0.001271
0.00126
0.001219
0.001384
0.002068
0.001101
0.001188
0.001278
0.001283
0.001088
0.001069
0.001019
0.001234
0.001043
0.000872
0.001816
0.000874
0.001224
0.001076
0.0011
0.001728
0.001184
0.001153
0.001117
0.001043
0.002461
0.00094
0.001272
0.000912
0.001222
0.001243
0.001142
0.001013
0.001281
0.001379
0.00107
0.001303
0.001148
0.000974
0.001117
0.001084
0.001128
0.000995
0.001078
0.001176
0.000944
0.001096
0.002584
0.00143
0.003278
0.001856
0.001331
0.001067
0.001283
0.001375
0.000979
0.001339
0.001214
0.001091
0.001192
0.001326
0.001003
0.001285
0.001245
0.00107
0.001412
0.001215
0.001141
0.001342
0.00113
0.001424
0.001335
0.001126
0.001069
0.001134
0.001262
0.001266
0.001066
0.001218
0.001232
0.001144
0.001139
0.001152
0.000999
0.001505
0.001238
0.001868
0.001499
0.001609
0.001423
0.00142
0.001094
0.000969
0.001646
0.001227
0.00098
0.000983
0.001148
0.001126
0.001098
0.001222
0.002014
0.000962
0.000953
0.001056
0.001143
0.001765
0.001112
0.001144
0.001069
0.001285
0.001146
0.001375
0.001397
0.002041
0.0009
0.00107
0.001343
0.001919
0.00215
0.001645
0.001043
0.001078
0.001153
0.001162
0.001074
0.001095
0.001069
0.000903
0.000948
0.001204
0.00145
0.001025
0.000958
0.000944
0.001053
0.00125
0.001421
0.001352
0.00107
0.003509
0.00104
0.001195
0.001207
0.001673
0.001474
0.001514
0.001646
0.002784
0.001243
0.003064
0.001127
0.000862
0.001066
0.001387
0.000898
0.00108
0.000828
0.001184
0.001191
0.001243
0.001182
0.001249
0.000826
0.000893
0.001003
0.001001
0.000976
0.001051
0.001059
0.000975
0.00091
0.001052
0.001009
0.001185
0.001164
0.001746
0.000948
0.00095
0.000975
0.000974
0.001378
0.000934
0.00193
0.00124
0.001024
0.000868
0.001129
0.001522
0.00105
0.000945
0.001071
0.001035
0.001015
0.000946
0.001044
0.000934
0.001033
0.001297
0.001202
0.003221
0.001594
0.001144
0.000908
0.001877
0.001772
0.00167
0.001438
0.001183
0.001181
0.000999
0.002936
0.001527
0.001483
0.001326
0.001063
0.002718
0.00158
0.002686
0.001494
0.001018
0.001257
0.002485
0.001407
0.001211
0.001654
0.003139
0.001027
0.001333
0.001787
0.001125
0.00108
0.001411
0.001218
0.00146
0.000887
0.000948
0.000997
0.002145
0.001033
0.00101
0.000832
0.001002
0.001005
0.00119
0.000908
0.000899
0.000943
0.002209
0.001128
0.001062
0.001808
0.00101
0.001225
0.001069
0.001132
0.001463
0.000941
0.000993
0.000968
0.001748
0.00272
0.002845
0.002584
0.001708
0.003072
0.001617
0.002773
0.001725
0.002113
0.003372
0.003354
0.001067
0.000967
0.001197
0.000936
0.001262
0.001189
0.000964
0.001312
0.000993
0.001051
0.002241