
0.00524
0.006567
0.005612
0.006789
0.009612
0.005851
0.006577
0.006265
0.004392
0.005125
0.005013
0.011656
0.016893
0.015363
0.01129
0.006212
0.006344
0.004348
0.004658
0.004683
0.004577
0.004611
0.004465
0.00457
0.005586
0.005145
0.005166
0.011385
0.005151
0.005028
0.011134
0.010114
0.009325
0.007651
0.005012
0.004927
0.003564
0.005869
0.016211
0.005285
0.005382
0.005959
0.010669
0.010997
0.005165
0.005379
0.004506
0.0113
0.01592
0.005936
0.009456
0.005902
0.008304
0.011742
0.00628
0.010407
0.008316
0.008109
0.023482
0.007224
0.007073
0.00526
0.009264
0.012743
0.006076
0.008032
0.017695
0.004672
0.006819
0.006232
0.006163
0.010104
0.005687
0.020864
0.00501
0.009212
0.004391
0.004452
0.005134
0.011001
0.004578
0.010406
0.004364
0.008963
0.018399
0.028099
0.006147
0.005092
0.005909
0.006848
0.006244
0.009438
0.011874
0.012986
0.012411
0.011404
0.020147
0.008808
0.010297
0.008739
0.010417
0.012344
0.010166
0.02457
0.004895
0.009228
0.0248
0.035593
0.005312
0.003964
0.019339
0.006069
0.010327
0.005028
0.010009
0.00867
0.011791
0.004298
0.005736
0.013985
0.00791
0.016737
0.009501
0.005591
0.017209
0.019735
0.00973
0.00815
0.018713
0.019676
0.012037
0.005201
0.004936
0.010467
0.005809
0.00442
0.008721
0.017873
0.00389
0.006105
0.017058
0.010452
0.004471
0.014659
0.005815
0.012439
0.005422
0.012714
0.005828
0.009357
0.00533
0.025962
0.028254
0.009971
0.005791
0.014282
0.007794
0.005624
0.006208
0.005367
0.005659
0.005764
0.0052
0.007876
0.004241
0.005753
0.014153
0.009881
0.0126
0.015905
0.013352
0.005637
0.006231
0.014233
0.004726
0.010879
0.00548
0.005538
0.01433
0.009898
0.005136
0.009469
0.007484
0.007163
0.005113
0.005802
0.007311
0.007309
0.005262
0.00751
0.0056
0.006328
0.005505
0.004751
0.007311
0.011184
0.005976
0.018589
0.017399
0.006095
0.005796
0.005055
0.009895
0.006906
0.004819
0.005222
0.005217
0.009758
0.009873
0.007883
0.010443
0.005671
0.005385
0.008012
0.005431
0.014203
0.014542
0.005267
0.010187
0.008642
0.02236
0.00546
0.009416
0.013237
0.006435
0.005094
0.005885
0.006238
0.00566
0.006007
0.004906
0.004049
0.006594
0.00556
0.016362
0.007494
0.005331
0.011032
0.004806
0.005321
0.004536
0.021372
0.013578
0.005301
0.004019
0.016542
0.014032
0.005033
0.014208
0.011913
0.005004
0.005541
0.004892
0.006011
0.012621
0.005607
0.006189
0.005683
0.01873
0.006376
0.011233
0.010655
0.015002
0.005363
0.005316
0.006351
0.009448
0.036803
0.013847
0.010072
0.004875
0.0179
0.015996
0.009478
0.006104
0.022674
0.014353
0.010155
0.013289
0.018145
0.013812
0.009254
0.004254
0.005364
0.010258
0.010569
0.018795
0.004844
0.034565
0.005529
0.006493
0.006173
0.008931
0.009664
0.008616
0.011766
0.014609
0.005866
0.01957
0.004504
0.005717
0.004956
0.004859
0.004171
0.011461
0.004088
0.005101
0.007479
0.006833
0.015244
0.009652
0.003788
0.01003
0.018403
0.01702
0.009452
0.003928
0.017313
0.013483
0.013165
0.006565
0.014039
0.016293
0.019267
0.020347
0.006801
0.004361
0.003923
0.004315
0.011773
0.004076
0.008154
0.005741
0.004128
0.008111
0.010116
0.00743
0.006711
0.006452
0.003541
0.004633
0.005149
0.0101
0.006276
0.0066
0.0063
0.011468
0.004677
0.015295
0.007835
0.005033
0.009764
0.014236
0.006991
0.014483
0.018461
0.005398
0.004467
0.006215
0.033441
0.004949
0.005734
0.014359
0.004248
0.011379
0.013199
0.016082
0.006235
0.00332
0.004166
0.032636
0.018977
0.013905
0.00661
0.023201
0.008123
0.00829
0.017882
0.011101
0.003501
0.009105
0.01618
0.006793
0.002791
0.011262
0.008719
0.024556
0.002962
0.012683
0.003526
0.01392
0.003161
0.019456
0.00868
0.006414
0.012512
0.020155
0.00464
0.004782
0.012136
0.008115
0.006831
0.002702
0.007506
0.005472
0.002616
0.002567
0.004475
0.006052
0.007895
0.008249
0.009235
0.007526
0.008126
0.016793
0.018217
0.018277
0.005259
0.025901
0.036307
0.013611
0.010244
0.009784
0.004415
0.009456
0.009517
0.002213
0.01657
0.008158
0.005548
0.011761