
0.060498
0.0508174
0.0838174
0.0899504
0.100689
0.0685768
0.081832
0.114832
0.0947034
0.0504018
0.0532809
0.0367567
0.0482459
0.0698305
0.0349924
0.0250611
0.0128635
0.236789
0.236789
0.23313
0.233102
0.232825
0.232583
0.232632
4.26559e-05
0.000511546
0.000426409
0.000553631
0.000511105
0.000426148
0.000638818
0.000724032
0.000809276
0.000937039
0.000937039
0.000979559
0.0009808
0.0009808
0.000903417
0.00137838
0.00141769
0.00133985
0.00137853
0.0014959
0.0015354
0.00153575
0.00169788
0.00186296
0.00194644
0.000298263
0.000383322
0.000340891
0.000216268
0.000546395
0.000546395
0.00096452
0.00100656
0.000967093
0.00104876
0.00104876
0.00108965
0.00104877
0.000140461
0.000185374
0.000154271
0.000333137
0.000252615
0.000252615
0.000210716
0.00025311
0.000380855
0.000508743
0.000508743
0.000677358
0.000210236
0.000210236
9.7996e-05
0.000291551
0.000670496
0.000840463
0.000840463
0.000882939
0.000882963
0.000925615
0.00105343
0.00105343
0.00139262
0.00139174
0.00139277
8.52485e-05
4.28813e-05
3.20496e-06
0.000299483
0.00013042
0.00013042
4.49156e-05
8.88693e-05
4.85552e-05
5.13457e-05
0.000188579
0.000315686
0.00521047
0.00508914
0.0201694
0.0202103
0.0202103
0.0453442
0.00147551
0.022669
0.0209634
0.0210487
0.0214325
0.020752
0.020456
0.0204976
0.0206226
0.0206226
0.0206643
0.0206237
0.0205048
0.0202678
0.0202287
0.0202287
0.0201897
0.0201897
0.0200352
0.0199198
0.0199199
0.0197704
0.019699
0.0197603
0.0197609
0.0197585
0.0196844
0.0197832
0.0198741
0.0198968
0.019876
0.0199809
0.020002
0.0200449
0.0200449
0.020045
0.0199535
0.0201293
0.020157
0.0199724
0.0202233
0.0203029
0.0200947
0.0202202
0.020136
0.0201786
0.020136
0.0410937
0.0734643
0.233864
0.236722
0.236722
0.162068
0.0311505
0.0746627
0.0746627
0.0746627
0.0732434
0.0732434
0.0732434
0.0732434
0.0732434
0.0732434
0.073205
0.073205
0.073205
0.0321363
0.0321363
0.0396711
0.0647651
0.0492236
0.0977383
0.0576489
0.0161263
0.0284741
0.0284741
0.0509993
0.0111434
0.0350348
0.00880841
0.0244787
0.00487033
0.017983
0.00381418
0.0341593
0.0341593
0.0127469
0.0022528
0.0551752
0.00762827
0.066
0.0123438
0.0132909
0.0340352
0.0340352
0.0340352
0.0665672
0.0244876
0.0352669
0.0251696
0.0349774
0.0665979
0.0302141
0.0492232
0.0200393
0.0324283
0.0101202
0.0428502
0.0145302
0.0244964
0.0244964
0.0135804
0.00773249
0.03354
0.0317624
0.0194438
0.0154561
0.0178431
0.0326632
0.0231897
0.0437607
0.00819432
0.0453972
0.0135278
0.0135278
0.0219794
0.00526737
0.0229751
0.0347752
0.0842299
0.0779985
0.0779985
0.0629664
0.0721956
0.0691205
0.0659804
0.0421991
0.0507389
0.071555
0.0477199
0.0564141
0.0177348
0.0261126
0.0226189
0.0106216
0.0311954
0.00736169
0.0273375
0.0480018
0.0359694
0.0322763
0.0659989
0.021507
0.021507
0.029736
0.0228609
0.0352192
0.0204934
0.0204934
0.0018722
0.0163555
0.0163555
0.0163555
0.020877
0.00467297
0.0270202
0.0154602
0.00656741
0.0411004
0.0121756
0.0159193
0.0116131
0.0149178
0.00468253
0.0259758
0.0045197
0.0217995
0.0217995
0.00279735
0.0140694
0.0189746
0.0189746
0.0117328
0.0237896
0.0164141
0.00966248