
4e-06
1e-06
1e-06
0
1e-06
2e-06
1e-06
1e-06
2e-06
1e-06
1e-06
1e-06
1e-06
1e-06
1e-06
1e-06
2e-06
1e-06
2e-06
0
1e-06
1e-06
1e-06
1e-06
1e-06
1e-06
1e-06
1e-06
1e-06
1e-06
1e-06
1e-06
2e-06
1e-06
1e-06
1e-06
1e-06
1e-06
1e-06
2e-06
1e-06
1e-06
1e-06
1e-06
1e-06
1e-06
1e-06
1e-06
1e-06
1e-06
1e-06
1e-06
3e-06
4e-06
2e-06
1e-06
2e-06
2e-06
4e-06
1e-06
1e-06
2e-06
2e-06
2e-06
2e-06
2e-06
2e-06
1e-06
2e-06
3e-06
1e-06
3e-06
1e-06
2e-06
1e-06
0.022384
0.022384
0.022404
0.025485
0.025811
0.025781
0.022636
0.022388
0.029053
0.028978
0.061199
0.026848
0.02661
0.02509
0.02214
0.058287
0.019641
2e-06
2e-06
2e-06
2e-06
4e-06
1e-06
1e-06
0.026889
0.027366
1e-06
2e-06
4e-06
2e-06
0.026261
0.067618
0.072945
0.034271
0.027257
0.027054
0.023536
0.02697
0.026935
0.071912
0.038418
0.02496
0.029028
0.029257
0.02444
0.024384
0.025299
0.027106
0.029055
0.030229
0.079859
0.065505
0.042214
0.024087
0.036779
0.029667
0.030187
0.027545
0.024696
0.02473
0.022429
0.019539
0.026999
0.025259
0.024429
0.023569
0.025043
0.029323
2e-06
0.02622
0.025021
0.02488
0.029575
0.06354
0.024386
0.021276
0.06034
0.077144
0.026621
0.025097
0.025552
0.062031
0.025267
0.025223
0.025143
0.028837
0.024415
0.023041
0.065218
0.026308
0.022803
0.023448
0.02476
0.06547
0.023707
0.022914
0.022982
0.025088
0.076157
0.022643
0.022317
0.019896
0.02947
0.019835
0.019823
0.019516
0.018369
0.019892
0.020375
0.024065
0.023893
2e-06
0.024564
0.021508
0.024782
0.021509
0.018098
0.017983
0.02076
0.016955
0.071857
0.072806
0.073495
0.057837
0.045053
0.020172
0.0199
0.019644
0.019547
0.019266
0.022361
0.022377
0.023454
0.022637
0.019731
0.019653
0.019448
0.01956
0.022471
0.023111
0.02291
0.025901
0.025495
0.02236
0.031183
0.020462
0.026229
0.025647
0.035021
0.02786
0.027349
0.04571
0.029318
0.027689
0.022576
0.029157
0.040977
0.061844
0.027336
0.078175
0.061341
0.027396
0.027297
0.025358
0.022235
0.022143
0.063956
0.028749
0.025592
2e-06
2e-06
2e-06
3e-06
2e-06
4e-06
2e-06
2e-06
2e-06
2e-06
3e-06
2e-06
2.1e-05
1e-06
2e-06
2e-06
1e-06
2e-06
5e-06
2e-06
2e-06
1e-06
4e-06
4e-06
2e-06
1e-06
0.026655
0.026696
0.025068
1e-06
2e-06
1e-06
1e-06
2e-06
2e-06
3e-06
1e-06
1e-06
2e-06
2e-06
3e-06
3e-06
3e-06
2e-06
9e-06
0.023054
0.055146
1e-06
3e-06
3e-06
2e-06
3e-06
6e-06
2e-06
7e-06
0.014213
0.011869
0.013473
0.014076
0.0132
0.01589
0.012825
0.013753
0.015839
0.016326
0.014265
0.014811
0.021371
0.021283
0.02039
0.020894
0.019883
0.049852
0.021171
0.019464
0.019354
0.019139
0.019468
0.020712
0.02375
0.061303
0.018124
0.018816
0.018229
0.018303
0.035834
0.0191
0.056022
0.033558
0.018664
0.016903
0.016566
0.051971
0.018956
0.014389
0.015186
0.014637
0.012818
0.012393
0.012622
0.012527
0.012715
0.02928
0.013289
0.071671
0.059692
0.011598
0.011686
0.035047
0.024152
0.023486
0.016068
0.015959
0.014082
0.011236
0.0744
0.01447
0.052342
0.028337
0.021027
0.067874
0.040962
0.081098
0.020132
0.012198
0.013694
0.067654
0.020927
0.021499
0.059461
0.078068
0.017832
0.01931
0.057644
0.04821
0.022328
0.019742
0.017559
0.066106
0.025137
0.018303
0.018496
0.058085
0.022501
0.020389
0.019152
0.019038
0.019127
0.017311
0.018993
0.021066
0.018735
0.069394
0.020228
0.015278
0.05327
0.014552
0.01474
0.013404
0.013988
0.025476
0.017119
0.01398
0.014183
0.068832
0.070156
0.073143
0.056448
0.064137
0.059659
0.066725
0.063191
0.062697
0.059003
0.07092
0.060612
0.013643
0.016989
0.017945
0.016171
0.013097
0.012975
0.013492
0.01709
0.015979
0.013735
0.069355