
0.007681
0.00933
0.008207
0.009716
0.012716
0.008441
0.00932
0.008923
0.006419
0.007004
0.007349
0.016329
0.022276
0.020921
0.016961
0.008967
0.008942
0.005874
0.006943
0.006819
0.006682
0.006994
0.00601
0.00678
0.007613
0.007596
0.007394
0.014834
0.007527
0.007229
0.014298
0.013215
0.014167
0.011061
0.007318
0.007325
0.005648
0.008521
0.022272
0.006908
0.007711
0.00886
0.014035
0.016306
0.00801
0.007813
0.006753
0.013614
0.021517
0.008443
0.012624
0.008251
0.012029
0.017
0.010142
0.015354
0.012183
0.012386
0.038146
0.010036
0.009666
0.007627
0.014576
0.017724
0.00949
0.010844
0.024974
0.007954
0.01073
0.00957
0.0089
0.015895
0.008094
0.027907
0.007514
0.039134
0.032605
0.03301
0.037789
0.046336
0.037966
0.03984
0.032624
0.046421
0.06111
0.108538
0.03984
0.037396
0.037117
0.032361
0.067592
0.032541
0.01674
0.01771
0.017324
0.015646
0.026139
0.012786
0.014594
0.039113
0.042127
0.016542
0.014307
0.033767
0.007502
0.039003
0.101893
0.122085
0.042416
0.034116
0.053084
0.032624
0.041001
0.034926
0.086203
0.052767
0.041519
0.036254
0.038332
0.04452
0.035486
0.049155
0.040302
0.037874
0.091964
0.107185
0.0788
0.053544
0.049675
0.063952
0.044984
0.038153
0.034999
0.037806
0.033437
0.03395
0.03163
0.091505
0.03143
0.033361
0.051385
0.04024
0.040484
0.020513
0.0349
0.041065
0.033194
0.046559
0.072014
0.040637
0.029395
0.093902
0.121611
0.040801
0.033809
0.046238
0.073595
0.035756
0.034288
0.033365
0.037814
0.032866
0.032939
0.078029
0.032496
0.032166
0.043067
0.038492
0.084043
0.046604
0.046736
0.031011
0.034327
0.09689
0.031972
0.037198
0.027851
0.036768
0.040413
0.034915
0.02982
0.035668
0.031321
0.031498
0.031525
0.033079
0.011194
0.035515
0.0295
0.035528
0.029513
0.026731
0.026201
0.027999
0.030864
0.093288
0.082233
0.102901
0.081271
0.053938
0.028933
0.027456
0.033974
0.029682
0.02648
0.030632
0.030293
0.038248
0.038051
0.031283
0.03471
0.028097
0.027612
0.034089
0.031623
0.079411
0.081782
0.033772
0.036125
0.043449
0.050816
0.035273
0.038887
0.052213
0.037421
0.034845
0.054771
0.038986
0.036971
0.031345
0.036693
0.047381
0.072804
0.035825
0.104189
0.072991
0.035618
0.045662
0.032924
0.030015
0.029579
0.09299
0.046476
0.033567
0.008656
0.02655
0.018996
0.008343
0.019451
0.028339
0.008002
0.009629
0.006856
0.010078
0.019614
0.012253
0.013122
0.01046
0.025443
0.014043
0.018739
0.017634
0.033357
0.008164
0.008524
0.013302
0.014929
0.045371
0.029228
0.013795
0.033532
0.054893
0.047917
0.014514
0.008858
0.030913
0.0185
0.013965
0.017397
0.023259
0.018575
0.012556
0.006698
0.00901
0.015116
0.015319
0.024046
0.007696
0.039048
0.031055
0.065152
0.009501
0.012584
0.014186
0.012909
0.01689
0.02302
0.008307
0.024902
0.021118
0.020549
0.020832
0.021383
0.019127
0.032017
0.019038
0.021298
0.025578
0.025329
0.034079
0.029095
0.029367
0.038077
0.054166
0.052058
0.038193
0.059202
0.05407
0.045366
0.041354
0.031692
0.041885
0.052289
0.056858
0.10017
0.03103
0.027534
0.026977
0.027756
0.056863
0.027393
0.080627
0.045511
0.02801
0.032768
0.03868
0.067459
0.032098
0.028056
0.023327
0.024074
0.02229
0.02882
0.026016
0.025809
0.020628
0.052988
0.022105
0.106494
0.077324
0.021892
0.029861
0.060159
0.038721
0.051727
0.052486
0.026972
0.02321
0.02693
0.130645
0.023941
0.066642
0.055452
0.030875
0.089834
0.064433
0.111545
0.032567
0.01946
0.0226
0.127943
0.050712
0.042963
0.071892
0.112991
0.03231
0.035276
0.081575
0.066095
0.029842
0.033244
0.040439
0.076384
0.031879
0.033009
0.030521
0.109625
0.029065
0.044061
0.026618
0.041026
0.0265
0.052047
0.035283
0.035598
0.041487
0.109481
0.029803
0.025522
0.07824
0.030362
0.023793
0.019351
0.024271
0.034172
0.021557
0.018381
0.021041
0.079604
0.087958
0.093192
0.079172
0.076162
0.079614
0.090734
0.087841
0.086768
0.071283
0.106699
0.105405
0.031763
0.032194
0.031374
0.022817
0.027437
0.027661
0.017383
0.03872
0.027107
0.02114
0.087038