
1.5163e+09
0.009248
0.010876
0.009768
0.011298
0.014462
0.010352
0.010922
0.010546
0.008011
0.008668
0.008929
0.017887
0.024079
0.022845
0.018841
0.010639
0.010654
0.007829
0.008549
0.008411
0.008266
0.008558
0.007571
0.008286
0.009125
0.009078
0.008898
0.016486
0.009201
0.008874
0.016308
0.01484
0.015826
0.012782
0.009011
0.009026
0.007263
0.010136
0.024438
0.008717
0.009393
0.010513
0.015747
0.017836
0.009508
0.0093
0.008235
0.01511
0.023159
0.010059
0.016153
0.061122
0.053965
0.059378
0.034696
0.054969
0.047939
0.070835
0.059899
0.014466
0.052306
0.058984
0.051606
0.041552
0.050744
0.052066
0.049105
0.050101
0.050041
0.047903
0.049208
0.04374
0.056737
0.045755
0.272752
0.066902
0.098622
0.068415
0.07305
0.084832
0.066907
0.057037
0.056852
0.373036
0.093916
0.149058
0.073806
0.070835
0.205119
0.054957
0.093631
0.095249
0.049831
0.051909
0.049522
0.114643
0.052606
0.045326
0.18425
0.067737
0.078386
0.052004
0.091902
0.071187
0.067544
0.097728
0.134433
0.166333
0.06185
0.180114
0.078115
0.057914
0.069916
0.062252
0.136765
0.078243
0.074453
0.071451
0.065284
0.069807
0.063037
0.065032
0.059749
0.155598
0.139713
0.138686
0.142112
0.075642
0.110738
0.127432
0.113663
0.071701
0.061478
0.055401
0.157432
0.054207
0.064162
0.131057
0.056184
0.060075
0.077768
0.073561
0.068316
0.048727
0.061645
0.06861
0.091668
0.05892
0.22471
0.060466
0.049405
0.16838
0.155553
0.067387
0.060328
0.072343
0.106256
0.064047
0.06252
0.053078
0.143749
0.058519
0.058573
0.125608
0.05775
0.057009
0.069896
0.059936
0.11892
0.071957
0.072534
0.057416
0.060468
0.128633
0.046766
0.177535
0.087723
0.056856
0.059309
0.053932
0.050023
0.05986
0.057205
0.062383
0.062994
0.058615
0.038696
0.061721
0.061976
0.060468
0.049141
0.032467
0.050473
0.038504
0.183211
0.158855
0.114575
0.132889
0.160678
0.07769
0.05333
0.051591
0.058563
0.05375
0.043517
0.047027
0.161352
0.068401
0.061062
0.05485
0.058433
0.051903
0.058372
0.067033
0.061731
0.112515
0.112636
0.060719
0.107749
0.055571
0.175821
0.065621
0.110698
0.082585
0.06729
0.116965
0.084689
0.067562
0.058125
0.092359
0.107214
0.073506
0.093369
0.210321
0.136199
0.113259
0.072635
0.077309
0.058216
0.054995
0.042867
0.289375
0.071427
0.06296
0.042239
0.057003
0.048314
0.043757
0.086811
0.179716
0.033129
0.051388
0.050635
0.083827
0.054961
0.031839
0.018726
0.056729
0.051372
0.047623
0.049715
0.098429
0.069202
0.042082
0.051573
0.093284
0.092239
0.06217
0.161884
0.034784
0.054737
0.074627
0.067135
0.034127
0.014215
0.054686
0.050227
0.051737
0.080023
0.043525
0.02444
0.051656
0.052155
0.053824
0.049717
0.048224
0.045309
0.104144
0.052102
0.105413
0.08587
0.054884
0.049956
0.050498
0.04915
0.092869
0.049295
0.066979
0.048428
0.039736
0.050796
0.050007
0.05099
0.050418
0.048527
0.049591
0.050923
0.051596
0.049475
0.04325
0.200476
0.044014
0.052277
0.061332
0.059258
0.300981
0.066013
0.204227
0.059388
0.055077
0.046013
0.048934
0.22616
0.228442
0.120913
0.046285
0.049563
0.049985
0.094578
0.072453
0.046857
0.098405
0.203567
0.165156
0.168914
0.050795
0.090844
0.044548
0.039097
0.034452
0.039808
0.050712
0.050175
0.049665
0.050746
0.076173
0.059323
0.183358
0.119614
0.212897
0.032339
0.094968
0.109748
0.057868
0.068867
0.065938
0.039855
0.038492
0.094688
0.276417
0.034988
0.124488
0.073172
0.085321
0.168536
0.310895
0.132176
0.042945
0.049776
0.109725
0.302967
0.068222
0.057903
0.331568
0.125576
0.050175
0.050167
0.152908
0.08021
0.049025
0.04957
0.091852
0.096915
0.043989
0.04282
0.204961
0.137391
0.042414
0.05657
0.030794
0.059508
0.049569
0.064852
0.084955
0.044842
0.226208
0.133549
0.040669
0.048941
0.25228
0.137557
0.032781
0.050748
0.089263
0.05195
0.030954
0.028356
0.09341
0.140948
0.153171
0.147571
0.094721
0.223949
0.141113
0.141857
0.150091
0.136993
0.13105
0.165663
0.212088
0.042691
0.056498
0.043537
0.048563
0.050258
0.049984
0.052751
0.050584
0.04633
0.092134