
0.001341
0.007783
0.010691
0.021607
0.007889
0.010599
0.010073
0.027455
0.011564
0.008018
0.015718
0.017354
0.01052
0.010492
0.011571
0.012047
0.012133
0.012023
0.010047
0.007037
0.003937
0.008971
0.006449
0.025022
0.019726
0.057903
0.026265
0.02623
0.027159
0.021234
0.009616
0.015781
0.067557
0.025395
0.029086
0.026022
0.025725
0.012036
0.01781
0.018906
0.056275
0.024187
0.024977
0.022728
0.089001
0.015151
0.012038
0.009037
0.020453
0.027258
0.027372
0.068884
0.021
0.036679
0.051111
0.021118
0.03189
0.011971
0.011397
0.017468
0.017935
0.021121
0.0209
0.038391
0.019401
0.026624
0.027618
0.019601
0.018834
0.020912
0.009261
0.01204
0.026586
0.03676
0.017628
0.055501
0.015049
0.054268
0.055639
0.060779
0.026845
0.01956
0.009283
0.00825
0.013322
0.026203
0.02923
0.01905
0.019581
0.01975
0.026528
0.020495
0.020738
0.01998
0.019793
0.051674
0.006127
0.012299
0.014255
0.013536
0.067867
0.021956
0.019696
0.019233
0.019383
0.023196
0.020688
0.02065
0.012109
0.019742
0.019402
0.019363
0.036321
0.019114
0.018546
0.020246
0.014473
0.020462
0.01912
0.01945
0.01997
0.019832
0.021457
0.008642
0.013459
0.052986
0.012947
0.012648
0.012573
0.01408
0.018377
0.019528
0.024691
0.025042
0.019186
0.021097
0.019817
0.026006
0.018351
0.012538
0.018255
0.004983
0.0046
0.056737
0.024567
0.015756
0.067424
0.018182
0.018613
0.018279
0.018487
0.018494
0.011442
0.010947
0.024202
0.024031
0.017337
0.017985
0.018123
0.018027
0.024183
0.026961
0.024389
0.026106
0.023427
0.019613
0.063881
0.005506
0.021071
0.020979
0.062136
0.022289
0.021752
0.073389
0.021743
0.021342
0.014492
0.053947
0.062572
0.01944
0.012167
0.051071
0.019975
0.029776
0.027061
0.025038
0.018636
0.018943
0.008151
0.011727
0.016012
0.02067
0.021064
0.021689
0.020423
0.020137
0.056426
0.008255
0.018822
0.019936
0.020476
0.053511
0.019741
0.013026
0.016026
0.017119
0.015028
0.014773
0.062673
0.018516
0.01376
0.01509
0.057969
0.063648
0.007398
0.007499
0.014744
0.015026
0.013892
0.013547
0.013908
0.014164
0.014464
0.015888
0.042171
0.014312
0.015655
0.017656
0.02104
0.020722
0.018763
0.015012
0.066963
0.006517
0.005125
0.013807
0.017382
0.017342
0.01794
0.017129
0.059357
0.014097
0.053601
0.014467
0.00651
0.007288
0.007098
0.008183
0.008261
0.007258
0.006912
0.007602
0.008683
0.008238
0.001931
0.002081
0.009993
0.009735
0.002597
0.002585
0.06257
0.002487
0.002453
0.009373
0.009124
0.009681
0.002225
0.002929
0.002978
0.012162
0.009735
0.009302
0.009195
0.053291
0.010906
0.008016
0.005684
0.002425
0.002475
0.002218
0.008103
0.015812
0.008071
0.007205
0.007223
0.006803
0.007451
0.007347
0.007276
0.00801
0.026661
0.002095
0.001821
0.003689
0.003413
0.006852
0.051039
0.045528
0.012481
0.01087
0.008814
0.00834
0.006669
0.050523
0.004039
0.007378
0.050589
0.011599
0.047722
0.066604
0.063263
0.012739
0.006817
0.007482
0.061305
0.003387
0.01153
0.009628
0.058534
0.008444
0.00877
0.008929
0.063038
0.009923
0.008858
0.008649
0.047384
0.01423
0.008402
0.002351
0.008481
0.016348
0.009494
0.008781
0.009053
0.008591
0.008963
0.045858
0.005053
0.002227
0.015337
0.007556
0.007635
0.004001
0.001841
0.006313
0.006843
0.045832
0.011471
0.006632
0.00721
0.049934
0.054596
0.057091
0.047257
0.005829
0.003947
0.053096
0.047874
0.055303
0.046715
0.054128
0.049468
0.002951
0.008099
0.013112
0.00802
0.006636
0.006839
0.006754
0.009246
0.008594
0.00661
0.048182
0.058655