
42
47
146
42
14
127
95
71
34
47
48
147
148
98
50
148
37
149
49
52
52
141
52
12
52
91
62
31
31
33
33
33
33
59
28
60
52
52
157
80
8
38
109
81
25
22
140
90
278
289
299
309
301
317
289
315
235
23
287
146
313
297
290
19
313
117
266
358
293
306
298
112
262
313
112
439
157
154
54
244
325
170
68
325
289
318
106
29
25
325
325
180
361
123
170
106
159
454
95
176
280
170
239
433
159
314
155
147
460
313
308
233
371
246
169
327
327
147
147
313
157
302
163
161
316
246
139
223
116
235
166
139
279
139
500
45
165
139
454
312
139
312
161
160
454
116
324
139
22
32
117
22
152
154
324
22
161
24
79
112
500
268
193
304
319
164
301
151
180
47
193
155
156
139
24
139
139
144
500
314
200
200
292
316
139
169
181
200
16
368
148
47
154
364
62
298
152
66
89
66
170
148
199
199
115
148
50
50
115
199
199
148
164
199
199
152
199
164
164
149
148
57
11
175
207
141
187
158
207
139
150
207
139
78
108
272
145
158
139
139
158
161
139
141
145
156
156
8
161
117
146
215
157
159
215
117
156
146
147
215
157
147
156
124
202
124
500
500
122
299
215
301
500
115
290
500
186
145
164
176
101
176
119
46
119
116
500
30
126
156
56
108
56
500
175
126
138
126
138
62
175
142
56
126
138
500
131
14
14
80
91
12
500
91
80
47
500
120
26
147
500
500
117
500
33
139
117
500
152
112
500
116
500
152
103
121
117
135
112
117
74
71
11
500
74
117
135
11
117
71
135
109
74
110
135
500
11
71
355
126
122
22
336
163
122
169
183
338
471
471
163
126
346
500
500
288
122
123
184
184
493
87
493
118
105
72
105
147
105
193
85
74
147
103
168
108
94
129
147
193
72
117
147
147
500
129
105
16
54
29
42
49
53
49
52
49
29
26
22
89
48
49
64
77
35
23
78
50
19
52
63
49
47
85
112
111
79
35
21
81
81
16
51
107
47
47
83
81
107
80
31
21
107
80
88
18
88
88
84
22
105
45
47
19
20
48
160
12
160
160
71
34
98
41
59
12
77
51
18
68
43
79
18
98
21
64
148
41
59
46
64
21
52
16
96
84
82
147
41
59
46
64
20
52
16
96
92
74
146
33
89
42
80
12
41
9
88
64
35
12
63
64
89
34
11
10
146
73
63
146
74
35
25
32
20
32
101
61
51
112
31
41
86
22
22
25
12
13
99
54
15
38
24
39
78
52
85
14
55
13
88
98
54
15
51
26
79
99
20
30
20
107
45
46
90
32
48
72
47
24
107
32
19
108
16
20
16
112
93
40
112
29
36
66
24
27
22
24
30
67
18
16
14
24
41
29
120
29
41
62
29
18
14
6
3
44
47
122
360
309
335
355
50
122
23
78
277
30
15
38
100
50
500
42
52
362
270
44
44
42
18
44
28
12
46
133
44
117
45
13
18
16
26
20
63
26
86
78
132
15
15
52
17
26
51
38
86
141
40
99
16
34
69
36
20
74
15
29
37
29
91
148
39
90
65
146
145
43
275
78
99
183
457
28
141
28
202
28
27
27
45
28
28
28
29
43
43
155
157
213
150
105
28
196
47
17
19
155
117
117
155
157
18
176
311
74
171
164
171
117
113
323
183
79
7
500
117
71
337
82
71
113
117
72
6
378
241
74
84