
190
239
146
190
246
127
150
147
312
263
226
243
141
226
248
255
146
141
309
283
229
246
150
173
40
90
158
150
299
106
235
304
287
146
313
297
290
296
313
117
244
325
170
68
325
289
318
106
306
110
147
443
154
298
256
302
315
127
328
177
302
163
161
316
246
139
223
116
235
166
443
32
117
500
152
154
324
268
161
155
178
169
179
500
181
298
142
295
158
182
148
168
154
364
170
298
152
199
199
199
140
175
207
141
187
158
207
139
150
207
156
156
147
161
117
146
215
157
159
215
500
141
289
145
110
121
203
500
287
203
500
86
126
156
98
108
56
500
175
126
131
110
110
161
490
489
500
490
161
135
135
117
500
152
112
500
116
500
152
103
163
122
500
163
3
500
500
489
143
500
105
126
125
119
129
183
129
91
500
105
125
99
69
500
500
172
467
113
159
69
136
109
315
264
398
171
341
110
160
386
137
107
318
500
84
170
107
107
160
384
500
105
324
500
84
148
105
105
163
496
160
98
160
160
71
158
98
101
171
492
286
148
64
169
438
313
101
178
97
96
101
147
64
171
439
313
100
178
97
96
93
146
56
244
440
323
92
169
91
88
54
62
54
252
186
176
112
57
133
86
47
55
80
254
187
79
131
51
137
78
41
130
41
262
190
82
90
319
148
72
36
70
36
339
221
76
297
317
51
66
62
67
33
31
111
344
303
319
56
62
285
57
44
47
122
360
309
335
355
50
500
342
110
220
268
76
106
116
314
44
132
132
117
41
259
51
133
174
453
40
64
135
146
40
264
75
87
178
457
39
65
146
145
43
275
78
99
183
457
28
43
155
157
213
150
105
28
196
47
17
74
171
164
171
117
113
323
183
79
7