
0.040007
0.003837
0.004795
0.004001
0.004997
0.007665
0.004148
0.004696
0.004568
0.002972
0.003619
0.003476
0.004966
0.004143
0.010407
0.003228
0.008287
0.004038
0.004288
0.004374
0.004465
0.004607
0.002944
0.003071
0.003191
0.003201
0.003166
0.002959
0.003114
0.004087
0.003725
0.003461
0.009305
0.003465
0.00348
0.008896
0.007772
0.00333
0.003674
0.005817
0.003464
0.003437
0.002316
0.004273
0.00314
0.009985
0.003398
0.003754
0.004476
0.00844
0.004588
0.003878
0.003579
0.003802
0.003083
0.00886
0.009103
0.003804
0.004361
0.007583
0.004165
0.005827
0.008404
0.004266
0.00397
0.003919
0.006406
0.005956
0.008532
0.009497
0.005051
0.005438
0.003613
0.006603
0.005587
0.004099
0.004187
0.005448
0.010109
0.003955
0.003131
0.004919
0.003332
0.004156
0.007081
0.004
0.006919
0.009877
0.003599
0.048322
0.003429
0.003009
0.002797
0.003181
0.001664
0.00266
0.001948
0.001743
0.003153
0.007235
0.00339
0.002891
0.002863
0.003021
0.003145
0.003472
0.00309
0.008539
0.003584
0.003018
0.004083
0.008441
0.002122
0.002976
0.002933
0.007043
0.003273
0.048078
0.003471
0.003445
0.002855
0.00328
0.001614
0.003478
0.002736
0.001915
0.00175
0.007891
0.007809
0.007277
0.001872
0.002016
0.011356
0.01204
0.003996
0.002619
0.004286
0.002478
0.003508
0.001829
0.004012
0.002402
0.038076
0.003595
0.003357
0.004807
0.003729
0.001085
0.003086
0.003665
0.003492
0.001344
0.001143
0.005061
0.00449
0.007502
0.009577
0.010566
0.009922
0.009286
0.015491
0.007022
0.008361
0.059519
0.001442
0.00132
0.006737
0.008017
0.010345
0.008178
0.020025
0.003474
0.007313
0.013888
0.00619
0.021619
0.007769
0.003792
0.002446
0.048559
0.001617
0.001386
0.00792
0.007884
0.004401
0.008117
0.003515
0.007272
0.002883
0.003636
0.009435
0.002901
0.004065
0.006758
0.004405
0.006151
0.009952
0.003596
0.007464
0.00377
0.054353
0.003255
0.010624
0.015937
0.007688
0.00628
0.008351
0.006957
0.005325
0.010637
0.009677
0.003291
0.003273
0.008274
0.004014
0.043181
0.002923
0.002904
0.003159
0.006914
0.002958
0.011598
0.002522
0.004318
0.003654
0.010025
0.003055
0.008129
0.003035
0.00316
0.007887
0.003992
0.003996
0.01014
0.003786
0.010117
0.003958
0.052636
0.001668
0.001237
0.001352
0.001939
0.007145
0.002469
0.003635
0.013019
0.008514
0.007895
0.014847
0.00791
0.003988
0.007458
0.003866
0.00571
0.003918
0.001792
0.004442
0.003793
0.003869
0.047651
0.004263
0.003772
0.001475
0.00523
0.00293
0.003792
0.01157
0.00783
0.009316
0.00541
0.007368
0.007519
0.003073
0.003149
0.003896
0.004278
0.010011
0.003289
0.001324
0.008514
0.041105
0.001845
0.001777
0.002125
0.002431
0.002446
0.00394
0.003784
0.005372
0.005595
0.004145
0.003436
0.003597
0.001628
0.003339
0.00367
0.00166
0.005225
0.005208
0.003333
0.004062
0.005454
0.005315
0.00365
0.00549
0.004025
0.00466
0.003748
0.003346
0.005321
0.002097
0.035838
0.001647
0.007554
0.00554
0.00401
0.013292
0.013857
0.004125
0.003952
0.003313
0.003431
0.003923
0.005293
0.003044
0.003491
0.003557
0.034016
0.001359
0.003523
0.003947
0.003721
0.003642
0.005963
0.003728
0.004054
0.003867
0.003807
0.005937
0.003712
0.011581
0.011741
0.003645
0.007865
0.006346
0.007636
0.011056
0.055103
0.003796
0.007333
0.010506
0.004496
0.003472
0.004096
0.004311
0.003871
0.004203
0.003275
0.00275
0.004395
0.003855
0.043661
0.001443
0.001866
0.005884
0.006569
0.005201
0.003335
0.004491
0.00366
0.003053
0.003674
0.003118
0.017412
0.066706
0.003023
0.001226
0.001259
0.002628
0.002672
0.001735
0.002929
0.002592
0.002275
0.010919
0.003842
0.002731
0.001679
0.002744
0.010719
0.003485
0.011415
0.003419
0.011532
0.008542
0.006311
0.049138
0.003402
0.003535
0.004069
0.003379
0.004288
0.009463
0.003878
0.002319
0.004341
0.002374
0.004126
0.001449
0.015284
0.004527
0.002678
0.004512
0.003841
0.003657
0.004289
0.001299
0.011128
0.006963
0.003937
0.003713
0.004308
0.002438
0.006569
0.008003
0.022974
0.004589
0.005859
0.001969
0.002987
0.069291
0.007989
0.003318
0.00295
0.01184
0.001584
0.008399
0.004553
0.002739
0.004487
0.004345
0.007699
0.011303
0.012075
0.00451
0.003463
0.010911
0.014997
0.011306
0.007415
0.002915
0.00374
0.007717
0.007883
0.015761
0.003344
0.028711
0.004003
0.033017
0.004696
0.004442
0.006481
0.007162
0.006331
0.008861
0.010352
0.004215
0.015055
0.002948
0.004195
0.003422
0.003044
0.002863
0.004063
0.004811
0.002901
0.003408
0.005565
0.004885
0.012374
0.003379
0.00394
0.051245
0.001975
0.00164
0.002796
0.003064
0.003156
0.002364
0.00306
0.001774
0.002229
0.002563
0.002595
0.001511
0.008003
0.00161
0.008231
0.006999
0.002421
0.003668
0.005669
0.00857
0.003362
0.00238
0.007551
0.00432
0.048438
0.002946
0.001466
0.003567
0.0031
0.001224
0.002362
0.00244
0.001905
0.002234
0.002272
0.002539
0.00255
0.002339
0.012011
0.00279
0.003411
0.0442
0.003112
0.001299
0.003772
0.003858
0.001369
0.002105
0.002533
0.001758
0.002156
0.00215
0.008535
0.002493
0.003553
0.002421
0.010801
0.003647
0.004809
0.002052
0.011588
0.002228
0.002457
0.010794
0.002527
0.003746
0.052562
0.004173
0.001797
0.003836
0.003642
0.002012
0.003067
0.001582
0.002408
0.001904
0.01061
0.004991
0.00185
0.00257
0.040632
0.001354
0.00274
0.002204
0.001907
0.003065
0.001654
0.016482
0.007598
0.005055
0.002001
0.003008
0.001551
0.002587
0.002036
0.003021
0.002004
0.009271
0.004017
0.002772
0.001301
0.00533
0.00847
0.003973
0.002394
0.051541
0.002694
0.002396
0.003529
0.003255
0.002728
0.001958
0.001725
0.004056
0.002357
0.002743
0.00223
0.038528
0.002422
0.002513
0.003582
0.00338
0.002564
0.001837
0.001735
0.001765
0.002229
0.006489
0.003885
0.038781
0.002552
0.00197
0.003921
0.003147
0.00337
0.002029
0.001637
0.001789
0.002188
0.00501
0.002772
0.003207
0.002091
0.005199
0.003255
0.004961
0.003224
0.004799
0.003461
0.002185
0.002024
0.003235
0.002039
0.003683
0.001643
0.003244
0.004938
0.001625
0.004547
0.003528
0.004941
0.003609
0.004766
0.005859
0.003019
0.003648
0.002301
0.003098
0.001271
0.031342
0.003024
0.00193
0.001997
0.004105
0.003393
0.002292
0.00194
0.002769
0.002107
0.010638
0.007749
0.005552
0.004073
0.03357
0.002154
0.001611
0.001585
0.004253
0.003185
0.001667
0.002969
0.002101
0.002871
0.001953
0.003511
0.00236
0.007838
0.003704
0.004074
0.006785
0.002104
0.003085
0.004725
0.002932
0.01156
0.006987
0.008066
0.006743
0.004996
0.004062
0.003755
0.002222
0.002882
0.002149
0.002575
0.002042
0.00189
0.002222
0.028084
0.013181
0.039868
0.002082
0.002766
0.00173
0.003895
0.002981
0.002171
0.001908
0.00307
0.001885
0.003044
0.002063
0.003742
0.003254
0.011673
0.006192
0.002872
0.003098
0.007722
0.005232
0.010569
0.005041
0.03967
0.001959
0.001796
0.001668
0.004224
0.003836
0.002122
0.003934
0.001837
0.002929
0.001888
0.011653
0.006133
0.004285
0.003225
0.002054
0.001455
0.002625
0.001959
0.021869
0.004467
0.004699
0.004823
0.035855
0.001567
0.001802
0.002078
0.001882
0.003026
0.001933
0.004053
0.002067
0.003275
0.00187
0.015928
0.003026
0.011506
0.001898
0.004513
0.002805
0.050955
0.001415
0.001167
0.001739
0.018349
0.006027
0.006357
0.001831
0.006073
0.003679
0.014469
0.008953
0.002098
0.002165
0.001519
0.002997
0.003983
0.002167
0.011028
0.004861
0.001715
0.001762
0.009216
0.006829
0.052154
0.003167
0.003026
0.002992
0.00168
0.003221
0.003238
0.001517
0.003345
0.004366
0.001638
0.019785
0.013756
0.001764
0.001628
0.00722
0.003134
0.001731
0.001761
0.002438
0.001552
0.011444
0.001939
0.001931
0.001748
0.004985
0.011158
0.003548
0.001946
0.006743
0.003641
0.004824
0.003965
0.010236
0.004405
0.040963
0.002025
0.001773
0.003211
0.001838
0.002108
0.002793
0.003648
0.00444
0.001964
0.016278
0.010367
0.003178
0.002083
0.003367
0.002982
0.009392
0.006641
0.055621
0.003261
0.00185
0.00403
0.001654
0.002052
0.002871
0.002017
0.003675
0.004349
0.001748
0.006449
0.004108
0.04132
0.001468
0.005135
0.001498
0.001422
0.005743
0.003662
0.001545
0.001442
0.003239
0.003887
0.004694
0.004272
0.00488
0.005192
0.006062
0.006396
0.00526
0.039043
0.001294
0.004651
0.005013
0.00702
0.006171
0.013829
0.006869
0.007755
0.002895
0.002858
0.020225
0.030257
0.035565
0.00126
0.011076
0.003698
0.004587
0.007582
0.00313
0.00387
0.003401
0.003844
0.003385
0.001173
0.013725
0.006399
0.004208
0.008478