
0.000973
0.001421
0.001037
0.001223
0.000944
0.000952
0.001153
0.001186
0.001034
0.001009
0.001132
0.001019
0.000974
0.000965
0.001172
0.001062
0.001
0.001036
0.000904
0.001239
0.000987
0.001322
0.000835
0.00111
0.00088
0.000969
0.000998
0.001184
0.000751
0.000892
0.000979
0.000886
0.000973
0.000948
0.001029
0.000895
0.001124
0.000957
0.000864
0.001036
0.000977
0.000956
0.000906
0.001156
0.000861
0.000916
0.00094
0.001278
0.001097
0.000934
0.000879
0.000838
0.002547
0.00277
0.001478
0.001386
0.002921
0.00273
0.001712
0.001151
0.001337
0.003116
0.001411
0.001051
0.00124
0.001617
0.001468
0.00302
0.002437
0.002281
0.001713
0.001793
0.001562
0.003205
0.001284
0.001236
0.001106
0.001078
0.001189
0.001239
0.001226
0.001086
0.001783
0.00151
0.001128
0.001323
0.001115
0.001295
0.000997
0.001269
0.000946
0.001199
0.001428
0.001326
0.001413
0.001587
0.001543
0.000849
0.000917
0.0011
0.000911
0.001271
0.002088
0.001592
0.001625
0.001647
0.00158
0.001293
0.001126
0.001516
0.000921
0.002887
0.001222
0.001135
0.001061
0.001712
0.001961
0.000863
0.001955
0.001676
0.001079
0.001146
0.001065
0.001997
0.001228
0.002149
0.000934
0.001577
0.001319
0.001097
0.001057
0.001387
0.001263
0.001247
0.000985
0.001644
0.003226
0.001839
0.002495
0.001556
0.001237
0.001285
0.001159
0.000969
0.000924
0.001048
0.00109
0.001042
0.00099
0.00091
0.000923
0.001125
0.002489
0.000958
0.000957
0.001035
0.000911
0.003371
0.001342
0.000912
0.001014
0.001057
0.00103
0.001034
0.000864
0.000952
0.001056
0.00095
0.000868
0.000916
0.000902
0.002032
0.001113
0.001364
0.001044
0.001055
0.001714
0.002529
0.001396
0.000929
0.001047
0.001078
0.001145
0.000857
0.001036
0.000929
0.001088
0.00081
0.000874
0.001098
0.000856
0.001115
0.000983
0.001069
0.001039
0.001281
0.000935
0.00094
0.001038
0.00162
0.001106
0.001002
0.001088
0.003203
0.000898
0.001017
0.001025
0.001096
0.001077
0.00139
0.001176
0.001047
0.001185
0.001118
0.001566
0.001194
0.001357
0.001083
0.001006
0.000897
0.001
0.001025
0.001142
0.001343
0.001872
0.001235
0.000977
0.001004
0.001045
0.000956
0.001097
0.001009
0.000971
0.001355
0.001132
0.001102
0.003358
0.000863
0.001155
0.00105
0.001102
0.001007
0.001033
0.001079
0.001117
0.001118
0.001354
0.001196
0.003882
0.001035
0.000983
0.0009
0.001415
0.001051
0.001053
0.001067
0.000953
0.001153
0.000972
0.002882
0.00098
0.001043
0.001133
0.000872
0.001008
0.000978
0.001133
0.00104
0.001155
0.001628
0.001212
0.000928
0.001743
0.001299
0.001099
0.001103
0.00124