
0.004389
0.005938
0.005269
0.00595
0.005428
0.010229
0.009686
0.005024
0.004874
0.005536
0.005575
0.007079
0.004395
0.006013
0.011658
0.010386
0.01196
0.005423
0.0064
0.005644
0.012712
0.005749
0.00597
0.007227
0.005299
0.011618
0.004807
0.004474
0.004543
0.004581
0.006219
0.006626
0.004788
0.006425
0.006746
0.011781
0.005416
0.00431
0.004002
0.006745
0.005373
0.005574
0.006352
0.003618
0.005952
0.005408
0.005116
0.005014
0.006539
0.005403
0.005338
0.006151
0.018781
0.023856
0.007933
0.008437
0.019232
0.020766
0.00846
0.007284
0.004826
0.018638
0.006065
0.004198
0.006275
0.0181
0.008784
0.019642
0.015446
0.011965
0.012322
0.007892
0.009536
0.028917
0.006197
0.009171
0.010232
0.005798
0.017453
0.01609
0.015361
0.010568
0.009049
0.022285
0.005018
0.005133
0.004144
0.01734
0.004603
0.005614
0.005014
0.008801
0.007152
0.007603
0.005985
0.007653
0.009972
0.011792
0.008842
0.008754
0.005302
0.011452
0.026939
0.008815
0.017242
0.010058
0.009022
0.014054
0.006654
0.010704
0.011045
0.026031
0.01106
0.006559
0.016449
0.01156
0.02028
0.008584
0.012084
0.007799
0.009111
0.009942
0.005439
0.015457
0.006561
0.024029
0.00446
0.008583
0.005234
0.006451
0.011474
0.012991
0.006663
0.007613
0.004955
0.008888
0.01711
0.007251
0.029694
0.007437
0.007979
0.010818
0.024236
0.004728
0.004154
0.004674
0.018716
0.021497
0.013036
0.003502
0.00895
0.010442
0.013274
0.005106
0.005278
0.003686
0.004629
0.014254
0.016395
0.004035
0.007323
0.004131
0.006134
0.005273
0.003952
0.007671
0.007677
0.008156
0.00372
0.012509
0.003193
0.027199
0.009732
0.004514
0.007527
0.006875
0.012037
0.01304
0.007628
0.007927
0.017951
0.016061
0.010456
0.003571
0.00412
0.012887
0.015465
0.003444
0.004119
0.009439
0.007012
0.004527
0.014252
0.00412
0.016958
0.014739
0.004641
0.004316
0.006628
0.013285
0.004623
0.006061
0.010146
0.013587
0.004517
0.008614
0.004912
0.008766
0.008734
0.009027
0.007769
0.004864
0.01416
0.014509
0.018408
0.005995
0.006979
0.008886
0.003293
0.003077
0.003598
0.005712
0.005511
0.010818
0.033972
0.00877
0.009102
0.008886
0.006497
0.01411
0.012154
0.011384
0.005214
0.006354
0.009194
0.005868
0.036061
0.002822
0.01473
0.007216
0.002971
0.005723
0.023385
0.014362
0.01655
0.014653
0.011854
0.019473
0.04396
0.006609
0.014573
0.00652
0.024114
0.007399
0.005934
0.009201
0.002603
0.006231
0.00457
0.013528
0.002336
0.014733
0.009469
0.005981
0.005582
0.009191
0.006063
0.006619
0.015085
0.015703
0.01542
0.00575
0.011584
0.01479
0.007828
0.008353
0.022035