
0.0601995
0.0746485
0.089396
0.100348
0.0682792
0.0811084
0.104428
0.0163111
0.0304657
0.0226346
0.0341692
0.0558703
0.0545628
0.0313995
0.0226534
0.0628705
0.0703553
0.103884
0.116633
0.14937
0.119989
0.110282
0.165021
0.167382
0.149909
0.0345364
0.0460863
0.0354263
0.0254119
0.0254119
0.0476618
0.0368788
0.0590441
0.070256
0.0706839
0.0331136
0.000921153
0.022416
0.0548212
0.021351
0.0318764
0.0207086
0.0425297
0.0425297
0.0419695
0.0307149
0.00953719
0.0201051
0.0201051
0.0306732
0.0406016
0.0170104
0.0500104
0.015595
0.048595
0.0259073
0.00295911
0.00467278
0.0052989
0.0052989
0.00345704
0.00345704
0.0134706
0.0134706
0.0116289
0.0116289
0.0404471
0.0616769
0.0497363
0.0594527
0.0336515
0.0666479
0.0410169
0.0622004
0.066
0.0275756
0.0336756
0.00238448
0.031214
0.0197735
0.053676
0.00518153
0.0260885
0.013779
0.0222573
0.00251895
0.0308228
0.00713281
0.0260548
0.0349977
0.0021996
0.0317644
0.00736732
0.0171313
0.0259093
0.0259093
0.00132591
0.0221531
0.00662848
0.00662848
0.00662848
0.0153853
0.0115386
0.0115386
0.099
0.0379792
0.0585266
0.0460766
0.066709
0.0176499
0.05063
0.0323435
0.0406078
0.0429893
0.0429893
0.00433786
0.0202312
0.000463204
0.0120096
0.0209939
0.015983
0.0047409
0.0535473
0.00828395
0.028746
0.0164214
0.0119785
0.0119785
0.0199028
0.0199028
0.00330955
0.0240235
0.0521961
0.0271629
0.066
0.0320381
0.0147583
0.0100175
0.0180276
0.0132881
0.0132881
0.0409668
0.0219788
0.00143223
0.00674896
0.0184981
0.0109158
0.0156578
0.0156578
0.00773567
0.0203569
0.0205702
0.00485922
0.0174327
0.00917351
0.00917351
0.00917351
0.0735405
0.0230054
0.0406232
0.00334425
0.00334425
0.0085594
0.0085594
0.0261799
0.0389722
0.00600529
0.023818
0.00356791
0.00436299
0.0213816
0.00530097
0.00232168
0.0106864
0.00975845