
3e-06
1e-06
1e-06
1e-06
1e-06
1e-06
1e-06
1e-06
2e-06
1e-06
1e-06
1e-06
1e-06
1e-06
1e-06
1e-06
2e-06
1e-06
1e-06
1e-06
1e-06
1e-06
1e-06
1e-06
1e-06
1e-06
1e-06
0
1e-06
0
1e-06
1e-06
2e-06
0
1e-06
0
1e-06
1e-06
1e-06
1e-06
1e-06
0
1e-06
1e-06
1e-06
1e-06
0
1e-06
1e-06
1e-06
0
0
4e-06
6e-06
2e-06
1e-06
6e-06
5e-06
2e-06
1e-06
2e-06
6e-06
1e-06
1e-06
3e-06
2e-06
2e-06
7e-06
4e-06
4e-06
2e-06
3e-06
2e-06
5e-06
1e-06
0.045742
0.031213
0.030501
0.030705
0.029926
0.030003
0.030206
0.078351
0.079172
0.032892
0.030742
0.030419
0.022169
0.022477
0.019239
1e-06
2e-06
2e-06
2e-06
2e-06
3e-06
2e-06
2e-06
1e-06
2e-06
1e-06
2e-06
4e-06
2e-06
3e-06
3e-06
2e-06
2e-06
3e-06
0.022239
2e-06
0.062808
1e-06
2e-06
1e-06
2e-06
3e-06
1e-06
4e-06
0.033558
0.017157
0.017701
0.016152
0.055534
0.027552
0.062844
0.018582
0.026402
0.020344
0.014699
0.014862
0.02012
0.015993
0.015957
0.014598
0.030388
0.072958
0.029174
0.058791
0.058724
0.013451
0.011756
0.011422
0.015842
0.016093
0.037153
0.016057
0.019135
0.023487
0.023494
0.020068
0.019963
0.096531
0.022401
0.019745
0.020511
0.017979
0.076033
0.029147
0.018083
0.018002
0.016929
0.018599
0.027543
0.016574
0.016931
0.018706
0.018408
0.019807
0.020086
0.020151
0.063026
0.024168
0.077041
0.025691
0.01514
0.052988
0.085213
0.022436
0.016106
0.015982
0.019087
0.018694
0.021045
0.020848
0.020972
0.019953
0.01991
0.019774
0.017906
0.018418
0.036636
0.017928
0.019942
0.021303
0.020513
0.02074
0.020861
0.018173
0.02653
0.025057
0.017205
0.013737
0.056408
0.015722
0.012658
0.016026
0.012674
0.012445
0.012068
0.015486
0.013833
0.01348
0.014518
0.059198
0.030905
0.058629
0.01558
0.015578
0.015821
0.021325
0.016837
0.019352
0.019089
0.084611
0.039433
0.016687
0.01805
0.018724
0.018826
0.0207
0.022203
0.046696
0.079091
0.025658
0.020264
0.069691
0.046073
0.047779
0.026815
0.044791
0.027399
0.024663
0.021014
0.023702
0.026541
0.024342
0.021821
0.069289
0.022945
0.020218
0.020234
0.059214
0.022879
0.0201
0.016946
0.017034
0.016941
0.018107
0.074003
0.012938
0.012975
0.017043
0.018912
0.0175
0.022112
0.021709
0.017042
0.017294
0.082633
0.022681
0.019991
0.058587
0.018833
0.021535
0.022055
0.023012