
0.006598
0.008166
0.007582
0.008505
0.007675
0.013963
0.014407
0.007198
0.006536
0.007838
0.00709
0.009597
0.006652
0.008464
0.015183
0.013409
0.016719
0.006926
0.008869
0.007227
0.016303
0.007938
0.008211
0.009072
0.007472
0.01489
0.007013
0.00644
0.006844
0.006818
0.008712
0.00876
0.006809
0.008839
0.009261
0.015091
0.007509
0.006251
0.006123
0.009346
0.007432
0.007841
0.008674
0.005547
0.008356
0.007578
0.007657
0.007063
0.009099
0.007639
0.007117
0.00851
0.026307
0.034943
0.011318
0.012147
0.027633
0.031971
0.011175
0.010691
0.008812
0.024405
0.009019
0.006955
0.009444
0.027095
0.013241
0.02661
0.023766
0.019167
0.017363
0.012807
0.013701
0.036456
0.009106
0.062948
0.049299
0.042488
0.062484
0.061266
0.059787
0.049304
0.096112
0.119633
0.043758
0.0407
0.04025
0.054093
0.029762
0.027441
0.007494
0.012946
0.010973
0.011201
0.009125
0.011844
0.014945
0.020183
0.012455
0.012114
0.008161
0.015998
0.035701
0.016233
0.023986
0.018194
0.016982
0.018825
0.010029
0.03584
0.014118
0.099644
0.016494
0.009587
0.021599
0.016904
0.02923
0.016045
0.022333
0.048623
0.030007
0.035574
0.024101
0.076864
0.036904
0.119032
0.025357
0.044193
0.032115
0.028245
0.037347
0.041309
0.028136
0.031798
0.026052
0.046596
0.113192
0.042754
0.128214
0.07378
0.030816
0.033871
0.052343
0.025401
0.025882
0.046543
0.049572
0.057108
0.04504
0.031335
0.037104
0.039295
0.12372
0.033244
0.030571
0.028374
0.026575
0.106829
0.058076
0.02569
0.031476
0.026304
0.031126
0.037829
0.025797
0.031621
0.0337
0.034191
0.02912
0.040224
0.026994
0.119894
0.045539
0.087784
0.042031
0.0285
0.07615
0.114765
0.038059
0.03028
0.047925
0.048013
0.036217
0.029124
0.029692
0.041592
0.047681
0.028179
0.028457
0.035916
0.031216
0.046694
0.040517
0.028958
0.047255
0.043631
0.029489
0.029742
0.027332
0.053992
0.033351
0.028451
0.032017
0.086802
0.024763
0.028516
0.026352
0.031913
0.030376
0.034473
0.029742
0.023589
0.036304
0.037325
0.089269
0.042341
0.072911
0.033026
0.02295
0.023137
0.030073
0.027943
0.03219
0.039958
0.129611
0.051906
0.029133
0.033173
0.028179
0.038219
0.038679
0.037214
0.054742
0.08906
0.038569
0.028942
0.117345
0.053293
0.072253
0.044096
0.051513
0.039888
0.068599
0.040436
0.048374
0.047946
0.042147
0.048915
0.12589
0.032362
0.038759
0.029472
0.090548
0.033219
0.028888
0.032034
0.022822
0.02597
0.025341
0.104483
0.01846
0.036279
0.036144
0.03174
0.029969
0.041117
0.034758
0.026821
0.040645
0.108632
0.046416
0.032605
0.082618
0.038565
0.033207
0.033671
0.052571