
1.5118e+09
0.008107
0.009559
0.008845
0.009784
0.008948
0.015232
0.015682
0.008476
0.007811
0.009106
0.008374
0.010911
0.00787
0.009724
0.016448
0.014656
0.017998
0.008195
0.010079
0.008434
0.01751
0.0091
0.009398
0.010236
0.008612
0.016023
0.008101
0.007466
0.007894
0.007837
0.009797
0.009859
0.007882
0.009957
0.010432
0.01643
0.008855
0.007523
0.007412
0.010604
0.008671
0.009083
0.010019
0.006829
0.009655
0.008855
0.008922
0.008292
0.010204
0.008741
0.009334
0.056746
0.084732
0.064203
0.017575
0.033522
0.082535
0.042427
0.0297
0.040286
0.094459
0.031114
0.033552
0.040472
0.065562
0.035501
0.085919
0.039238
0.056078
0.031558
0.054696
0.032814
0.091568
0.055278
0.250149
0.099016
0.085313
0.07869
0.070391
0.097107
0.080767
0.302901
0.184325
0.166328
0.080423
0.061738
0.22334
0.081381
0.050762
0.03374
0.067657
0.02796
0.067347
0.035788
0.102322
0.023466
0.035477
0.157876
0.034348
0.050583
0.033197
0.099863
0.090984
0.083582
0.048651
0.025217
0.02255
0.055406
0.038929
0.056844
0.042656
0.165752
0.029132
0.013515
0.065657
0.034988
0.183473
0.071994
0.085357
0.063032
0.051401
0.039853
0.05832
0.148451
0.095769
0.13285
0.213335
0.065078
0.044781
0.039773
0.075507
0.0462
0.041823
0.036422
0.102017
0.107017
0.305492
0.055085
0.197909
0.19983
0.041229
0.0503
0.05633
0.045735
0.048409
0.053174
0.053884
0.228791
0.060867
0.049302
0.041585
0.110731
0.151439
0.037542
0.053972
0.039538
0.054694
0.308044
0.076167
0.046166
0.040854
0.060245
0.046424
0.052109
0.041233
0.060318
0.039852
0.213285
0.042717
0.04419
0.056909
0.174758
0.105276
0.109216
0.045594
0.1656
0.146232
0.14333
0.042985
0.043815
0.051993
0.194698
0.05065
0.039881
0.06063
0.046423
0.061566
0.032287
0.058862
0.04007
0.098794
0.060182
0.044547
0.053425
0.200623
0.058113
0.050183
0.039557
0.064091
0.059594
0.046253
0.032017
0.055802
0.116501
0.02822
0.17361
0.037058
0.049755
0.042863
0.059271
0.041214
0.057901
0.041786
0.061369
0.100471
0.047055
0.208334
0.044518
0.042131
0.062463
0.037868
0.060462
0.039606
0.223042
0.195262
0.065168
0.040635
0.058657
0.041522
0.059287
0.042296
0.106197
0.120669
0.109389
0.042005
0.219149
0.181849
0.118781
0.088631
0.104715
0.058727
0.046969
0.209257
0.055251
0.064327
0.051508
0.055807
0.05238
0.149369
0.035655
0.056157
0.040105
0.110932
0.045805
0.031673
0.034842
0.034737
0.041904
0.239144
0.259771
0.023146
0.198579
0.047161
0.04191
0.059966
0.044554
0.05403
0.041637
0.103238
0.129138
0.051862
0.035528
0.191006
0.055854
0.04
0.060681