
0.000847
0.03345
0.012646
0.031431
0.009743
0.037178
0.009437
0.013965
0.029136
0.018745
0.015471
0.035376
0.011106
0.027503
0.027615
0.027768
0.027252
0.01242
0.012709
0.074165
0.034105
0.027698
0.012289
0.009613
0.0185
0.012287
0.021465
0.016359
0.050758
0.009377
0.016613
0.017139
0.045554
0.043176
0.058619
0.014829
0.010923
0.007576
0.054939
0.008347
0.014144
0.004049
0.051085
0.053357
0.008979
0.009951
0.008632
0.056647
0.051187
0.003645
0.012329
0.007823
0.017349
0.008539
0.051251
0.05394
0.006371
0.007533
0.057587
0.002967
0.006532
0.006609
0.008458
0.00217
0.002965
0.010542
0.009782
0.06056
0.015331
0.009833
0.003283
0.049776
0.01166
0.008799
0.009388
0.008386
0.00951
0.002641
0.00913
0.009599
0.047852
0.054062
0.01424
0.002137
0.058391
0.01702
0.008169
0.002393
0.009834
0.009985
0.009333
0.00937
0.047913
0.009091
0.002615
0.009844
0.009924
0.012686
0.008671
0.007412
0.015752
0.002242
0.007175
0.006661
0.00828
0.007587
0.010732
0.003861
0.002842
0.007698
0.011201
0.009751
0.002723
0.058475
0.008734
0.008463
0.009358
0.056666
0.060392
0.014474
0.002526
0.059004
0.060373
0.011879
0.055323
0.002589
0.003045
0.01078
0.011602
0.009838
0.015975
0.009446
0.014564
0.009022
0.007921
0.002273
0.005376
0.00198
0.002082
0.007981
0.009373
0.008171
0.052
0.014094
0.002072
0.004086
0.010072
0.010517