
31
42
96
69
47
42
47
27
42
47
48
30
61
99
62
44
49
49
44
51
26
64
91
52
23
52
52
44
52
52
65
53
27
27
20
29
47
36
89
48
51
44
61
35
48
46
91
48
96
123
103
143
123
120
73
65
148
88
95
87
51
83
404
65
301
318
91
85
243
246
106
233
301
12
255
15
39
314
88
233
314
188
136
80
127
415
128
88
136
55
7
33
139
55
76
90
118
49
63
71
22
69
185
82
118
94
115
53
71
77
72
38
31
55
61
72
54
115
61
59
57
116
56
33
115
64
17
73
116
20
117
69
15
33
71
57
52
59
111
57
55
58
52
71
27
65
119
142
52
52
23
63
106
52
51
53
54
53
107
66
63
23
108
52
63
70
63
93
44
58
47
54
16
16
93
99
54
54
56
13
93
103
19
35
36
17
19
17
10
9
9
28
9
9
100
92
47
47
78
9
48
92
45
16
92
66
41
83
33
33
33
42
36
29
40
84
40
40
86
43
22
26
86
85
30
23
22
39
38
44
18
44
22
18
41
37
80
37
35
24
33
33
40
38
45
37
41
29
26
33
29
10
48
29
73
29
33
31
73
20
30
74
30
73
20
106
35
74
29
21
36
9
21
9
27
29
22
22
65
22
27
23
11
11
151
23
11
10
21
56
18
22
40
17
21
17
21
27
17
17
58
20
19
23
28
22
28
23
22
22
21
21
28
21
28
21
22
17
23
27
23
22
23
16
55
27
23
23
23
54
55
54
19
42
107
152
100
337
100
95
124
5
44
115
100
337
124
157
257
44
157
125
500
109
244
315
100
100
213
133
94
95
42
11
67
55
40
37
98
55
50
38
48
118
37
46
114
131
287
201
139
500
144
122
500
26
139
122
500
500
25
245
144
144
142
111
500
144
142
144
500
144
500
191
121
26
191
26
144
72
66
107
62
132
57
50
57
23
20
62
22
68
109
63
134
21
51
59
23
20
63
24
19
65
106
60
130
10
49
57
14
41
60
138
60
56
81
48
159
10
9
11
49
56
500
198
230
500
216