
309
190
408
175
412
190
289
282
190
257
304
141
403
261
301
227
294
316
227
262
319
112
399
85
320
123
301
115
87
139
95
87
51
83
404
65
301
318
136
108
103
119
126
139
103
394
90
118
118
90
283
171
124
83
93
390
123
115
93
86
280
112
136
185
89
112
125
111
89
82
277
119
142
173
78
107
131
106
78
78
71
377
169
445
101
100
266
99
445
503
93
46
46
107
95
93
276
92
438
503
128
155
347
115
135
110
176
84
431
500
144
32
364
103
32
87
173
80
428
89
380
94
198
241
23
149
166
73
421
200
43
87
43
170
474
491
160
65
415
196
188
85
237
85
474
136
157
58
80
75
141
86
320
86
81
86
507
55
98
86
152
100
337
100
95
124
501
44
115
100
145
117
125
489
219
452
111
37
135
500
287
201
139
500
144
122
500
26
139
122
125
203
154
252
154
133
154
23
64
155
124
203
152
255
42
132
153
23
64
153
129
207
157
256
491
136
159
14
78
159
500
144
144
133
500
111
164
31
83
183