
0.048357
0.003057
0.004015
0.003773
0.004212
0.004023
0.004124
0.004066
0.004605
0.00285
0.003404
0.003407
0.004027
0.00398
0.005486
0.003046
0.004487
0.004185
0.005052
0.008378
0.005474
0.004248
0.003911
0.004832
0.003935
0.004845
0.00572
0.003937
0.00455
0.005531
0.003934
0.003872
0.005617
0.003414
0.002942
0.003371
0.003264
0.004641
0.005062
0.003381
0.004971
0.005033
0.009745
0.003814
0.002985
0.002798
0.005054
0.003911
0.004118
0.004799
0.00223
0.004445
0.004004
0.003706
0.003365
0.004806
0.003983
0.003964
0.004723
0.01442
0.018513
0.005764
0.00623
0.014474
0.01583
0.006041
0.005453
0.003112
0.014108
0.004182
0.002829
0.004472
0.00768
0.006896
0.006497
0.015186
0.01144
0.008534
0.009376
0.005414
0.00711
0.023117
0.00437
0.064216
0.001933
0.002801
0.002809
0.002665
0.003196
0.002975
0.00296
0.002045
0.0029
0.002982
0.007139
0.003143
0.008198
0.002196
0.00418
0.00217
0.009827
0.004453
0.003366
0.002306
0.005382
0.007804
0.003157
0.003046
0.00709
0.005441
0.003174
0.002903
0.008515
0.002384
0.065663
0.001788
0.002043
0.002814
0.003119
0.001798
0.003087
0.003095
0.002162
0.003165
0.003168
0.006485
0.003645
0.008292
0.010265
0.004351
0.002134
0.003439
0.002053
0.00342
0.001464
0.002708
0.001897
0.050315
0.003119
0.002659
0.003234
0.003213
0.003105
0.002989
0.003235
0.001691
0.002957
0.003262
0.010115
0.004056
0.00331
0.003194
0.003209
0.003847
0.003643
0.006796
0.005094
0.005582
0.004094
0.005469
0.007259
0.009774
0.00296
0.040757
0.003018
0.002596
0.007172
0.006874
0.003944
0.009144
0.022249
0.006373
0.002023
0.014041
0.007441
0.002397
0.006566
0.002838
0.011393
0.004923
0.008318
0.009157
0.020683
0.004992
0.00372
0.004796
0.013859
0.008675
0.008304
0.007948
0.043148
0.003346
0.001075
0.001886
0.003093
0.00288
0.00326
0.002135
0.002144
0.006961
0.003524
0.009094
0.003888
0.005511
0.003443
0.007135
0.007918
0.003178
0.003839
0.012042
0.004791
0.009442
0.009651
0.007988
0.006881
0.003159
0.039285
0.002985
0.002908
0.002019
0.00326
0.002252
0.00278
0.003148
0.003219
0.002122
0.002117
0.006188
0.003723
0.003515
0.00357
0.004783
0.003539
0.005421
0.003777
0.002215
0.003305
0.010581
0.003343
0.004825
0.002037
0.005613
0.004163
0.003593
0.003749
0.006441
0.002731
0.012284
0.012826
0.033825
0.003093
0.001626
0.002598
0.003495
0.002066
0.002358
0.003173
0.003146
0.001987
0.001957
0.004815
0.002928
0.009415
0.014302
0.006404
0.009643
0.005247
0.002889
0.035199
0.002915
0.002382
0.001918
0.001893
0.003404
0.00294
0.002024
0.002018
0.002872
0.003091
0.002055
0.002092
0.005183
0.003194
0.002399
0.003037
0.009377
0.011061
0.002939
0.002207
0.003347
0.001764
0.002913
0.00309
0.003227
0.002134
0.01191
0.003505
0.002177
0.003395
0.010666
0.007427
0.00252
0.003942
0.059046
0.002184
0.002396
0.003133
0.002425
0.001585
0.001688
0.003835
0.002959
0.002379
0.002457
0.010765
0.002857
0.002361
0.001698
0.007212
0.00415
0.008373
0.004295
0.009614
0.005262
0.003712
0.002843
0.003838
0.002251
0.002383
0.0016
0.003343
0.001847
0.009656
0.006418
0.045133
0.001723
0.001691
0.001404
0.002083
0.001429
0.001484
0.003942
0.002885
0.002199
0.00225
0.013377
0.005276
0.00282
0.001519
0.005719
0.002369
0.002786
0.002785
0.004552
0.002982
0.003785
0.001862
0.002798
0.002807
0.006066
0.003588
0.005797
0.003296
0.006484
0.00384
0.055048
0.0031
0.002959
0.002684
0.002911
0.002881
0.002574
0.002102
0.002617
0.002101
0.002027
0.002585
0.002821
0.010346
0.002274
0.002067
0.001404
0.011302
0.01043
0.007281
0.007087
0.002881
0.004854
0.002953
0.003054
0.00283
0.002143
0.002279
0.003514
0.001387
0.002203
0.005187
0.002935
0.038638
0.003138
0.002191
0.002944
0.001797
0.0017
0.002758
0.002132
0.002618
0.002154
0.00219
0.009103
0.004493
0.009429
0.008469
0.005547
0.003151
0.006326
0.00247
0.009843
0.005137
0.002096
0.003322
0.007097
0.006279
0.002208
0.002287
0.048862
0.002239
0.001887
0.001989
0.00178
0.001515
0.003023
0.001961
0.002425
0.001996
0.001908
0.008382
0.002114
0.002469
0.002305
0.002771
0.001797
0.010641
0.002117
0.00244
0.01034
0.002725
0.001924
0.002392
0.002448
0.002914
0.001768
0.007548
0.004337
0.005568
0.002123
0.003055
0.002975
0.011824
0.002095
0.002736
0.001847
0.014389
0.002355
0.055978
0.001789
0.001845
0.001477
0.002141
0.001873
0.001899
0.001716
0.002305
0.001858
0.001986
0.011993
0.002144
0.00329
0.001862
0.00305
0.001625
0.005096
0.005374
0.005006
0.002706
0.002387
0.003173
0.001564
0.004623
0.00192
0.008149
0.003349
0.009354
0.006399
0.003237
0.00175
0.006639
0.002989
0.04302
0.001847
0.001838
0.001912
0.001796
0.001934
0.001869
0.001827
0.002037
0.001731
0.001694
0.00348
0.001784
0.003236
0.003525
0.001972
0.00198
0.00326
0.003532
0.001998
0.00188
0.003357
0.003383
0.001747
0.001991
0.005982
0.00237
0.00341
0.00176
0.011585
0.002371
0.011911
0.002183
0.015102
0.003618
0.00428
0.002265
0.005033
0.002558
0.039252
0.001998
0.001963
0.001799
0.001928
0.001802
0.001851
0.001317
0.002058
0.001781
0.001741
0.003334
0.00358
0.001887
0.001897
0.00209
0.002046
0.001991
0.002077
0.002372
0.00246
0.004202
0.001812
0.003888
0.003637
0.008526
0.005219
0.045831
0.001127
0.001867
0.01887
0.008946
0.006831
0.007315
0.001985
0.005179
0.001922
0.00484
0.011685
0.003707
0.006053
0.009411
0.003722
0.004451
0.006986
0.004198
0.055105
0.004214
0.004152
0.00308
0.00191
0.003355
0.003208
0.002917
0.00176
0.004036
0.003215
0.030372
0.004212
0.001805
0.002271
0.012063
0.003299
0.00541
0.005444
0.001713
0.001789
0.004177
0.003109
0.011792
0.007939
0.004557
0.004711
0.051627
0.00159
0.011827
0.011748
0.001741
0.001605
0.006945
0.004951
0.004801
0.004366
0.004182
0.012116
0.019701
0.015967
0.004942
0.01212
0.005002
0.020301
0.005744
0.004306
0.001516
0.005816
0.001784
0.001515
0.001502
0.004514
0.003231
0.039365
0.00361
0.004262
0.003347
0.00457
0.003372
0.003181
0.00329
0.001458
0.00173
0.003295
0.009994
0.007274
0.03641
0.003588
0.004296
0.003334
0.004775
0.001906
0.003266
0.003389
0.001604
0.001727
0.003492
0.001267
0.001494
0.012203
0.002035
0.043544
0.003646
0.00433
0.00352
0.004888
0.001481
0.002905
0.00337
0.001196
0.002905
0.003415
0.007494
0.005248
0.00453
0.003294
0.004064
0.003279
0.007265
0.005112
0.004346
0.003325
0.004926
0.012412
0.001923
0.012661
0.003009
0.012708
0.001826
0.004271
0.003272
0.008634
0.005895
0.049726
0.012008
0.005776
0.006533
0.012032
0.006301