
0.000904
0.001093
0.00116
0.000993
0.000956
0.000912
0.00109
0.001005
0.000954
0.001032
0.001148
0.000952
0.000996
0.001209
0.00117
0.001087
0.001046
0.001069
0.00097
0.001136
0.00113
0.001179
0.001269
0.001048
0.00102
0.000958
0.001119
0.000757
0.001066
0.000971
0.000922
0.000962
0.000967
0.000959
0.001086
0.001
0.001054
0.000979
0.000989
0.000819
0.001003
0.000979
0.000854
0.000968
0.000904
0.001064
0.000983
0.000951
0.000991
0.001002
0.000967
0.000956
0.002664
0.001208
0.001411
0.001396
0.001349
0.001538
0.001691
0.001555
0.001478
0.001733
0.001596
0.003044
0.001211
0.001059
0.001239
0.002645
0.00106
0.001064
0.001231
0.002835
0.002356
0.001502
0.001416
0.001049
0.000887
0.000981
0.001077
0.001656
0.001089
0.000993
0.001145
0.001302
0.001339
0.001507
0.003411
0.001516
0.001099
0.00091
0.001048
0.001064
0.001901
0.001547
0.000961
0.001196
0.001319
0.001056
0.000988
0.000835
0.001638
0.002949
0.000845
0.000902
0.001297
0.00129
0.001101
0.003625
0.001016
0.001016
0.001169
0.001249
0.00106
0.001034
0.001946
0.001375
0.001048
0.001167
0.001429
0.000935
0.001241
0.00188
0.001181
0.001066
0.001144
0.00206
0.001982
0.002949
0.001294
0.001003
0.00155
0.001948
0.001743
0.001006
0.001046
0.001006
0.001908
0.000921
0.001419
0.001029
0.001255
0.001019
0.000969
0.000947
0.001112
0.001648
0.001294
0.000937
0.001034
0.000928
0.001188
0.001704
0.00136
0.001024
0.001069
0.000882
0.00175
0.001142
0.001122
0.001091
0.001027
0.001702
0.001223
0.002102
0.000936
0.000994
0.00093
0.000946
0.001018
0.001043
0.001277
0.00181
0.001724
0.001854
0.001059
0.001017
0.00108
0.000824
0.001046
0.000844
0.000981
0.001041
0.001014
0.001244
0.001171
0.000964
0.002675
0.001081
0.000951
0.001495
0.002013
0.003203
0.001488
0.001029
0.001349
0.000881
0.001061
0.001099
0.001033
0.000944
0.001038
0.001544
0.000985
0.001018
0.001015
0.000887
0.001216
0.001417
0.001413
0.001083
0.000875
0.000855
0.001042
0.001107
0.000949
0.00093
0.000909
0.001043
0.001075
0.001083
0.001012
0.001041
0.001296
0.000968
0.000998
0.001038
0.001053
0.002011
0.001176
0.001034
0.001026
0.000907
0.001098
0.00099
0.001272
0.001058
0.000988
0.001054
0.001238
0.001489
0.001412
0.000964
0.000995
0.001398
0.001028
0.001142
0.001107
0.001043
0.001154
0.001178
0.001504
0.001916
0.001356
0.001397
0.001045
0.000995
0.001079
0.000992
0.001205
0.000896
0.001254
0.001278
0.001128
0.002262
0.001178
0.001272
0.001085
0.000946
0.001112
0.001212
0.001123
0.001048
0.001064
0.00093
0.001064
0.001794
0.001243
0.000824
0.000839
0.001024