
0.009453
0.007306
0.019307
0.006687
0.006257
0.006542
0.020189
0.006875
0.00631
0.013225
0.006371
0.007196
0.007146
0.006981
0.013518
0.005691
0.007047
0.00595
0.01163
0.011602
0.008302
0.01062
0.006714
0.011658
0.006632
0.006094
0.005168
0.004952
0.013994
0.004481
0.005671
0.012242
0.006206
0.007165
0.012164
0.011771
0.005885
0.005062
0.005189
0.005791
0.006271
0.006637
0.005305
0.007168
0.006526
0.009048
0.006532
0.005282
0.007117
0.006918
0.005507
0.005549
0.022736
0.006233
0.026359
0.009785
0.006133
0.009671
0.009997
0.021598
0.010828
0.013989
0.018324
0.02302
0.007877
0.006251
0.005949
0.025763
0.011985
0.00664
0.007495
0.012463
0.039914
0.006013
0.010863
0.012326
0.00788
0.007071
0.005054
0.011022
0.005392
0.005172
0.012147
0.012536
0.012219
0.007754
0.024155
0.016709
0.009742
0.011061
0.006814
0.00507
0.012605
0.015225
0.005615
0.011896
0.009147
0.005548
0.004831
0.005923
0.011826
0.022751
0.005628
0.005352
0.005435
0.009226
0.005938
0.038919
0.005159
0.005033
0.005748
0.006161
0.005112
0.012992
0.012992
0.005829
0.018059
0.00819
0.006587
0.012612
0.005661
0.0217
0.005833
0.017344
0.012075
0.013979
0.009351
0.018821
0.008455
0.005228
0.012677
0.018577
0.014742
0.006328
0.010782
0.011009
0.020244
0.004487
0.010452
0.004515
0.014278
0.00506
0.00561
0.004335
0.004487
0.017763
0.006578
0.009048
0.005031
0.005494
0.010241
0.020884
0.005686
0.004287
0.004273
0.009497
0.009653
0.004478
0.009285
0.00421
0.008582
0.007623
0.013018
0.036696
0.004638
0.005024
0.011555
0.007798
0.013247
0.01269
0.005966
0.019607
0.017837
0.019305
0.004979
0.021064
0.009864
0.003763
0.005406
0.004826
0.009886
0.004697
0.010012
0.006695
0.011908
0.003833
0.021104
0.005231
0.005104
0.006794
0.017874
0.01957
0.006345
0.006364
0.017448
0.004165
0.016663
0.012407
0.014538
0.005837
0.013327
0.010916
0.00469
0.017187
0.014002
0.008058
0.01358
0.019075
0.009071
0.021606
0.010342
0.009281
0.005136
0.014763
0.005638
0.398182
0.013763
0.014338
0.005153
0.01123
0.011453
0.00302
0.016781
0.00653
0.006472
0.006078
0.010727
0.03905
0.019641
0.008647
0.006447
0.007359
0.01287
0.004419
0.003281
0.005447
0.009284
0.011592
0.00813
0.008535
0.013542
0.009442
0.004798
0.022356
0.003284
0.00758
0.010312
0.01594
0.010917
0.004677
0.019628
0.008111
0.011473
0.017039
0.006191
0.011879
0.00284
0.004751
0.004435
0.005757
0.008971
0.003128
0.006833
0.005766
0.011326
0.006842
0.010895
0.012051
0.016695
0.01582
0.014482
0.006249
0.013173
0.006994
0.013126
0.013496
0.018878
0.001975
0.003873
0.014326