
0.0278987
0.0599659
0.0929659
0.0956056
0.116155
0.129159
0.109636
0.0261751
0.0162717
0.0603279
0.0715159
0.0265525
0.0265525
0.0185974
0.0297899
0.0238474
0.0218188
0.0267194
0.0428
0.0210012
0.034014
0.0307148
0.0820255
0.118768
0.0227764
0.0349391
0.014197
0.0361197
0.0164682
0.0428575
0.014919
0.0330012
0.0240209
0.0205973
0.173504
0.150838
0.139509
0.160756
0.159222
0.159222
0.180795
0.169199
0.134642
0.167529
0.198904
0.0428939
0.0150043
0.0180459
0.00648718
0.0163304
0.00704886
0.00256246
0.00256246
0.024102
0.000780406
0.0105064
0.00841981
0.0311089
0.00770897
0.0288485
0.0172953
0.0152486
0.0478773
0.0134462
0.0551682
0.0299248
0.0175501
0.0175501
0.0055255
0.0323819
0.012356
0.012356
0.0155437
0.0268227
0.0187829
0.0122553
0.0272394
0.0272394
0.0363681
0.0421368
0.0421368
0.0511623
0.0294582
0.0375984
0.0108414
0.0152476
0.0152476
0.0198837
0.0151844
0.0151844
0.0282579
0.0286431
0.0218693
0.00420232
0.0188549
0.0188549
0.0233871
0.0164426
0.0164426
0.0209829
0.0147755
0.0284066
0.0038107
0.00833577
0.00770164
0.00623436
0.00623436
0.0118944
0.00728714
0.0439179
0.00531566
0.0126107
0.102442
0.0897505
0.0974079
0.10515
0.0926395
0.0673925
0.100339
0.012718
0.0108373
0.0205094
0.0458142
0.0383002
0.0508791
0.049834
0.0178028
0.0487631
0.080093
0.0474099
0.0474099
0.0337738
0.0531677
0.00258702
0.0224107
0.00365488
0.00893576
0.0247878
0.0198952
0.00720009
0.00515213
0.00515213
0.0105017
0.00680164
0.00722889
0.0374113
0.00691154
0.00944014
0.0990056
0.0226956
0.0302028
0.00574391
0.0248684
0.0248684
0.0322611
0.00834672
0.0270814
0.0344357
0.00754014
0.0659911
0.0341841
0.0416992
0.0289464
0.0489257
0.0114597
0.0311152
0.0311152
0.0510319
0.0140893
0.0211574
0.0211574
0.0211574