
3e-06
1e-06
1e-06
1e-06
2e-06
1e-06
1e-06
1e-06
2e-06
1e-06
1e-06
0
1e-06
1e-06
1e-06
1e-06
2e-06
1e-06
1e-06
1e-06
1e-06
1e-06
1e-06
1e-06
1e-06
1e-06
1e-06
1e-06
1e-06
0
1e-06
1e-06
2e-06
1e-06
1e-06
1e-06
1e-06
1e-06
1e-06
1e-06
1e-06
1e-06
1e-06
1e-06
1e-06
1e-06
1e-06
1e-06
0
1e-06
0
1e-06
5e-06
1e-06
2e-06
2e-06
2e-06
2e-06
3e-06
3e-06
2e-06
2e-06
2e-06
6e-06
8.2e-05
1e-06
1e-06
4e-06
1e-06
1e-06
2e-06
4e-06
4e-06
2e-06
2e-06
0.020939
0.025344
0.035461
0.028818
0.083382
0.03342
0.025522
0.025231
0.067793
0.048284
3e-06
8e-06
2e-06
2e-06
1e-06
2e-06
1e-06
3e-06
2e-06
2e-06
1e-06
2e-06
1e-06
0.018337
1e-06
2e-06
4e-06
1e-06
1e-06
0.019442
0.018353
1e-06
7e-06
2e-06
2e-06
0.021056
0.019943
0.016046
0.017068
0.06026
0.019555
0.016179
0.016666
0.016803
1e-06
1e-06
4e-06
1e-06
1e-06
2e-06
4e-06
2e-06
8e-06
0.032526
1e-06
2e-06
0.079273
0.052546
0.021057
0.012972
0.015468
0.078863
0.01533
0.015288
0.013907
0.01516
0.014299
0.012717
0.012511
0.012548
0.021404
0.020532
0.014483
0.012968
0.012655
0.015331
0.055176
0.038519
0.013164
0.013898
0.013178
0.050676
0.017792
0.012604
0.012766
0.012795
0.026414
0.018289
0.060171
0.021817
0.016466
0.016375
0.018911
0.019844
0.018763
0.028621
0.060626
0.085772
0.07428
0.016816
0.016724
0.019969
0.021119
0.020434
0.020765
0.016834
0.018185
0.017745
0.072597
0.017042
0.019272
0.07645
0.02193
0.019682
0.056099
0.029764
0.069179
0.028886
0.014985
0.039603
0.016518
0.017459
0.016455
0.019139
0.018717
0.019309
0.05922
0.0271
0.021706
0.021689
0.022473
0.01999
0.063317
0.062901
0.026016
0.025695
0.025541
0.026295
0.022736
0.026075
0.026298
0.04509
0.019606
0.022506
0.019241
0.016467
0.016189
0.032505
0.016255
0.014848
0.015338
0.01539
0.03164
0.020158
0.019704
0.020289
0.020144
0.02047
0.019167
0.038994
0.016495
0.015903
0.01719
0.019173
0.059554
0.051812
0.015508
0.014261
0.015202
0.017558
0.0441
0.014877
0.014654
0.017959
0.019609
0.019696
0.056773
0.023893
0.021433
0.01989
0.014947
0.037297
0.01817
0.018753
0.016292
0.019558
0.020351
0.021734
0.056975
0.029532
0.015866
0.016141
0.016451
0.016384
0.016108
0.018282
0.016672
0.016565
0.016514
0.015275
0.055344
0.019826
0.016085
0.016445
0.012558