
0.01229
0.011312
0.025683
0.009097
0.008839
0.008201
0.026829
0.009054
0.008871
0.016732
0.008634
0.009873
0.010046
0.009656
0.016793
0.007978
0.009892
0.008121
0.014981
0.015931
0.011167
0.015213
0.009554
0.015263
0.008412
0.008497
0.007316
0.007087
0.018659
0.006583
0.007576
0.015585
0.008735
0.009767
0.015511
0.015285
0.008221
0.006786
0.006958
0.008395
0.008708
0.009187
0.007754
0.009828
0.009056
0.012275
0.008842
0.007222
0.009707
0.009384
0.007815
0.007734
0.03111
0.009111
0.033992
0.014072
0.010021
0.013837
0.014171
0.027295
0.015563
0.018796
0.025333
0.028347
0.011985
0.009027
0.008598
0.033444
0.01811
0.009491
0.011128
0.019376
0.0496
0.009414
0.015358
0.042821
0.040472
0.04966
0.039882
0.113417
0.045978
0.038168
0.041869
0.086356
0.064946
0.012798
0.031206
0.025159
0.015118
0.015614
0.009578
0.0103
0.018172
0.019693
0.008461
0.015846
0.013179
0.009051
0.025795
0.008324
0.017283
0.033805
0.008532
0.007751
0.027617
0.031861
0.008078
0.057208
0.008057
0.007282
0.029313
0.028912
0.023392
0.034803
0.079791
0.028049
0.039981
0.02773
0.026184
0.016652
0.007516
0.027176
0.00854
0.023265
0.016187
0.019922
0.014411
0.026638
0.043835
0.007644
0.017293
0.105133
0.079977
0.030454
0.031601
0.029224
0.111433
0.026368
0.037175
0.025192
0.044881
0.025101
0.022316
0.02101
0.021352
0.055228
0.034304
0.034348
0.022546
0.024457
0.033919
0.100415
0.051462
0.02328
0.023843
0.029738
0.070162
0.028184
0.02856
0.022249
0.027436
0.04103
0.03955
0.130727
0.031881
0.027331
0.035215
0.033605
0.043457
0.039961
0.042888
0.099388
0.124565
0.115122
0.026454
0.053158
0.034931
0.029893
0.031768
0.030474
0.033
0.028537
0.034211
0.087184
0.036905
0.028193
0.125646
0.033624
0.030159
0.072057
0.069847
0.104615
0.041875
0.028653
0.07006
0.025096
0.047032
0.037064
0.045528
0.031717
0.042221
0.084441
0.036257
0.05259
0.045977
0.038475
0.043796
0.098491
0.083537
0.060996
0.04272
0.043303
0.03448
0.045378
0.036965
0.453443
0.068042
0.042786
0.034285
0.03762
0.041193
0.023029
0.060706
0.029476
0.029526
0.027002
0.033574
0.104442
0.052322
0.036069
0.029447
0.030049
0.037329
0.025635
0.045966
0.024619
0.028356
0.032683
0.033398
0.071818
0.069668
0.028003
0.021491
0.044612
0.024462
0.053895
0.028804
0.036806
0.032758
0.026751
0.045513
0.069343
0.039143
0.043632
0.028746
0.030644
0.043696
0.028846
0.025289
0.028746
0.037741
0.027462
0.036044
0.070353
0.050464
0.02933
0.038659
0.033695
0.038155
0.039219
0.0386
0.025449
0.033801
0.026684
0.031779
0.075212
0.045095
0.02067
0.022158
0.031415