
1.5118e+09
0.013642
0.012608
0.02696
0.010382
0.010156
0.00963
0.028473
0.010672
0.010295
0.018342
0.0102
0.01148
0.011675
0.011346
0.018436
0.00961
0.011401
0.00958
0.01663
0.017594
0.012755
0.016663
0.011048
0.016893
0.010065
0.010137
0.00888
0.008638
0.020159
0.007956
0.008939
0.017046
0.010096
0.011213
0.017051
0.016845
0.009771
0.008327
0.008496
0.009959
0.01027
0.010787
0.009353
0.011429
0.010674
0.014009
0.010602
0.008982
0.011502
0.011219
0.011429
0.05638
0.056245
0.038841
0.065038
0.034872
0.064453
0.036613
0.068816
0.035641
0.058987
0.036163
0.096347
0.053708
0.018776
0.029726
0.083119
0.051119
0.023792
0.042457
0.07003
0.037208
0.075394
0.018527
0.220724
0.071624
0.106
0.08606
0.11987
0.170827
0.065502
0.16694
0.074247
0.192041
0.141277
0.113359
0.082856
0.063023
0.020337
0.041781
0.031095
0.088452
0.028768
0.051965
0.030796
0.062015
0.15737
0.029888
0.050149
0.034451
0.133198
0.069023
0.042134
0.033566
0.066102
0.036569
0.134001
0.097398
0.039471
0.033527
0.068514
0.033262
0.064027
0.039655
0.248009
0.040957
0.052148
0.039708
0.058793
0.041501
0.085146
0.031643
0.041889
0.04132
0.070886
0.031544
0.118153
0.096088
0.054949
0.043037
0.119863
0.209178
0.09827
0.042689
0.043115
0.102407
0.125327
0.040053
0.057604
0.042477
0.057898
0.155928
0.033383
0.042885
0.063171
0.061366
0.047779
0.03814
0.047374
0.042633
0.058803
0.166479
0.179053
0.03462
0.050099
0.042412
0.092684
0.039319
0.032318
0.035652
0.081267
0.057746
0.044764
0.148548
0.16317
0.040388
0.041403
0.059722
0.048143
0.092234
0.062415
0.173957
0.136763
0.27875
0.030234
0.067201
0.039108
0.044588
0.061067
0.038275
0.059964
0.040179
0.116332
0.241328
0.050154
0.0774
0.15146
0.038111
0.046562
0.267861
0.260077
0.17044
0.054262
0.096286
0.081969
0.04199
0.059599
0.04086
0.199791
0.045851
0.046199
0.106407
0.050975
0.056802
0.061206
0.042308
0.058657
0.108253
0.27649
0.076756
0.046922
0.059542
0.038389
0.062601
0.041322
0.698786
0.241537
0.057047
0.050016
0.182823
0.052743
0.045172
0.066382
0.032604
0.050194
0.04747
0.239474
0.280638
0.065364
0.050029
0.040399
0.060996
0.040938
0.085475
0.057241
0.027508
0.031286
0.056208
0.040326
0.190694
0.082491
0.040158
0.058542
0.047324
0.099611
0.063766
0.042837
0.059709
0.040417
0.058846
0.057903
0.074036
0.087877
0.05957
0.037583
0.254926
0.056217
0.049798
0.041071
0.058699
0.042177
0.060638
0.039353
0.096574
0.055208
0.048138
0.158469
0.043512
0.050527
0.042055
0.058243
0.042049
0.058169
0.041663
0.057878
0.093678
0.04743
0.022989
0.03434