
0.001397
0.010604
0.014483
0.012893
0.018137
0.013087
0.039447
0.014935
0.027499
0.010529
0.013497
0.016387
0.007876
0.020942
0.057469
0.027981
0.072075
0.037399
0.012101
0.02648
0.094009
0.07015
0.089873
0.042073
0.029523
0.018569
0.035968
0.01894
0.010856
0.016069
0.016103
0.080389
0.021605
0.0163
0.015934
0.083997
0.022375
0.016356
0.018014
0.015705
0.0163
0.007876
0.008417
0.008282
0.030282
0.008311
0.017822
0.064528
0.057043
0.007528
0.066218
0.002901
0.012568
0.00675
0.050916
0.009179
0.007271
0.007571
0.00702
0.011219
0.008486
0.007465
0.008486
0.057243
0.002469
0.00722
0.007174
0.013795
0.007013
0.023
0.010446
0.005571
0.008554
0.009363
0.047316
0.012346
0.063948
0.003961
0.008393
0.009361
0.010774
0.009253
0.056625
0.002672
0.008924
0.027826
0.014665
0.002415
0.004243
0.05344
0.00795
0.053174
0.007952
0.008467
0.00225
0.009855
0.014894
0.010189
0.010659
0.010258
0.003121
0.003727
0.011063
0.011479
0.012341
0.004755
0.011404
0.009969
0.009861
0.008055
0.002167
0.00219
0.002769
0.003953
0.009348
0.009165
0.010478
0.03151
0.008015
0.009147
0.006996
0.009151
0.007888
0.054042
0.007036
0.009145
0.008301
0.008708
0.04523
0.011423
0.002487
0.008554
0.0085
0.008244
0.010484
0.018578
0.00193
0.002176
0.007201
0.007393
0.007809
0.007931
0.007522
0.013476
0.006295