
47
167
9
93
86
70
47
112
104
146
47
48
78
24
149
150
149
150
179
175
194
197
227
286
150
17
425
406
175
383
104
178
178
150
104
150
358
178
35
158
275
144
372
172
134
136
171
161
402
23
365
134
10
136
122
102
161
187
140
152
144
105
102
103
152
152
103
109
105
109
154
109
409
144
94
98
423
143
110
176
150
103
213
176
110
150
423
175
151
427
98
333
99
176
333
359
146
80
85
133
132
94
98
110
146
29
33
73
136
32
127
184
113
236
348
33
30
178
46
346
46
119
62
34
119
47
72
31
19
23
23
19
19
48
52
105
60
59
23
26
22
52
27
51
64
24
15
111
52
65
110
111
18
21
21
67
43
48
54
103
61
58
105
103
50
11
104
67
43
54
27
18
24
67
104
35
45
16
15
28
38
41
20
96
16
52
56
64
61
16
43
70
97
25
18
55
97
59
57
10
9
18
33
10
13
89
10
47
14
56
58
10
88
36
20
28
30
19
64
51
46
35
15
30
16
36
82
50
32
56
83
19
83
31
47
20
49
52
55
20
30
36
20
81
48
39
30
40
42
48
47
37
42
34
37
74
44
37
12
16
43
48
36
16
42
48
48
17
49
35
54
41
41
40
41
39
66
51
9
88
91
9
66
19
42
87
91
90
98
98
87
27
33
38
38
69
38
98
59
109
32
39
39
38
108
88
20
14
97
23
15
16
37
18
16
107
54
118
43
42
18
9
41
55
42
41
111
48
47
47
36
56
22
324
64
28
38
51
38
120
45
20
56
42
41
48
31
23
41
122
30
25
28
21
28
38
51
38
120
45
20
39
54
119
45
13
45
40
49
53
119
37
11
119
96
53
53
170
128
348
60
36
105
278
372
35
145
137
153
133
90
285
134
129
140
25
140
287
321
285
82
147
462
14
133
82
153
176
296
332
66
332
129
52
285
397
136
392
73
51
74
68
149
79
149
17
9
74
20
68
42
51
74
18
52
17
149
75
74
17
173
79
415
319
60
155
156
6
72
306
319
8
415
72
7
500
111
305
156
451
154
451
173
415
154
7
43
500