
258
167
203
190
147
185
281
146
384
146
150
179
175
194
197
227
286
150
104
425
134
136
171
161
402
144
365
134
93
136
94
98
423
143
110
176
150
132
213
176
79
92
73
136
105
127
184
113
236
348
77
81
81
77
93
180
200
105
208
126
75
79
79
67
113
251
205
103
210
125
62
288
72
97
107
275
234
96
324
119
372
286
65
79
101
90
224
89
321
113
364
90
79
95
99
286
230
82
348
106
358
93
377
63
100
83
63
81
101
81
356
92
370
75
105
83
75
74
100
82
350
100
363
398
137
339
80
66
108
52
340
82
363
396
167
340
144
59
461
500
335
500
134
396
105
134
153
54
470
500
338
500
145
409
118
145
156
48
103
103
324
123
134
144
124
144
164
45
347
112
134
344
134
146
122
146
162
45
347
95
145
337
145
146
126
500
168
37
339
170
153
133
90
285
134
129
140
25
140
287
171
73
409
94
299
152
406
17
36
300
173
79
415
319
60
155
156
6
72
306