
0.039832
0.007788
0.003238
0.002267
0.01092
0.005012
0.005043
0.00472
0.004985
0.005375
0.011499
0.005203
0.004743
0.010889
0.004632
0.005503
0.005367
0.005115
0.011035
0.004088
0.005242
0.004344
0.009549
0.004519
0.004726
0.006225
0.003813
0.004475
0.004814
0.009497
0.004957
0.004546
0.003583
0.00373
0.004031
0.007664
0.003166
0.004253
0.010172
0.004664
0.005534
0.009915
0.009637
0.004299
0.003616
0.003732
0.004428
0.004651
0.00498
0.003941
0.005508
0.004966
0.006885
0.004912
0.003867
0.005408
0.005245
0.004053
0.004119
0.017749
0.004459
0.005541
0.016528
0.007413
0.004282
0.007259
0.007382
0.018154
0.008301
0.010982
0.009073
0.005515
0.018318
0.005934
0.004608
0.0042
0.013793
0.006807
0.004549
0.005043
0.004939
0.00554
0.008605
0.016824
0.016373
0.004054
0.008453
0.05956
0.003255
0.00146
0.00284
0.003045
0.002682
0.002999
0.003229
0.003461
0.003837
0.010069
0.003389
0.006312
0.003161
0.005411
0.003073
0.003517
0.001964
0.008247
0.009292
0.003866
0.003876
0.003733
0.004123
0.048518
0.001413
0.009829
0.010117
0.009757
0.005527
0.018751
0.007431
0.005812
0.003533
0.004135
0.009094
0.005051
0.003579
0.00175
0.009558
0.012503
0.004116
0.009595
0.006968
0.047589
0.001511
0.001108
0.003964
0.003441
0.004507
0.008955
0.017483
0.004217
0.003951
0.00366
0.003519
0.003528
0.004262
0.017213
0.01348
0.003639
0.003554
0.004024
0.004366
0.00358
0.010679
0.009743
0.0577
0.002959
0.003969
0.004878
0.010237
0.006342
0.004558
0.01042
0.003881
0.018042
0.004164
0.005072
0.00928
0.00978
0.010538
0.006582
0.01454
0.006553
0.00379
0.004733
0.004959
0.006331
0.008159
0.038982
0.002051
0.001741
0.001841
0.005556
0.005876
0.00292
0.002703
0.004731
0.008716
0.003046
0.008989
0.016068
0.005536
0.003206
0.003547
0.004458
0.003441
0.002834
0.001976
0.003123
0.003721
0.006646
0.004897
0.004285
0.003258
0.0036
0.002176
0.033129
0.00214
0.001769
0.00172
0.00173
0.001638
0.002915
0.003117
0.003056
0.003271
0.002452
0.004223
0.001604
0.00303
0.001448
0.002999
0.001512
0.009194
0.005177
0.005225
0.002412
0.004681
0.003163
0.004062
0.003041
0.00276
0.001822
0.00361
0.001529
0.0042
0.003437
0.008153
0.003674
0.011419
0.005597
0.006461
0.006061
0.003908
0.003904
0.035188
0.002077
0.001875
0.001718
0.002048
0.0031
0.003225
0.002929
0.003363
0.002395
0.002932
0.003248
0.002881
0.003041
0.007722
0.002508
0.007008
0.003281
0.002996
0.003103
0.00336
0.003893
0.002192
0.002806
0.002332
0.00681
0.002001
0.005286
0.002824
0.010662
0.002398
0.02297
0.007415
0.006658
0.00767
0.003295
0.002262
0.041553
0.002855
0.001545
0.001552
0.001873
0.001999
0.002057
0.001691
0.002926
0.001531
0.002326
0.003638
0.002536
0.009505
0.002325
0.006186
0.003406
0.003374
0.007622
0.001942
0.002301
0.010578
0.003825
0.004183
0.004492
0.007205
0.008661
0.00375
0.003349
0.007063
0.007282
0.004296
0.006522
0.015159
0.010485
0.045457
0.002474
0.001528
0.001793
0.001664
0.002159
0.001516
0.001565
0.002751
0.001546
0.002228
0.003487
0.001786
0.011913
0.005626
0.002094
0.003343
0.007881
0.001678
0.002656
0.002677
0.003888
0.002835
0.003499
0.001872
0.007984
0.00276
0.003286
0.002747
0.008086
0.001985
0.004818
0.004149
0.046054
0.002264
0.002982
0.002719
0.00155
0.001943
0.001602
0.002699
0.002643
0.003082
0.002642
0.009607
0.002754
0.002611
0.002549
0.0089
0.007404
0.004853
0.007867
0.003737
0.003366
0.003757
0.003012
0.004699
0.00309
0.039434
0.002626
0.003156
0.00232
0.001809
0.001883
0.002738
0.00178
0.002425
0.002998
0.002739
0.007617
0.006339
0.004351
0.006569
0.036717
0.002254
0.003047
0.002264
0.002977
0.002968
0.002857
0.002778
0.00257
0.003152
0.002721
0.014696
0.004616
0.004341
0.002596
0.004717
0.00352
0.010975
0.003436
0.002487
0.002968
0.002963
0.001607
0.004367
0.00946
0.003154
0.002297
0.010088
0.002454
0.00271
0.009345
0.001936
0.002531
0.049675
0.00202
0.0031
0.002167
0.002163
0.003039
0.00213
0.00313
0.002339
0.002951
0.001449
0.004343
0.003818
0.011046
0.00403
0.004849
0.003517
0.002426
0.003451
0.003347
0.001722
0.009891
0.004274
0.002299
0.00372
0.011574
0.004066
0.006468
0.004078
0.010991
0.004209
0.015728
0.00755
0.00679
0.005942
0.066923
0.001666
0.002575
0.001914
0.002033
0.003553
0.002157
0.003934
0.002021
0.004153
0.002818
0.008877
0.009307
0.002142
0.002416
0.008498
0.002089
0.00764
0.004382
0.003684
0.012149
0.001675
0.004183
0.001716
0.394713
0.019335
0.065775
0.001577
0.001186
0.001748
0.002086
0.002894
0.001622
0.004017
0.00183
0.004612
0.002945
0.011394
0.002953
0.048941
0.002049
0.001282
0.002939
0.003187
0.002906
0.002908
0.00446
0.00197
0.00304
0.002894
0.011845
0.002285
0.003618
0.003289
0.009103
0.002037
0.04145
0.003374
0.001968
0.002796
0.003009
0.002874
0.00452
0.001886
0.001886
0.003232
0.004012
0.005242
0.00302
0.003105
0.001823
0.001839
0.004771
0.008964
0.002131
0.001696
0.004932
0.002983
0.004845
0.004597
0.004488
0.002015
0.008652
0.002161
0.043797
0.002237
0.001975
0.001884
0.002702
0.003261
0.002738
0.004387
0.001924
0.001652
0.002792
0.023206
0.009209
0.006145
0.008303
0.049769
0.003435
0.001661
0.003046
0.00291
0.003488
0.003123
0.004451
0.001724
0.001542
0.004409
0.004288
0.012054
0.003225
0.006737
0.003408
0.004786
0.006009
0.010533
0.003111
0.001844
0.001821
0.003887
0.007464
0.009414
0.001687
0.004458
0.001784
0.006232
0.03931
0.001511
0.010859
0.007606
0.003401
0.005234
0.0135
0.002063
0.001389
0.00586
0.003384
0.004763
0.005055
0.008032
0.008615
0.003158
0.009845
0.006167
0.005606
0.009092
0.013991
0.004693
0.009727
0.052226
0.003883
0.003132
0.003478
0.003459
0.005023
0.003518
0.005141
0.001332
0.001486
0.003642
0.001629
0.0017
0.003351
0.00344
0.002973
0.004324
0.003288
0.007028
0.004917
0.001722
0.001753
0.005067
0.003675
0.003245
0.00337
0.009207
0.00496
0.005076
0.003558
0.007138
0.001444
0.003499
0.002032
0.042226
0.001154
0.00835
0.001491
0.001117
0.010138
0.003642
0.001089
0.011971
0.001502
0.003835
0.008028
0.004584
0.010806
0.005461
0.010767
0.009972
0.010344
0.005299
0.001083
0.001134
0.00284
0.011853