
0.017512
0.000784
0.001116
0.001139
0.000885
0.001144
0.002739
0.001131
0.001143
0.000954
0.001414
0.003949
0.001246
0.003494
0.001169
0.003605
0.001148
0.00127
0.001283
0.000883
0.002776
0.001226
0.001136
0.002678
0.003482
0.000897
0.001024
0.001305
0.001288
0.001555
0.001025
0.00126
0.003098
0.001031
0.003122
0.00102
0.002721
0.002424
0.000873
0.001005
0.001173
0.001142
0.001002
0.000841
0.000885
0.000905
0.001449
0.00091
0.000914
0.001096
0.001225
0.001106
0.001418
0.001015
0.000999
0.001248
0.000736
0.001268
0.001025
0.001085
0.001026
0.001316
0.000711
0.001184
0.001146
0.005691
0.004338
0.004555
0.00554
0.002423
0.001889
0.003141
0.002876
0.002457
2.9e-05
0.002591
0.002549
0.002831
0.002856
0.002272
0.001921
0.001204
0.001983
0.00179
0.001666
2.3e-05
0.001619
0.002014
0.004599
0.003225
0.004059
0.001665
0.00287
0.002612
0.001403
0.006369
0.004613
0.00286
0.001408
0.001442
0.000929
0.004627
4e-05
0.001624
0.001427
0.001119
0.003122
0.023545
0.000873
0.000538
0.000584
0.001317
0.001309
0.000693
0.000538
0.001298
0.000563
0.000547
0.002825
0.000566
0.001189
0.001324
0.000591
0.001025
0.000644
0.001208
0.002744
0.000632
0.003653
0.001295
0.001206
0.001046
0.002663
0.000668
0.00062
0.001228
0.000848
0.000851
0.000994
0.000655
0.001188
0.003461
0.001337
0.000964
0.001293
0.000645
0.000616
1.6e-05
0.000725
0.000445
0.001249
0.00044
0.001206
0.000841
0.000733
0.00085
0.000467
0.01476
0.001081
0.001284
0.000572
0.001292
0.000306
0.001361
0.000287
0.000295
0.000853
0.001324
0.003786
0.000505
0.001197
0.001068
0.001047
0.0003
0.000573
0.000972
0.001086
0.001205
0.000807
0.001351
0.001338
0.001327
0.000908
0.001093
0.005218
0.004437
0.003927
0.003416
0.002416
0.001207
0.001991
0.001484
0.001771
0.00149
0.005049
0.001764
0.000547
0.001886
0.000981
0.000421
0.000823
0.001237
0.001301
0.000311
0.001231
0.002097
0.000174
0.024158
0.000285
0.000325
0.000346
0.000324
0.001565
1.4e-05
0.000842
5.4e-05
0.012785
2.6e-05
0.00101
1.5e-05
0.004987
0.002294
2.5e-05
0.001157
1.4e-05
0.001052
0.001069
1.7e-05
0.001747
0.002236
2.4e-05
0.001397
1.8e-05
0.001159
1.7e-05
0.00122
0.000825
1.6e-05
0.001462
1.6e-05
0.014184
0.000226
0.000277
0.001444
0.0006
1.5e-05
0.00133
0.0013
1.7e-05
0.001144
0.000258
0.001282
0.001368
1.6e-05
0.000873
0.001429
0.001545
0.000455
1.5e-05
0.001556
0.000452
0.001124
0.00134
0.001367
0.001331
1.6e-05
0.002107
0.000459
0.000768
0.000448
1.6e-05
0.014029
0.001274
0.001403
0.001348
0.00134
0.001381
0.000589
0.000227
0.001274
0.00136
0.000281
0.001158
0.000596
1.6e-05
0.00306
0.000241
1.6e-05
0.000949
0.001319
0.002615
0.000273
4.2e-05
0.001265
0.001467
0.000646
0.001496
1.8e-05
0.001581
0.001697
1.5e-05
0.001895
0.000107
0.001393
0.00113
0.001441
0.000615
1.8e-05
0.002287
0.002624
2.9e-05
0.001992
0.001959
2.2e-05
0.016962
0.001466
0.00141
0.001389
0.000213
0.001401
0.000604
0.000203
0.001259
0.00054
0.000182
0.003394
0.001489
1.5e-05
0.009699
0.001883
2.2e-05
0.001458
0.001389
1.7e-05
0.001462
0.000155
1.6e-05
0.000865
0.001348
1.8e-05
0.002669
0.001171
0.000462
0.001333
0.001
0.00057
1.6e-05
0.01758
0.000189
0.001673
0.00057
0.001385
0.00133
0.000591
0.000535
0.00054
0.00073
0.000131
0.001098
0.001243
0.000562
0.000156
1.5e-05
0.002216
0.002637
0.000173
0.001593
1.6e-05
0.003156
0.005585
2.7e-05
0.00071
0.001349
1.8e-05
0.002289
0.001329
0.001513
0.001267
1.7e-05
0.001293
0.000867
0.000154
0.000562
0.001111
0.000914
5.9e-05
0.001445
0.00017
0.000855
0.000492
1.6e-05
0.01483
0.003565
0.000857
1.8e-05
0.002178
0.001268
2.4e-05
0.002527
0.000856
1.7e-05
0.002024
0.000839
0.00074
1.7e-05
0.001516
3.1e-05
0.001087
0.001204
0.002586
1.8e-05
0.003068
0.003289
6.1e-05
0.001208
2.1e-05
0.001232
0.002263
0.000881
1.5e-05
0.000953
0.002599
0.001479
0.003586
0.001274
1.7e-05
0.000771
0.004812
4.4e-05
0.003485
0.002867
0.007202
2.8e-05
0.01452
0.001364
0.001499
0.00018
0.00017
0.000769
0.001388
0.001321
0.000159
0.000157
0.000718
0.00106
0.002299
0.000678
0.001539
1.6e-05
0.003145
0.001083
2.7e-05
0.001091
0.001915
0.001413
0.000951
0.000781
0.000957
1.7e-05
0.000792
0.000494
0.002418
0.003235
5.6e-05
0.001282
0.004059
0.000292
0.002691
0.002198
0.001572
2e-05
0.000997
0.000913
0.000637
0.001206
0.001838
0.001883
2.6e-05
0.020315
0.000611
0.001835
0.000156
0.000128
0.001007
0.001687
0.000703
0.000147
0.001014
0.000492
0.001867
0.000834
3.8e-05
0.006604
0.004783
3.1e-05
0.004793
0.003191
0.000465
0.00178
4.2e-05
0.004736
2.2e-05
0.001896
0.002012
0.002361
4.2e-05
0.009362
6.4e-05
2.8e-05
0.015717
0.000485
0.000815
0.00068
0.000823
0.000652
0.000461
0.004968
0.002371
2.7e-05
0.00195
0.003267
0.000917
0.001861
1.6e-05
0.001222
0.005744
3.1e-05
2.4e-05
0.000779
0.000803
0.000311
5.8e-05
0.00499
0.004134
2.8e-05
0.00176
0.001308
0.000827
1.9e-05
0.001516
0.001454
0.019268
0.000601
0.002076
0.000715
0.001844
0.001843
0.000765
0.000775
0.001816
0.001201
0.000609
0.002483
0.001366
0.001648
0.000627
2e-05
2.2e-05
0.003565
0.000486
0.004556
0.002079
3e-05
0.00215
0.002523
0.001397
0.00189
0.000736
2.1e-05
0.001733
0.002831
0.001835
0.001161
0.002872
0.000607
0.001879
2.5e-05
0.002243
0.002862
0.001941
0.002398
0.001524
1.7e-05
0.001251
0.00206
0.001358
0.002093
0.000637
0.00144
0.000474
2e-05
0.001935
0.002604
0.000943
0.001179
0.001524
3.6e-05
0.003242
0.016568
0.000242
0.000246
0.00029
0.001885
4.1e-05
3.1e-05
0.003869
0.001055
0.001041
0.000254
2.5e-05
2.2e-05
0.004773
0.003541
2.8e-05
2.6e-05
0.00231
0.001739
2.7e-05
0.002231
0.003738
0.001742
2.8e-05
0.002609
0.001453
0.001479
3.9e-05
0.003184
0.001763
0.005316
3.8e-05
0.003184
0.001111
0.002913
3.1e-05
0.002602
0.001475
0.001459
2.6e-05
2.3e-05
0.004505
0.001847
3.7e-05
3.3e-05
0.027278
0.000482
0.000513
0.000234
0.001436
0.001425
0.000243
0.000294
0.000494
0.000716
0.000658
0.002152
0.001952
3.3e-05
2.5e-05
0.01467
0.000589
0.000577
1.7e-05
1.4e-05
0.001213
0.001219
0.001197
0.013494
4.2e-05
3.1e-05
0.000798
0.002945
0.002402
1.9e-05
1.7e-05
0.00151
0.003715
4.2e-05
3e-05
0.001368
0.002048
1.8e-05
1.6e-05
0.002884
0.002897
0.002739
5.8e-05
5.9e-05
0.007188
3.3e-05
2.7e-05
0.003187
0.000849
0.002253
3.1e-05
3.8e-05
0.001553
3.9e-05
3.7e-05
0.007319
0.002885
0.003648
4.8e-05
6.1e-05
0.008347
3.5e-05
2.6e-05
0.00097
0.027051
0.001628
0.000726
0.00144
0.001352
0.001543
0.001278
0.001371
0.000352
0.000493
0.002803
0.001465
1.5e-05
1.5e-05
0.002162
0.002355
0.001407
0.000134
0.000662
0.000439
3.9e-05
3.7e-05
0.012289
0.006151
2.6e-05
2.2e-05
0.004664
0.00073
2.1e-05
1.8e-05
0.000568
0.000537
0.001715
3.4e-05
3.3e-05
0.000673
1.7e-05
1.5e-05
0.002327
0.000709
1.6e-05
1.6e-05
0.000657
0.015191
0.000684
0.001329
0.001468
0.001322
0.001452
0.001269
0.001275
0.000445
0.001091
1.6e-05
1.5e-05
0.003755
0.002209
3e-05
2.8e-05
0.00084
0.000665
1.7e-05
1.9e-05
0.00182
0.001938
0.00207
0.000838
0.001426
0.001443
2.5e-05
2.3e-05
0.003163
0.004448
4.9e-05
4.5e-05
0.004919
0.000598
3.2e-05
3.1e-05
0.001521
0.000845
2.9e-05
2.7e-05
0.002843
0.0016
3.9e-05
3.6e-05
0.008999
0.000918
0.013958
0.001349
0.000661
0.001349
0.000454
0.00044
0.00052
0.001348
0.000422
0.000447
0.000189
0.001139
0.000468
4.4e-05
3.4e-05
0.00842
0.002464
2.6e-05
2.1e-05
0.000922
0.000481
0.000528
0.000804
5.4e-05
5e-05
0.001714
0.000198
1.7e-05
1.5e-05
0.000496
0.000673
5.9e-05
5.8e-05
0.009091
0.006484
2.7e-05
2.1e-05
0.002822
0.003965
0.001367
0.00028
0.015189
0.000695
0.000668
0.000691
0.000635
0.001388
0.000549
0.000475
0.000466
0.011128
0.001831
2.7e-05
2e-05
0.003312
0.001357
1.8e-05
1.7e-05
0.002395
0.000462
0.000675
0.000851
0.001502
3.5e-05
2.6e-05
0.001927
0.000529
1.7e-05
1.5e-05
0.003102
0.001352
0.017968
0.000402
0.0007
1.7e-05
1.3e-05
0.002461
1.6e-05
1.5e-05
0.001026
0.000343
0.002261
1.5e-05
1.5e-05
0.00081
0.00206
1.8e-05
1.6e-05
0.000386
0.009213
0.005456
2.5e-05
2.3e-05
0.002785
0.003816
2.5e-05
2.7e-05
0.003456
0.002172
0.000538
2.6e-05
2.5e-05
0.002283
0.003928
3.7e-05
3.5e-05
0.010062
2.7e-05
2.1e-05
0.001495
3.1e-05
3e-05
0.006342
3.5e-05
2.6e-05
0.002437
0.001046
4.4e-05
4.2e-05
0.007138
0.003191
0.021749
0.000292
0.00314
3.5e-05
3.2e-05
0.003004
0.008115
2.7e-05
2.5e-05
0.003083
0.00228
0.001497
0.00028
1.8e-05
1.6e-05
0.001665
2.7e-05
2.7e-05
0.001177
0.002769
0.002471
1.7e-05
1.5e-05
0.000952
0.001864
1.9e-05
1.8e-05
0.001738
0.001286
0.000871
1.8e-05
1.6e-05
0.002327
0.002662
0.000379
1.8e-05
1.7e-05
0.002952
0.001009
0.002261
1.6e-05
1.5e-05
0.002355
0.020472
0.001531
0.000463
0.001425
0.001693
0.001544
0.001531
0.001808
0.001557
0.00161
0.001454
0.001156
0.001115
0.001881
0.001745
1.9e-05
1.8e-05
0.001407
0.000398
1.7e-05
1.4e-05
0.00119
0.001332
0.000232
0.000464
1.9e-05
1.7e-05
0.003025
0.000414
0.00117
0.001431
1.8e-05
1.6e-05
0.002165
0.001813
1.9e-05
1.7e-05
0.001848
0.001699
0.001293
0.004909
0.003686
3.5e-05
3.5e-05
0.001714
0.002001
2.4e-05
2.3e-05
0.020277
0.000215
0.004437
4e-05
3.1e-05
0.00134
2.1e-05
2e-05
0.003212
3.6e-05
3.7e-05
0.010863
6.5e-05
3.1e-05
0.001201
1.5e-05
1.5e-05
0.002207
3.3e-05
3.3e-05
0.005862
2.7e-05
2.1e-05
0.00134
0.001499
4.5e-05
4.2e-05
0.000591
0.0006
4.4e-05
4.2e-05
0.002568
2.6e-05
2.1e-05
0.001772
0.019097
0.00015
0.002665
1.4e-05
1.4e-05
0.001043
0.001299
2.3e-05
1.7e-05
0.000149
0.000127
2.3e-05
1.9e-05
0.001561
0.001721
1.6e-05
1.4e-05
0.001217
0.002735
2.1e-05
1.7e-05
0.00012
0.001186
0.001243
1.9e-05
1.8e-05
0.00417
2.7e-05
2.5e-05