
4.3468e-05
4.1087e-05
3.888e-05
5.571e-05
5.4626e-05
1.6964e-05
5.3867e-05
2.5935e-05
6.0438e-05
2.0529e-05
3.5063e-05
3.0511e-05
4.3802e-05
4.3998e-05
4.0144e-05
2.2654e-05
2.1503e-05
2.277e-05
4.5733e-05
1.9671e-05
3.2762e-05
2.8648e-05
3.9393e-05
5.4086e-05
2.4154e-05
2.4291e-05
3.167e-05
1.6219e-05
2.1125e-05
2.6694e-05
2.3449e-05
3.8936e-05
2.0816e-05
1.3347e-05
3.0107e-05
2.3715e-05
2.4575e-05
3.2945e-05
3.1496e-05
3.8335e-05
3.8928e-05
3.3637e-05
2.3995e-05
2.3565e-05
2.6202e-05
5.3371e-05
2.3529e-05
2.2461e-05
2.6646e-05
2.2291e-05
2.5685e-05
1.9477e-05
8.6093e-05
8.48e-05
7.7681e-05
9.2893e-05
9.427e-05
5.0351e-05
8.3684e-05
4.6875e-05
6.3076e-05
8.8129e-05
8.1368e-05
3.3002e-05
6.2048e-05
6.049e-05
3.8395e-05
5.8396e-05
7.5968e-05
0.000176304
2.7008e-05
5.7534e-05
0.000103197
2.4286e-05
5.1087e-05
3.3465e-05
1.9481e-05
3.1217e-05
3.1451e-05
2.8805e-05
3.9667e-05
1.4884e-05
2.5908e-05
4.6504e-05
4.3308e-05
2.6486e-05
3.0698e-05
4.9575e-05
3.6277e-05
4.3382e-05
1.4951e-05
4.1465e-05
1.4781e-05
7.5785e-05
4.2671e-05
2.5079e-05
6.3195e-05
3.7847e-05
4.0426e-05
2.3873e-05
2.361e-05
3.8909e-05
9.1138e-05
2.696e-05
5.7482e-05
2.2661e-05
3.0942e-05
3.5919e-05
6.0745e-05
2.3097e-05
2.5182e-05
2.8837e-05
3.3233e-05
3.8279e-05
2.1863e-05
2.4362e-05
2.2506e-05
1.9709e-05
3.0674e-05
2.0919e-05
2.1346e-05
4.4076e-05
2.0258e-05
2.9351e-05
1.9271e-05
2.3774e-05
2.1551e-05
2.4251e-05
3.7143e-05
3.3129e-05
3.3073e-05
3.7563e-05
4.5381e-05
2.3854e-05
2.9984e-05
5.8898e-05
2.0298e-05
2.7816e-05
3.3131e-05
4.5904e-05
3.0706e-05
4.1803e-05
4.5006e-05
0.0001142
2.6579e-05
2.757e-05
2.5038e-05
4.2155e-05
2.7667e-05
2.487e-05
3.6148e-05
4.3353e-05
2.1596e-05
2.1389e-05
2.6082e-05
1.4736e-05
2.7142e-05
4.0393e-05
3.2994e-05
1.707e-05
4.8787e-05
2.1766e-05
3.1254e-05
3.2932e-05
2.7563e-05
4.1229e-05
4.4271e-05
2.1852e-05
4.7512e-05
2.1976e-05
3.434e-05
0.000120743
0.000125129
3.7407e-05
3.5808e-05
8.3277e-05
1.8862e-05
2.591e-05
6.2983e-05
7.7607e-05
4.9502e-05
8.8489e-05
2.7989e-05
4.4263e-05
0.00014589
0.000214485
7.5779e-05
3.9932e-05
0.000100647
6.334e-05
9.6224e-05
5.4951e-05
2.4954e-05
7.4751e-05
2.0041e-05
3.5838e-05
7.5135e-05
3.8012e-05
4.6315e-05
5.591e-05
2.7732e-05
7.7724e-05
5.7045e-05
4.0204e-05
6.2247e-05
4.549e-05
3.3285e-05
3.108e-05
4.4604e-05
2.9826e-05
2.8564e-05
3.0338e-05
6.4869e-05
1.7081e-05
4.8267e-05
3.7523e-05
4.3553e-05
2.9975e-05
4.2811e-05
3.5054e-05
4.5297e-05
5.169e-05
4.0744e-05
5.3974e-05
3.1591e-05
4.331e-05
3.3655e-05
5.7257e-05
3.4351e-05
4.9933e-05
5.9006e-05
3.3462e-05
3.0905e-05
3.7798e-05
0.000144689
2.6445e-05
3.7332e-05
3.6087e-05
3.2635e-05
9.9888e-05
5.6202e-05
2.327e-05
3.5715e-05
3.0449e-05
0.00012247
4.1319e-05
2.7634e-05
1.7786e-05
4.0513e-05
5.5681e-05
3.8373e-05
4.6669e-05
0.000105412
2.309e-05
2.3303e-05
4.4567e-05
3.1312e-05
0.000139758
6.1936e-05
2.9957e-05
1.4971e-05
4.6953e-05
2.1233e-05
3.1091e-05
3.9166e-05
2.2541e-05
3.943e-05
5.2539e-05
2.6476e-05
2.8129e-05
4.2784e-05
0.000121348
0.000110159
3.1243e-05
5.7843e-05
6.6965e-05
4.4037e-05
7.1494e-05
3.6376e-05
1.6075e-05
3.8253e-05
1.4824e-05
7.8936e-05
6.6381e-05
9.0992e-05
3.3324e-05
4.4223e-05
2.7375e-05
2.9384e-05
4.0008e-05
2.2782e-05
3.4943e-05
2.4582e-05
3.3645e-05
3.2056e-05
2.2431e-05
1.7221e-05
0.000108195
2.5716e-05
3.8925e-05
7.0932e-05
2.2186e-05
2.8285e-05
3.8264e-05
9.5312e-05
4.1811e-05
7.3387e-05
2.6593e-05
3.6969e-05
0.000120765
3.736e-05
2.85e-05
6.4219e-05
5.8665e-05
2.6993e-05
4.2783e-05
6.0888e-05
2.6949e-05
2.0565e-05
1.9283e-05
4.4386e-05
3.6135e-05
2.1878e-05
3.0486e-05
3.3599e-05
4.0415e-05
2.1099e-05
6.1595e-05
2.893e-05
3.253e-05
1.6651e-05
3.1563e-05
2.4672e-05
3.3773e-05
2.4904e-05
3.2608e-05
4.9546e-05
4.6538e-05
9.5501e-05
2.9318e-05
6.878e-05
0.000112811
2.7462e-05
3.8373e-05
8.8139e-05
3.6635e-05
2.6474e-05
4.2271e-05
4.4598e-05
5.2348e-05
2.0867e-05
2.2229e-05
2.8553e-05
1.9622e-05
1.5986e-05
4.9135e-05
3.0303e-05
2.9608e-05
2.1144e-05
3.3185e-05
2.6518e-05
4.7136e-05