
0.0008
0.000479
0.000502
0.000554
0.000608
0.000854
0.000621
0.000597
0.000553
0.000792
0.000575
0.000646
0.000562
0.000572
0.000667
0.00057
0.000557
0.000561
0.000621
0.000683
0.000559
0.000564
0.000552
0.000628
0.000556
0.000731
0.000602
0.000568
0.000569
0.000581
0.000604
0.000562
0.000559
0.000634
0.000548
0.000583
0.000579
0.000566
0.000606
0.000553
0.000727
0.000557
0.000548
0.000557
0.000575
0.000552
0.000549
0.000538
0.000561
0.000567
0.00058
0.000549
0.00063
0.000641
0.000595
0.000565
0.000558
0.000603
0.000558
0.000593
0.000599
0.000557
0.000545
0.00058
0.000556
0.000555
0.000568
0.000553
0.000555
0.000561
0.000571
0.000586
0.000632
0.000535
0.000536
0.000537
0.000544
0.000564
0.000562
0.000541
0.00059
0.000575
0.000765
0.000547
0.000783
0.000599
0.000544
0.000565
0.000595
0.000718
0.000594
0.00056
0.000569
0.000542
0.000545
0.000548
0.000576
0.000639
0.000795
0.000555
0.000556
0.000555
0.000579
0.000548
0.0006
0.000622
0.000548
0.00059
0.000595
0.000577
0.000582
0.00058
0.000747
0.000593
0.000552
0.000544
0.000553
0.000581
0.000604
0.000563
0.000548
0.000591
0.000548
0.000551
0.000539
0.000543
0.000549
0.000545
0.000567
0.000675
0.000609
0.000537
0.000537
0.00054
0.000547
0.00056
0.000546
0.000547
0.000543
0.000613
0.000601
0.000571
0.00054
0.000568
0.000549
0.000785
0.000545
0.00056
0.00063
0.00058
0.000573
0.00054
0.000549
0.000614
0.000559
0.000571
0.000764
0.000538
0.000543
0.000556
0.000541
0.000703
0.000559
0.000612
0.000632
0.00062
0.000546
0.000538
0.000556
0.000555
0.000599
0.000591
0.00057
0.000561
0.000545
0.000535
0.000552
0.000552
0.0006
0.000601
0.000552
0.00054
0.000636
0.000599
0.00059
0.000552
0.000551
0.000554
0.000549
0.000559
0.000549
0.000578
0.000569
0.000546
0.000549
0.000575
0.000612
0.000585
0.000545
0.000553
0.000562
0.000765
0.000535
0.00076
0.000609
0.000543
0.000595
0.0006
0.000541
0.000531
0.000551
0.000624
0.000551
0.000589
0.000564
0.000553
0.000581
0.000548
0.000557
0.000591
0.00068
0.000573
0.000548
0.000717
0.00063
0.000546
0.000647
0.000563
0.000632
0.000557
0.000556
0.000619
0.000543
0.000618
0.00054
0.000618
0.000652
0.000641
0.000553
0.000547
0.000541
0.000588
0.000752
0.000625
0.000602
0.00054
0.000589
0.000561
0.000547
0.000543
0.00061
0.00062
0.000554
0.000553
0.000543
0.000543
0.000591
0.000547
0.000727
0.00054
0.000561
0.000595
0.000619
0.00061
0.000555
0.000834
0.000679
0.000663
0.000686
0.000624
0.000658
0.000548
0.000535
0.000547
0.000687
0.000548
0.000536
0.000541
0.000557
0.000551
0.000549
0.000551
0.000564
0.000557
0.000545
0.000542
0.000581
0.000566
0.000546
0.000544
0.000547
0.000614
0.000616
0.000549
0.000545
0.000547
0.000555
0.000556
0.000594
0.000578
0.000553
0.000565
0.000588
0.000547
0.000554
0.000551
0.000548
0.000539
0.000686
0.000538
0.000544
0.000591
0.000554
0.000604
0.000621
0.000595
0.000544
0.00058
0.00062
0.000534
0.00057
0.000545
0.000535
0.000593
0.000546
0.000535
0.000538
0.000543
0.000533
0.000586
0.000761
0.000614
0.000605
0.000627
0.000551
0.000552
0.000562
0.000574
0.000581
0.000571
0.000571
0.000552
0.000544
0.000573
0.000711
0.000987
0.000811
0.000785
0.00071
0.000693
0.000785
0.000717
0.000723
0.000708
0.000713
0.000711
0.000899
0.000681
0.000695
0.000742
0.000919
0.000693
0.000704
0.000723
0.000695
0.000959
0.000888
0.000676
0.000801
0.000696
0.000698
0.000738
0.000752
0.0007
0.000771
0.000897
0.00099
0.000694
0.000777
0.000798
0.000737
0.000745
0.000678
0.0007
0.000708
0.000796
0.000698
0.000685
0.000722
0.00079
0.000818
0.000835
0.000759
0.000758
0.000761
0.000706
0.000717
0.000744
0.000705
0.000693
0.000783
0.000701
0.000676
0.000767
0.000695
0.000703
0.000698
0.000707
0.000779
0.000704
0.000767
0.000781
0.000727
0.000717
0.000687
0.000715
0.000689
0.000952
0.000709
0.000692
0.000739
0.000707
0.000697
0.000702
0.000707
0.000787
0.000692
0.000983
0.000751
0.000684
0.000696
0.000724
0.00068
0.000759
0.000732
0.000745
0.000719
0.000686
0.000686
0.000909
0.000675
0.000686
0.000988
0.000721
0.000747
0.000732
0.000681
0.000684
0.000888
0.000772
0.000682
0.000692
0.000902
0.000778
0.000688
0.00075
0.00071
0.000956
0.000717
0.000675
0.000675
0.000953
0.000688
0.000692
0.000953
0.000737
0.000751
0.000821
0.000701
0.000784
0.00068
0.000691
0.00069
0.000692
0.000693
0.000695
0.000958
0.000713
0.000682
0.000673
0.000698
0.000702
0.000802
0.000695
0.000778
0.00069
0.000698
0.000714
0.00069
0.000741
0.000699
0.000792
0.000722
0.000688
0.000691
0.000684
0.000695
0.00069
0.00068
0.000682
0.000703
0.000695
0.000714
0.000739
0.000726
0.000689
0.000712
0.000872
0.000678
0.000694
0.000715
0.000717
0.000805
0.000691
0.000674
0.000695
0.000799
0.000673
0.000685
0.000759
0.000741
0.000696
0.0007
0.000729
0.000671
0.000694
0.000727
0.000679
0.000758
0.000694
0.000752
0.000834
0.000698
0.000682
0.000694
0.000759
0.000695
0.00075
0.000822
0.000685
0.000696
0.0007
0.000704
0.000701
0.000695
0.00077
0.00067
0.000955
0.000701
0.000847
0.000666
0.000695
0.000695
0.000941
0.000684
0.000681
0.000674
0.000715
0.000794
0.000693
0.00069
0.000683
0.000684
0.000699
0.000697
0.000687
0.000685
0.000682
0.000688
0.000695
0.000686
0.00071
0.000734
0.000689
0.000706
0.000847
0.000789
0.000741
0.000784
0.000735
0.000754
0.000694
0.000695
0.000755
0.000671
0.000749
0.000764
0.000678
0.000684
0.000715
0.000704
0.00068
0.000683
0.000729
0.000702
0.000742
0.000686
0.000683
0.000677
0.000769
0.000717
0.000938
0.000688
0.00072
0.0008
0.000852
0.000703
0.000959
0.00068
0.000729
0.000841
0.000692
0.00077
0.000701
0.000739
0.000698
0.00081
0.000722
0.000853
0.00073
0.000707
0.000764
0.00068
0.000725
0.000775
0.0008
0.000693
0.000725
0.000699
0.000689
0.000701
0.000698
0.000705
0.00069
0.000687
0.000706
0.000725
0.000701
0.000715
0.000681
0.000689
0.002339
0.002404
0.001346
0.001351
0.001401
0.001345
0.001084
0.001101
0.001782
0.001898
0.000977
0.002705
0.002865
0.002813
0.000888
0.001053
0.001038
0.000781
0.000687
0.000703
0.000684
0.000667
0.000825
0.000699
0.001062
0.0007
0.00076
0.000762
0.000688
0.000723
0.002789
0.001954
0.000858
0.001034
0.001422
0.000666
0.001299
0.000661
0.002721
0.002659
0.001167
0.001295
0.00106
0.000762
0.000673
0.001273
0.00125
0.002182
0.000725
0.000733
0.001491
0.000678
0.000695
0.000689
0.000695
0.001016
0.000675
0.000679
0.000712
0.000725
0.000674
0.00067
0.000885
0.002613
0.000672
0.000682
0.00125
0.001342
0.000699
0.000678
0.001306
0.002645
0.00102
0.002091
0.002632
0.000782
0.00068
0.000666
0.000678
0.00067
0.002747
0.002709
0.000689
0.000691
0.002679
0.000675
0.00068
0.001019
0.000708
0.000828
0.000867
0.000676
0.000786
0.00074
0.001293
0.000678
0.001065
0.001842
0.001065
0.000676
0.000667
0.000665
0.001317
0.001922
0.00196
0.000655
0.00084
0.00121
0.000844
0.001956
0.000851
0.000853
0.001235
0.00076
0.001727
0.002428
0.002718
0.001135
0.000884
0.001837
0.00125
0.002938
0.000775
0.000879
0.002002
0.002954
0.001101
0.001661
0.002643
0.003013
0.003178
0.002073
0.000951
0.001053
0.00096
0.003039
0.000935
0.001091
0.001049
0.001666
0.00085
0.001442
0.001412
0.003118
0.000791
0.001736
0.000795
0.001176
0.001234
0.001851
0.001783
0.001485
0.001556
0.002079
0.002097
0.001119
0.001689
0.002131
0.002438
0.000909
0.001493
0.000795
0.00084
0.003083
0.000792
0.000896
0.001012
0.004675
0.000924
0.000945
0.003122
0.003932
0.000818
0.002021
0.002743
0.001102
0.002586
0.001321
0.000809
0.0008
0.002118
0.003673
0.001042
0.001093
0.000832
0.001521
0.000834
0.000809
0.000818
0.000889
0.001518
0.000861
0.001108
0.002632
0.002602
0.003232
0.003188
0.001509
0.002878
0.000885
0.000992
0.002361
0.002218
0.002867
0.001832
0.00289
0.000831
0.005005
0.002062
0.000815
0.003246
0.002272
0.00081
0.000906
0.001787
0.000811
0.000831
0.001291
0.001237
0.00082
0.001367
0.002225
0.001284
0.001284
0.001387
0.00166
0.00195
0.00324
0.001969
0.00194
0.002262
0.002363
0.00245
0.000825
0.000967
0.001839
0.003271
0.001248
0.003252
0.001514
0.00085
0.000878
0.000905
0.000903
0.000997
0.000882
0.001043
0.000902
0.001669
0.000822
0.001278
0.000962
0.001041
0.001267
0.001464
0.001789
0.001602
0.000817
0.001471
0.004434
0.001102
0.001079
0.001983
0.002391
0.004793
0.000799
0.001868
0.003219
0.001083
0.002382
0.001447
0.002604
0.001478
0.001243
0.000822
0.000875
0.000843
0.001268
0.000923
0.000861
0.003307
0.001787
0.002027
0.003012
0.003754
0.003614
0.003864
0.003671
0.003604
0.003399
0.003632
0.003616
0.003534
0.003606
0.003726
0.003621
0.003693
0.003182
0.003534
0.003506
0.003626
0.003564
0.003665
0.003511
0.003566
0.003796
0.003647
0.003774
0.003598
0.003647
0.003561
0.003584
0.003584
0.003576
0.003622
0.003571
0.003728
0.00375
0.003769
0.003369
0.003666
0.003695
0.003529
0.003578
0.005255
0.003542
0.003535
0.003532
0.003183
0.003549
0.003576
0.003661
0.003673
0.003567
0.003555
0.004681
0.003547
0.005015
0.003638
0.003356
0.003647
0.003671
0.003652
0.003585
0.003665
0.003573
0.003518
0.003589
0.00363
0.003807
0.003518
0.003564
0.003512
0.00367
0.003291
0.003345
0.003962
0.003628
0.003678
0.003211
0.003153
0.003632
0.003596
0.003538
0.003099
0.003757
0.003277
0.003555
0.003743
0.003767
0.003671
0.003626
0.00358
0.003184
0.003241
0.003271
0.003698
0.003632
0.000936
0.003202
0.000821
0.000809
0.000831
0.000897
0.00081
0.000801
0.000813
0.000814
0.000817
0.000823
0.000812
0.000859
0.000805
0.000807
0.001216
0.000812
0.000808
0.001214
0.001206
0.001206
0.001205
0.000806
0.001216
0.000813
0.000801
0.000811
0.00082
0.000839
0.000804
0.000798
0.000832
0.000802
0.00079
0.000786
0.000798
0.000803
0.000821
0.000807
0.000812
0.000814
0.000817
0.000815
0.001218
0.000829
0.000817
0.00081
0.000824
0.000819
0.000812
0.000867
0.00082
0.000807
0.000818
0.00081
0.000807
0.000817
0.000811
0.000804
0.000802
0.000842
0.000816
0.000823
0.000807
0.000792
0.000797
0.000801
0.000802
0.000816
0.00082
0.000807
0.000794
0.000785
0.000809
0.000869
0.000816
0.000827
0.000821
0.000818
0.000802
0.000795
0.001217
0.001211
0.00083
0.00082
0.001222
0.000808
0.000841
0.000813
0.000852
0.000816
0.000814
0.0008
0.000819
0.000889
0.000811
0.000849
0.000822
0.000807