
2.00408
2.04607
2.04032
2.04325
2.03942
2.0295
2.0295
2.06285
2.00182
2.04607
2.03952
2.04032
2.02791
1.95263
1.97714
1.93229
1.85824
1.73221
1.69558
1.71405
1.53635
1.53313
1.39534
1.36137
1.33371
1.27525
1.23791
1.19722
1.19722
1.18385
1.16648
1.13439
1.13439
1.12215
1.10816
1.0965
1.09075
1.07893
1.07609
1.05853
1.05238
1.04941
1.0389
1.03216
1.03014
1.02184
1.02184
1.01747
1.01961
1.01529
1.01822
1.01952
1.02114
1.02339
1.02614
1.03799
1.04612
1.05258
1.0629
1.08084
1.08248
1.10521
1.10521
1.12547
1.13074
1.15301
1.16125
1.18574
1.18986
1.20301
1.22312
1.23709
1.25862
1.27321
1.29577
1.3105
1.33135
1.34396
1.36426
1.37582
1.37898
1.39027
1.39289
1.40282
1.41005
1.41904
1.42568
1.43013
1.43685
1.44856
1.46331
1.46597
1.47859
1.48344
1.48907
1.49116
1.49578
1.49761
1.50068
1.50203
1.5036
1.50382
1.50382
1.50041
1.49624
1.48864
1.4865
1.47305
1.42026
1.36256
1.31134
1.25177
1.23759
1.20783
1.20276
1.19329
1.16624
1.15609
1.14955
1.13959
1.1328
1.12191
1.11817
1.11433
1.10242
1.07579
1.06487
1.0376
1.02752
1.01792
1.00432
0.99596
0.984467
0.977398
0.974139
0.964863
0.952543
0.94606
0.935084
0.931029
0.905935
0.903423
0.871026
0.863263
0.856805
0.851149
0.84806
0.848962
0.851423
0.856651
0.866271
0.866271
0.869213
0.885911
0.885911
0.907301
0.917014
0.923153
0.931598
0.936731
0.93918
0.947993
0.955143
0.958229
0.964039
0.965668
0.980078
0.98512
0.993608
0.999877
1.01006
1.02949
0.989399
1.05164
1.05647
1.077
1.08798
1.09366
1.12377
1.09465
1.12033
1.16908
1.18187
1.21467
1.21467
1.24398
1.26672
1.27325
1.30674
1.33491
1.36462
1.36462
1.37971
1.41117
1.44369