
0.006124
0.006226
0.003814
0.009113
0.006523
0.004405
0.011079
0.007155
0.010378
0.003599
0.004163
0.003933
0.008602
0.006521
0.005875
0.007258
0.003532
0.003349
0.007113
0.003883
0.003734
0.003896
0.006768
0.008973
0.003417
0.00585
0.005361
0.003204
0.00307
0.003926
0.003386
0.003441
0.003214
0.00326
0.003398
0.0042
0.003445
0.00352
0.003473
0.003828
0.003434
0.004078
0.003192
0.003656
0.0041
0.005905
0.003405
0.003343
0.003192
0.004357
0.003164
0.003624
0.014164
0.012997
0.012257
0.01357
0.014898
0.007251
0.00761
0.008267
0.007034
0.009358
0.009459
0.004766
0.006993
0.00988
0.00891
0.006431
0.011084
0.019025
0.004343
0.003578
0.013778
0.005464
0.007278
0.006098
0.004546
0.003953
0.005961
0.008187
0.008862
0.003251
0.003441
0.007556
0.006389
0.002954
0.003815
0.00567
0.007935
0.006236
0.003674
0.00661
0.003224
0.010355
0.006552
0.005138
0.014592
0.003441
0.006277
0.004753
0.00417
0.003383
0.023425
0.003641
0.016061
0.003798
0.003484
0.003405
0.011278
0.004402
0.003883
0.004044
0.003376
0.004901
0.003886
0.003896
0.003759
0.004428
0.003498
0.004437
0.004459
0.006723
0.005066
0.003274
0.003663
0.006604
0.00343
0.005726
0.007427
0.004795
0.00449
0.006933
0.007117
0.005539
0.007317
0.019547
0.004227
0.003917
0.003384
0.009049
0.003446
0.006874
0.010072
0.01115
0.002979
0.005053
0.004159
0.006487
0.003458
0.003895
0.003297
0.009966
0.005302
0.004719
0.006307
0.003279
0.005138
0.005348
0.005486
0.003548
0.008795
0.006487
0.007072
0.004048
0.004065
0.00781
0.008307
0.00427
0.011074
0.002916
0.010035
0.010335
0.022726
0.007825
0.007731
0.009043
0.003274
0.003163
0.006995
0.012584
0.005436
0.006907
0.005339
0.006433
0.014525
0.021198
0.010078
0.005713
0.011243
0.018406
0.014916
0.010602
0.00442
0.012625
0.003377
0.003413
0.013171
0.006909
0.0045
0.009022
0.007448
0.013041
0.009302
0.006325
0.009762
0.00648
0.005454
0.004436
0.007316
0.006619
0.004959
0.006915
0.011419
0.003217
0.009794
0.007745
0.007127
0.005758
0.008194
0.006125
0.0054
0.005449
0.006809
0.01133
0.004021
0.006367
0.005801
0.005193
0.009266
0.005562
0.007127
0.0051
0.003664
0.006501
0.026106
0.003052
0.006364
0.005326
0.004566
0.011883
0.008756
0.005969
0.006405
0.006079
0.01624
0.006734
0.003008
0.005332
0.006423
0.014622
0.008032
0.007872
0.017099
0.004109
0.005813
0.008772
0.003055
0.024491
0.01231
0.002705
0.00278
0.005178
0.003091
0.005083
0.002838
0.003116
0.003005
0.008353
0.003089
0.004793
0.00771
0.010122
0.012549
0.005602
0.009847
0.016635
0.005155
0.017123
0.003332
0.003137
0.004715
0.002458
0.019957
0.013472
0.022156
0.00687
0.007134
0.004319
0.004561
0.006502
0.002786
0.005926
0.003157
0.006648
0.003269
0.004662
0.002565
0.0289
0.006361
0.008266
0.012545
0.003377
0.006239
0.008694
0.020555
0.005545
0.013693
0.005843
0.003718
0.023053
0.007775
0.006776
0.016807
0.012067
0.004084
0.005629
0.009453
0.005715
0.003178
0.004373
0.00701
0.00321
0.005097
0.005719
0.006184
0.00793
0.005422
0.007256
0.003886
0.003426
0.002114
0.006312
0.003741
0.005069
0.004099
0.004307
0.010108
0.004864
0.013745
0.00482
0.008671
0.021926
0.004053
0.007188
0.015975
0.004267
0.004796
0.005141
0.007689
0.005742
0.005702
0.003539
0.003896
0.001948
0.00244
0.005151
0.005132
0.004157
0.005987
0.004849
0.003222
0.009244