
0.0282843
0.060498
0.060498
0.078444
0.0623664
0.0829991
0.0829991
0.0948894
0.106141
0.0958205
0.109119
0.109119
0.0880958
0.0343632
0.0343632
0.0441339
0.0441339
0.109467
0.102839
0.111731
0.103601
0.112121
0.112121
0.139574
0.149198
0.158634
0.130213
0.158705
0.0227064
0.0103514
0.0119379
0.0211846
0.00993221
0.0208646
0.00315947
0.0203648
0.00417426
0.0196498
0.0658354
0.00989065
0.042577
0.0313077
0.0304248
0.0519985
0.039696
0.0284099
0.0494142
0.0480571
0.0427625
0.0294713
0.0138653
0.0232055
0.0212757
0.0308005
0.0190858
0.0192625
0.00758759
0.0286392
0.0146383
0.0240122
0.0240122
0.00167228
0.0213988
0.0542664
0.0308137
0.00917004
0.0029592
0.018215
0.0152838
0.00378327
0.0242066
0.0124403
0.00989987
0.0185418
0.0185418
0.0155243
0.0155243
0.00646697
0.0325556
0.0134266
0.0134266
0.0219961
0.0219961
0.195475
0.199936
0.228852
0.0221207
0.0333216
0.0318743
0.0318743
0.282218
0.301469
0.306775
0.306775
0.290865
0.305229
0.287264
0.256093
0.251839
0.253513
0.251292
0.249044
0.250963
0.248669
0.248669
0.00537803
0.0076709
0.0160165
0.00971076
0.0604118
0.0247616
0.0220241
0.0220241
0.0179388
0.00482571
0.0239185
0.0239185
0.0239185
0.0554655
0.119011
0.118418
0.130507
0.131336
0.131336
0.131336
0.132402
0.135915
0.136527
0.136527
0.137391
0.137391
0.140775
0.00234197
0.0217089
0.00499192
0.00431907
0.00431907
0.0233882
0.0304855
0.00581106
0.00928221
0.0123521
0.0320311
0.0145486
0.00966719
0.0327005
0.0327005
0.0251516
0.0660003
0.00139763
0.0116885
0.017433
0.017433
0.0364228
0.0364228
0.00406527
0.0162514
0.00491851
0.00491851
0.0151362