
3e-06
1e-06
1e-06
1e-06
1e-06
2e-06
1e-06
1e-06
2e-06
1e-06
1e-06
1e-06
1e-06
1e-06
1e-06
1e-06
3e-06
1e-06
1e-06
1e-06
1e-06
1e-06
1e-06
1e-06
1e-06
1e-06
1e-06
1e-06
1e-06
1e-06
1e-06
1e-06
2e-06
1e-06
1e-06
1e-06
1e-06
1e-06
1e-06
1e-06
1e-06
1e-06
0
1e-06
1e-06
1e-06
1e-06
1e-06
2e-06
1e-06
0
1e-06
5e-06
5e-06
3e-06
2e-06
3e-06
3e-06
3e-06
3e-06
3e-06
2e-06
2e-06
2e-06
8e-06
6e-06
3e-06
1e-06
2e-06
5e-06
1e-06
1e-06
7e-06
2e-06
2e-06
0.022681
0.023917
0.023421
0.024389
0.025205
0.025358
0.025296
0.024756
0.0255
0.027175
0.019442
0.018172
0.021538
0.02128
0.022052
0.01901
0.018822
1e-06
5e-06
3e-06
3e-06
1e-06
1e-06
1e-06
1e-06
1e-06
1e-06
6e-06
0.027856
0.052595
0.019802
0.019134
0.018415
0.055772
0.033468
0.036508
0.016342
0.017979
0.034222
0.01763
0.01648
0.016319
0.016906
0.017899
0.01669
0.016073
0.0163
0.017431
0.01826
0.016703
0.01697
0.016975
0.017373
0.021417
0.049042
0.019778
0.018373
0.057875
0.060448
0.019562
0.079562
0.032411
0.037812
0.053977
0.019883
0.015854
0.019179
0.018175
0.064664
0.017622
0.016818
0.01688
0.017827
0.014817
0.023938
0.014925
0.017661
0.020322
0.059287
0.025639
0.023459
0.019422
0.019613
0.035292
0.023146
0.019208
0.021694
0.020153
0.034621
0.023804
0.01811
0.017979
0.017432
0.015729
1e-06
2e-06
3e-06
3e-06
1e-06
4e-06
3e-06
1e-06
1e-06
2e-06
3e-06
2e-06
2e-06
1e-06
3e-06
5e-06
9e-06
0.021303
3e-06
0.055309
0.062262
0.070652
0.022452
0.017184
0.061695
2e-06
2e-06
8e-06
2e-06
2e-06
1e-06
1e-06
4e-06
1e-06
1e-06
2e-06
2e-06
1e-06
1e-06
1e-06
2e-06
2e-06
4e-06
3e-06
1e-06
2e-06
2e-06
5e-06
3e-06
1e-06
2e-06
1e-06
2e-06
2e-06
3e-06
1e-06
1e-06
5e-06
3e-06
3e-06
2e-06
4e-06
1e-06
1e-06
0.012526
0.057813
0.016443
0.012268
0.016119
0.017527
0.061133
1e-06
1e-06
2e-06
2e-06
8e-06
2e-06
1e-06
1e-06
3e-06
4e-06
2e-06
2e-06
6e-06
6e-06
1e-06
1e-06
2e-06
7e-06
0.022716
0.019491
0.018368
0.058524
0.031059
0.017929
0.016084
0.013983
0.014846
0.053607
0.025408
0.016314
1e-06
5e-06
8e-06
3e-06
6e-06
4e-06
2e-06
6e-06
2e-06
1e-06
0.038045
1e-06
7e-06
2e-06
4e-06
1e-06
1e-06
0.059998
0.023236
0.018655
0.018549
0.02813
0.01979
0.018978
0.018378
0.018324
1e-06
3e-06
2e-06
1e-06
3e-06
2e-06
3e-06
2e-06
1e-05
3e-06
6e-06
2e-06
1e-06
5e-06
1e-06
1e-06
6e-06
1e-06
0.022119
0.091155
0.02391
0.022077
0.017718
0.015802
0.018944
0.016605
0.01779
0.01842
0.02002
0.01914
0.017642
0.034257
0.019258
0.017123
0.017272
0.018791
0.017612
0.024174
0.017259
0.017281
0.057201
0.032982
0.069428
0.053341
2e-06
8e-06
0.026051
0.055867
7e-06
1e-06
3e-06
6e-06
4e-06
0.05808
0.016952
0.0164
0.016994
0.017853
0.017605
0.026452
0.018706
0.016361
0.017261
0.019852
0.017125
0.080957