
0.010704
0.010659
0.006327
0.014696
0.011211
0.006203
0.017271
0.010199
0.016948
0.005969
0.006835
0.006447
0.013884
0.010112
0.008973
0.011085
0.005816
0.005626
0.012186
0.006415
0.006124
0.006465
0.010096
0.014889
0.005251
0.009066
0.008426
0.005292
0.005147
0.006385
0.005879
0.005142
0.005546
0.004673
0.005562
0.007488
0.005707
0.005776
0.005728
0.006369
0.005909
0.006486
0.005547
0.006085
0.006534
0.010024
0.005063
0.00545
0.005236
0.00606
0.005133
0.006113
0.024496
0.020418
0.01941
0.022884
0.026635
0.0116
0.0127
0.014557
0.012304
0.018597
0.017255
0.006865
0.011306
0.01681
0.013638
0.01021
0.018729
0.027644
0.007055
0.006479
0.024555
0.007376
0.011726
0.035262
0.033987
0.033464
0.037287
0.04114
0.045465
0.033237
0.032624
0.042008
0.044361
0.026369
0.026846
0.036927
0.037271
0.037976
0.027919
0.037194
0.008525
0.026126
0.015965
0.014414
0.033887
0.007864
0.016349
0.009851
0.007181
0.005821
0.03022
0.033624
0.081486
0.02568
0.025065
0.024282
0.075992
0.040878
0.042993
0.023141
0.023784
0.042343
0.026194
0.026004
0.024553
0.026779
0.026973
0.025559
0.025267
0.034035
0.027407
0.02578
0.025716
0.029621
0.025442
0.02896
0.040107
0.060481
0.028232
0.035869
0.075722
0.073493
0.035276
0.121446
0.042131
0.045634
0.062478
0.039917
0.02396
0.034714
0.040309
0.095725
0.025733
0.028279
0.026318
0.033063
0.023557
0.031131
0.02272
0.033933
0.028453
0.06702
0.034936
0.028911
0.027137
0.02944
0.044246
0.028736
0.034228
0.031499
0.031686
0.041793
0.030561
0.031435
0.031959
0.024667
0.033624
0.00527
0.01645
0.018026
0.038345
0.019509
0.017757
0.024419
0.00795
0.007483
0.019479
0.030219
0.01207
0.018703
0.01297
0.016174
0.033989
0.047502
0.037409
0.00939
0.077293
0.091907
0.104633
0.039522
0.024292
0.083545
0.005657
0.006831
0.023622
0.012763
0.008072
0.022337
0.015038
0.031562
0.024326
0.014694
0.024639
0.01515
0.011974
0.00975
0.018244
0.01498
0.013917
0.012743
0.017884
0.006765
0.015432
0.012172
0.01154
0.009638
0.012178
0.010752
0.010132
0.009984
0.012022
0.018349
0.007617
0.010442
0.010409
0.009568
0.014679
0.009719
0.020721
0.009169
0.006114
0.023151
0.097267
0.021694
0.02223
0.024755
0.025522
0.081735
0.014147
0.009446
0.010017
0.009447
0.027377
0.010318
0.005175
0.007391
0.011423
0.021537
0.01378
0.012556
0.026875
0.0064
0.012992
0.018542
0.007179
0.054712
0.042573
0.024311
0.022578
0.067764
0.035998
0.026302
0.021291
0.019459
0.020124
0.073793
0.033213
0.027997
0.019176
0.026635
0.025922
0.012671
0.022207
0.026268
0.01308
0.03803
0.00754
0.007339
0.047043
0.006308
0.041744
0.026235
0.0446
0.014626
0.01369
0.071818
0.032734
0.03287
0.023583
0.037066
0.025001
0.028933
0.023818
0.025702
0.004025
0.047911
0.008967
0.012788
0.020535
0.005265
0.00899
0.012231
0.032835
0.009856
0.021615
0.00888
0.006263
0.03872
0.014869
0.010553
0.026084
0.020142
0.029921
0.101206
0.039722
0.030064
0.023101
0.022553
0.031157
0.022183
0.025652
0.029787
0.029752
0.032398
0.025978
0.053867
0.028062
0.025533
0.022362
0.031192
0.02716
0.036066
0.023634
0.026951
0.08088
0.045221
0.091816
0.061466
0.01486
0.034206
0.033027
0.06876
0.027684
0.007182
0.008111
0.011964
0.012183
0.067784
0.025303
0.022183
0.023699
0.020794
0.021463
0.035303
0.027225
0.023369
0.025928
0.028264
0.022243
0.095849