
1.50472e+09
0.01209
0.012051
0.007785
0.016267
0.012672
0.007642
0.018913
0.011835
0.018785
0.007848
0.008746
0.008304
0.015605
0.011859
0.010558
0.012908
0.007643
0.007173
0.013805
0.00813
0.007727
0.008067
0.011827
0.016512
0.006862
0.010788
0.010244
0.006921
0.00664
0.007812
0.007163
0.006409
0.006818
0.005954
0.006886
0.008809
0.006998
0.007062
0.006846
0.007511
0.006992
0.007604
0.006608
0.007134
0.007591
0.011086
0.006112
0.006768
0.006255
0.007097
0.010649
0.053328
0.067075
0.035634
0.054198
0.039669
0.056555
0.044369
0.061388
0.037549
0.057089
0.042334
0.054873
0.046123
0.072506
0.027404
0.055473
0.043682
0.078164
0.034056
0.043623
0.050101
0.05426
0.03898
0.199476
0.062747
0.042197
0.060797
0.045111
0.069126
0.073615
0.041295
0.070536
0.050127
0.058553
0.033577
0.045829
0.156313
0.061475
0.043824
0.054924
0.042293
0.137159
0.110485
0.048568
0.023228
0.064557
0.013706
0.030639
0.177832
0.025231
0.130149
0.097822
0.050982
0.110698
0.045059
0.035703
0.062168
0.146655
0.104627
0.06045
0.039434
0.103574
0.139808
0.042067
0.050623
0.038858
0.062104
0.038111
0.061001
0.038813
0.061544
0.038586
0.169905
0.042285
0.050471
0.038719
0.083501
0.108902
0.078815
0.038161
0.061474
0.09683
0.205288
0.094381
0.195264
0.10525
0.117818
0.074288
0.045434
0.169738
0.052447
0.058661
0.131902
0.043539
0.035076
0.062679
0.03802
0.074087
0.036519
0.090806
0.052651
0.033358
0.092802
0.041371
0.051527
0.038161
0.102122
0.066428
0.033766
0.064208
0.036587
0.088707
0.063438
0.035228
0.048021
0.036556
0.028903
0.059021
0.040415
0.06479
0.037871
0.160755
0.074616
0.045288
0.030518
0.034609
0.041303
0.082991
0.03819
0.039898
0.038136
0.21803
0.08846
0.108919
0.080236
0.096432
0.018534
0.150505
0.245624
0.146348
0.048991
0.046218
0.123975
0.022142
0.157044
0.052812
0.04521
0.183439
0.0425
0.042142
0.115979
0.055761
0.026884
0.084199
0.023252
0.058737
0.032862
0.078995
0.024752
0.214768
0.045918
0.025705
0.068865
0.032828
0.070907
0.029782
0.080043
0.021419
0.07859
0.019596
0.091949
0.024912
0.064825
0.017157
0.085236
0.020362
0.063295
0.031951
0.228385
0.09383
0.021675
0.015184
0.050546
0.13299
0.024747
0.0499
0.063385
0.036657
0.114805
0.029677
0.012093
0.044091
0.097786
0.066686
0.014915
0.020205
0.082031
0.049625
0.031911
0.037144
0.068822
0.052564
0.163237
0.031241
0.037409
0.126348
0.084723
0.066046
0.030518
0.034465
0.105149
0.054332
0.031391
0.031091
0.118079
0.035747
0.104648
0.051566
0.03694
0.110525
0.110266
0.10194
0.082363
0.052725
0.159516
0.09214
0.067843
0.03198
0.132494
0.06274
0.087309
0.067859
0.185491
0.080021
0.045152
0.035707
0.100697
0.044987
0.117288
0.078544
0.053952
0.029209
0.045226
0.028018
0.055988
0.038776
0.077106
0.021667
0.070269
0.030023
0.07119
0.029225
0.123478
0.102649
0.084122
0.056385
0.024932
0.06642
0.201037
0.049011
0.029242
0.066438
0.029198
0.108266
0.130552
0.04546
0.046859
0.035573
0.063799
0.036124
0.063266
0.036945
0.063718
0.036388
0.055264
0.219565
0.074407
0.046805
0.038403
0.062867
0.036747
0.064556
0.055554
0.029818
0.050232
0.10231
0.186265
0.126263
0.12123
0.087688
0.078532
0.046848
0.145459
0.055547
0.032058
0.121152
0.089456
0.029781
0.175566
0.040695
0.038587
0.063342
0.036709
0.066382
0.04113
0.054414
0.038053
0.064773
0.034964
0.110381