
0.004222
0.016132
0.009717
0.006044
0.010868
0.007438
0.004455
0.016652
0.006617
0.02042
0.006131
0.008513
0.011856
0.019038
0.019154
0.019554
0.019605
0.019808
0.006162
0.007903
0.017345
0.015977
0.0876
0.06894
0.023529
0.022354
0.00717
0.011238
0.077898
0.053605
0.010406
0.015403
0.011658
0.011739
0.056524
0.054624
0.010303
0.052208
0.004347
0.01032
0.010841
0.011295
0.010576
0.010907
0.004863
0.010815
0.01107
0.025184
0.0607
0.012138
0.011671
0.009073
0.006482
0.052217
0.056606
0.055777
0.064065
0.005457
0.005261
0.011677
0.012202
0.017305
0.011212
0.012004
0.016419
0.004632
0.012945
0.017596
0.011581
0.05134
0.01513
0.013267
0.032662
0.014739
0.011554
0.010354
0.011143
0.007573
0.049445
0.017567
0.010027
0.027322
0.011754
0.007357
0.058031
0.05719
0.018018
0.050625
0.058723
0.009227
0.024585
0.015211
0.017493
0.098991
0.010752
0.009075
0.01351
0.065635
0.022723
0.032047
0.016488
0.026547
0.018721
0.020013
0.016613
0.019689
0.029452
0.029581
0.039993
0.032279
0.032342
0.017424
0.010975
0.011317
0.009128
0.021339
0.01294
0.021015
0.010812
0.040984
0.020575
0.028216
0.026658
0.014411
0.010415
0.012626
0.071009
0.016154
0.015683
0.025265
0.012304
0.004862
0.010519
0.020575
0.012767
0.057583
0.068189
0.058262
0.060276
0.011224
0.066736
0.016005
0.07616
0.010555
0.041091
0.008797
0.01901
0.013952
0.012764
0.005993
0.050099
0.012155
0.011789
0.012639
0.017718
0.01937
0.020325
0.071246
0.056942
0.064687
0.020838
0.013676
0.023502
0.020316
0.057583
0.02043
0.011982
0.01319
0.012507
0.013122
0.00517
0.014496
0.011597
0.012514
0.0137
0.012902
0.010698
0.008324
0.019668
0.054153
0.062941
0.026898
0.01002
0.066982
0.016657
0.068855
0.065209
0.008142
0.011362
0.01278
0.015607
0.011628
0.014242
0.058891
0.018768