
146
44
54
44
44
75
44
44
54
49
48
50
61
57
45
62
57
148
57
47
57
52
19
19
148
19
144
43
49
42
42
51
36
41
108
43
31
40
50
145
44
42
145
39
81
145
145
49
20
44
42
10
200
97
149
103
35
97
44
46
44
89
169
97
401
97
437
163
110
121
119
89
155
167
149
169
83
152
262
176
128
116
25
147
35
157
173
96
55
39
31
51
48
21
21
50
47
23
18
41
52
48
42
50
56
28
41
50
23
50
28
40
29
49
42
60
7
53
49
42
50
63
58
53
21
54
51
21
43
44
15
71
27
43
13
42
27
41
45
15
64
41
50
46
49
41
42
42
8
43
11
15
98
49
48
52
39
11
43
111
12
29
478
138
236
138
167
138
176
138
78
139
143
138
288
381
433
101
164
225
139
99
290
77
480
148
78
300
140
120
256
49
64
15
15
71
49
42
15
13
67
64
78
46
114
67
114
32
37
15
80
36
32
114
64
24
82
7
7
106
63
56
7
106
24
14
37
7
24
228
61
61
61
230
24
92
82
82
104
92
82
82
104
24
51
228
100
163
84
100
34
120
120
100
144
18
50
37
37
37
84
46
37
98
18
37
37
55
37
37
37
40
18
40
41
46
40
46
18
37
98
67
175
26
191
183
26
36
108
183
67
108
363
110
26
357
183
123
110
183
110
123
89
108
175
123
190
108
89
278
111
19
22
25
63
63
25
34
21
46
50
58
94
50
121
64
121
302
94
322
170
227
87
194
152
290
287
227
133
324
72
227
94
324
171
279
259
94
85
79
76
49
75
76
36
49
9
31
76
49
6
19
76
500
85
45
85
44
85
243
44
93
37
67
35
63
43
63
35
37
42
22
37
35
26
59
45
56
41
12
25
25
27
44
62
47
27
23
33
46
17
21
15
17
65
21
62
13
62
86
47
35
63
59
63
55
48
33
69
18
19
66
19
48
246
59
60
32
48
232
55
200
187
160
89
402
248
334
107
107
239
80
47
232
69
191
47
500
163
232
369
232
69
47
69
232
260
68
135
185
111
238
163
239
37
194
193
113
270
171
244
119
377
144
169
169
196
161
37
97
97
196
239
79
169
113
196
98
193
45
256
117
239
245
77
29
58
102
86
94
129
80
93
65
80
58
13
39
29
17
61
43
81
29
94
36
105
19
93
67
157
59
277
116
208
397
116
116
161
298
157
139
248
139
139
20
157
135
123
8
258
307
164
142
285
125
169
148
307
125
162
7
7
127
198
167
307
7
154
49
302