
0.021421
0.001797
0.002296
0.002215
0.0019
0.002252
0.003949
0.002298
0.002193
0.00193
0.00258
0.005295
0.002443
0.00481
0.002077
0.005126
0.002079
0.002386
0.002254
0.001789
0.003989
0.002215
0.00212
0.00385
0.004833
0.00188
0.001963
0.002247
0.002351
0.00246
0.002175
0.002322
0.004506
0.001828
0.004511
0.00202
0.00398
0.003605
0.00185
0.001856
0.002312
0.002071
0.00192
0.001843
0.002006
0.002003
0.00255
0.002021
0.001972
0.00213
0.002246
0.002008
0.002497
0.001945
0.002196
0.002376
0.00163
0.002277
0.002033
0.002019
0.001947
0.002725
0.001679
0.002102
0.008803
0.007937
0.007916
0.003797
0.00514
0.00494
0.004643
0.004422
0.004563
0.005027
0.00417
0.002537
0.003524
0.003295
0.003168
0.002861
0.003988
0.00568
0.005906
0.004185
0.004302
0.00288
0.007873
0.005046
0.002718
0.002004
0.008138
0.003163
0.00255
0.002198
0.028319
0.002163
0.001445
0.001452
0.002194
0.002182
0.001548
0.001427
0.002208
0.001445
0.001426
0.003994
0.00152
0.002343
0.001431
0.001974
0.001583
0.003953
0.001684
0.00516
0.002222
0.002147
0.003945
0.001578
0.001552
0.001803
0.001794
0.001958
0.001577
0.004866
0.002313
0.001856
0.00235
0.001613
0.001474
0.00159
0.00117
0.002239
0.001298
0.001853
0.001724
0.002028
0.001335
0.018435
0.002226
0.002211
0.001336
0.002043
0.001168
0.002889
0.001179
0.001051
0.001838
0.002265
0.005249
0.001513
0.002065
0.002057
0.001155
0.001493
0.002028
0.002218
0.001845
0.002473
0.002184
0.002338
0.001865
0.002242
0.006702
0.006113
0.004065
0.002595
0.003073
0.003133
0.003067
0.007086
0.003402
0.001795
0.001974
0.001302
0.001777
0.002393
0.002261
0.001235
0.0032
0.00113
0.029436
0.001145
0.001162
0.001195
0.001219
0.002646
0.001834
0.016526
0.002044
0.006961
0.00381
0.00223
0.002053
0.002026
0.003372
0.004197
0.002586
0.002307
0.002296
0.001924
0.002796
0.017725
0.001272
0.000997
0.002437
0.001557
0.002341
0.002268
0.002201
0.001102
0.002426
0.00229
0.001906
0.002401
0.002679
0.001287
0.002644
0.001358
0.002128
0.002337
0.002194
0.002141
0.003289
0.001371
0.001869
0.001339
0.017609
0.002341
0.002216
0.002184
0.00232
0.002182
0.001446
0.001023
0.002202
0.002287
0.001056
0.002129
0.001654
0.00439
0.001155
0.002011
0.002191
0.003801
0.001374
0.002417
0.002505
0.00163
0.00243
0.002794
0.002873
0.002998
0.000963
0.002467
0.00211
0.002515
0.001486
0.004096
0.004196
0.003322
0.003302
0.020969
0.002597
0.002283
0.002357
0.001103
0.002217
0.001455
0.001053
0.00212
0.001354
0.000933
0.004897
0.002714
0.013332
0.005052
0.002485
0.002325
0.002445
0.001047
0.001838
0.002165
0.003962
0.002298
0.001319
0.002118
0.00198
0.001412
0.02158
0.00127
0.002578
0.001508
0.002336
0.00225
0.001523
0.001428
0.001472
0.0016
0.000954
0.002175
0.002149
0.001538
0.001043
0.003407
0.003788
0.001106
0.002569
0.006321
0.008642
0.001673
0.00236
0.003359
0.002643
0.002581
0.002086
0.002381
0.001852
0.000996
0.001591
0.001966
0.001796
0.00242
0.000921
0.00191
0.001418
0.019306
0.004973
0.001815
0.003389
0.002624
0.004015
0.001868
0.003171
0.001721
0.001677
0.003577
0.002055
0.002185
0.003802
0.004379
0.004762
0.002393
0.002548
0.003385
0.001804
0.001966
0.003809
0.002669
0.00512
0.002466
0.001644
0.006695
0.006083
0.005569
0.010177
0.017826
0.002484
0.002383
0.000999
0.001052
0.001671
0.002299
0.00232
0.000934
0.001018
0.001655
0.002057
0.003342
0.001792
0.002507
0.004891
0.002568
0.002416
0.003392
0.002823
0.002484
0.001746
0.001944
0.001812
0.001332
0.004225
0.0052
0.002825
0.006079
0.001883
0.004236
0.003499
0.002606
0.002216
0.002198
0.001693
0.002408
0.003144
0.002994
0.024848
0.00183
0.002849
0.001204
0.000918
0.001988
0.002608
0.001823
0.000913
0.002006
0.001408
0.003749
0.00262
0.009816
0.007444
0.00799
0.006119
0.003014
0.004857
0.00679
0.003451
0.003598
0.004253
0.012979
0.018675
0.001633
0.001825
0.001666
0.001766
0.001541
0.00137
0.008759
0.005455
0.004785
0.002523
0.002894
0.008599
0.001802
0.001793
0.001279
0.007764
0.002523
0.001997
0.002622
0.023557
0.001922
0.003262
0.001905
0.002877
0.003113
0.00195
0.002032
0.003112
0.002642
0.001819
0.003647
0.002586
0.002587
0.001698
0.005071
0.001628
0.007904
0.005153
0.003804
0.002637
0.003131
0.001917
0.004257
0.003189
0.002467
0.004238
0.001649
0.00341
0.004216
0.003331
0.003565
0.002386
0.00298
0.0021
0.003216
0.001619
0.002357
0.001306
0.004252
0.002528
0.002855
0.003029
0.020548
0.001051
0.001101
0.001222
0.004008
0.005463
0.002391
0.001921
0.00099
0.006689
0.005078
0.004115
0.003314
0.005356
0.003579
0.002987
0.003085
0.003739
0.007762
0.002265
0.004226
0.003197
0.002951
0.00639
0.003345
0.032442
0.001674
0.001355
0.000963
0.002247
0.00223
0.001048
0.001114
0.001313
0.001594
0.001667
0.004087
0.004362
0.017734
0.00153
0.001751
0.002206
0.002155
0.002292
0.017999
0.001653
0.004204
0.003577
0.002691
0.007091
0.002563
0.003254
0.004027
0.004112
0.004084
0.01067
0.004572
0.001701
0.003558
0.003672
0.010115
0.004775
0.005249
0.011592
0.002275
0.032358
0.002871
0.001569
0.002363
0.002201
0.002509
0.002245
0.002237
0.001268
0.001382
0.003989
0.00245
0.003162
0.003413
0.00239
0.00082
0.001627
0.001405
0.016797
0.010159
0.006561
0.001852
0.001437
0.001567
0.003079
0.001693
0.003445
0.00159
0.001671
0.018222
0.002621
0.002218
0.00228
0.002258
0.00235
0.002166
0.002173
0.001304
0.001882
0.005349
0.003562
0.001771
0.001454
0.003003
0.002901
0.003212
0.001986
0.002358
0.002414
0.006015
0.007027
0.00795
0.003106
0.003182
0.002535
0.005636
0.004074
0.012304
0.002611
0.017078
0.002537
0.001552
0.002227
0.001199
0.001256
0.001412
0.002144
0.001317
0.001213
0.000942
0.002698
0.002086
0.011748
0.005273
0.001896
0.001318
0.001553
0.001844
0.002881
0.001057
0.001368
0.001607
0.01321
0.009702
0.004302
0.005526
0.002542
0.00122
0.018367
0.002009
0.001596
0.001506
0.001576
0.002222
0.001386
0.001312
0.001272
0.015306
0.005054
0.004738
0.002299
0.003544
0.001353
0.001516
0.002337
0.003189
0.003033
0.001514
0.004377
0.002393
0.021758
0.001295
0.001561
0.003686
0.001889
0.00128
0.003364
0.00186
0.003118
0.001459
0.012561
0.007833
0.004209
0.005456
0.005382
0.003493
0.00172
0.003975
0.005836
0.014099
0.003204
0.009309
0.003763
0.002122
0.009947
0.006052
0.026096
0.00113
0.00488
0.004501
0.011633
0.00455
0.003809
0.002499
0.001081
0.003166
0.002394
0.00416
0.003746
0.001831
0.0029
0.002706
0.002227
0.001832
0.003398
0.003866
0.001312
0.004241
0.00201
0.00341
0.003514
0.025156
0.002666
0.001249
0.00227
0.002638
0.002532
0.002478
0.002713
0.002462
0.0025
0.002359
0.002251
0.002491
0.002868
0.002799
0.002396
0.001154
0.002147
0.002173
0.001171
0.001261
0.004249
0.001276
0.0023
0.002264
0.003386
0.003116
0.002772
0.00284
0.002317
0.006844
0.005478
0.003013
0.003223
0.023939
0.000964
0.008098
0.002701
0.005313
0.015118
0.002332
0.004287
0.009711
0.002488
0.00274
0.002481
0.002685
0.004635
0.003246
0.023709
0.001016
0.003792
0.002084
0.00231
0.000939
0.001066
0.002978
0.003019
0.002201
0.00404
0.001035
0.00207
0.002101
0.00602