
146
143
74
496
383
268
127
237
74
88
144
94
70
173
166
478
120
166
405
94
200
97
149
103
110
97
401
165
407
89
262
176
128
116
108
147
393
157
173
96
88
178
173
90
131
270
389
163
97
146
193
186
179
302
137
263
381
160
130
138
317
192
159
281
157
263
159
110
127
131
341
188
167
78
154
143
381
97
139
139
242
197
73
73
280
262
159
73
114
130
64
252
65
65
106
150
112
65
106
64
64
219
82
82
104
221
82
82
104
64
57
107
126
364
177
212
135
175
98
57
67
175
118
191
183
115
124
108
183
67
80
137
117
204
203
114
122
103
269
110
104
152
123
210
210
121
129
104
264
8
234
79
334
294
75
333
75
272
65
89
37
67
243
500
135
212
150
37
54
85
152
62
321
143
156
66
93
237
88
77
211
59
179
165
175
66
69
242
337
66
232
47
200
187
160
89
402
248
334
107
239
37
194
193
113
270
171
244
119
377
126
29
99
246
205
252
269
106
173
392
105
19
93
67
157
59
277
116
208
397
123
8
258
307
164
142
285
125
169
148