
2.69023
2.68909
2.68784
2.6481
2.65187
2.65187
2.70004
2.69362
2.69362
2.69573
2.69362
2.64382
2.64382
2.68909
2.68129
2.6504
2.5941
2.62327
2.58753
2.50254
2.42292
2.37369
2.32824
2.25707
2.2457
2.15772
2.14387
2.0439
2.04039
1.99592
1.91172
1.89097
1.76814
1.73559
1.68018
1.64073
1.59196
1.50472
1.44994
1.37966
1.31366
1.23502
1.11171
1.10818
2.12462
2.11971
2.12992
2.12606
2.08475
2.02618
1.94402
1.90143
1.93576
1.81851
1.77344
1.7976
1.80104
2.37894
2.38552
2.21734
2.22326
2.15682
1.96004
1.91871
1.78504
1.67594
1.61867
1.45432
1.44395
1.29561
1.15935
0.955215
0.862515
0.715235
0.657022
0.544351
0.62213
0.568203
0.607618
0.607618
0.607699
0.607699
0.630398
0.630398
0.607699
0.607699
0.607779
0.643173
0.643295
0.650385
0.650425
0.641206
0.650343
0.650384
0.650182
0.688659
0.717451
0.689083
0.625625