
0.004494
0.00699
0.005984
0.009289
0.006083
0.00561
0.006514
0.007226
0.005948
0.005887
0.007133
0.005275
0.006579
0.005863
0.010626
0.013107
0.010382
0.006428
0.0055
0.00455
0.009847
0.008355
0.0063
0.004868
0.008499
0.007109
0.006982
0.005669
0.004603
0.01757
0.00504
0.00959
0.01426
0.004765
0.005033
0.007375
0.010013
0.00581
0.005132
0.00494
0.010073
0.005248
0.005713
0.009384
0.007062
0.006171
0.004991
0.005608
0.004782
0.005885
0.005118
0.006887
0.00603
0.005416
0.007283
0.006138
0.005092
0.007375
0.011993
0.00486
0.005943
0.007123
0.006092
0.012124
0.011193
0.0057
0.007157
0.006197
0.007411
0.006052
0.006047
0.004437
0.006111
0.005946
0.005244
0.004179
0.016447
0.007173
0.004546
0.00652
0.008782
0.005339
0.008606
0.004311
0.006156
0.014176
0.01417
0.009001
0.00407
0.005671
0.006868
0.011076
0.009966
0.006299
0.011729
0.007479
0.007652
0.005893
0.005404
0.006117
0.004787
0.010534
0.006032
0.004899
0.005941
0.010429
0.006507
0.005574
0.00458
0.010851
0.008381
0.005593
0.010507
0.008356
0.004267
0.006139
0.006603
0.017314
0.003639
0.007544
0.007652
0.004402
0.007974
0.005852
0.008996
0.013256
0.004918
0.009579
0.008546
0.004121
0.006939
0.010742
0.011279
0.005401
0.016141
0.004612
0.007478
0.00623
0.004495
0.004771
0.007721
0.006515
0.005513
0.004538
0.005552
0.0046
0.006027
0.00556
0.005749
0.012122
0.006913
0.005276
0.006871
0.004733
0.012549
0.004639
0.008294
0.003748
0.008506
0.003505
0.0076
0.003735
0.010391
0.006432
0.005776
0.010674
0.009395
0.005871
0.004608
0.007408
0.005492
0.004948
0.004883
0.005911
0.006773
0.006778
0.005343
0.004075
0.004713
0.00838
0.004792
0.011854
0.01628
0.006168
0.00481
0.005198
0.007252
0.007713
0.006639
0.005185
0.006611
0.005831
0.006384
0.004686
0.004983
0.005329
0.0047
0.006602
0.005965
0.008032
0.005197
0.004572
0.008358
0.011703
0.008354
0.007484
0.007841
0.005945
0.007065
0.009828
0.0058
0.004287
0.006593
0.006286
0.005702
0.007766
0.013349
0.004202
0.006546
0.007628
0.005948
0.008887
0.004631
0.011922
0.006706
0.007415
0.004942
0.004787
0.014611
0.005334
0.008584
0.008188
0.00463
0.005795
0.005461
0.004571
0.005586
0.004907
0.007657
0.005273
0.008204
0.00574
0.005503
0.004744
0.005695
0.005957
0.006533
0.004772
0.005717
0.008635
0.006463
0.008871
0.005043
0.006289
0.00859
0.008671
0.006754
0.007007
0.006418
0.005468
0.005911
0.007182
0.006935
0.007773
0.005589
0.004562
0.013142
0.00682
0.005317
0.01334
0.009644
0.011734
0.004586
0.015727
0.005552
0.007397
0.005364
0.009849
0.015759
0.004982
0.009336
0.004307
0.010498
0.004568
0.007399
0.004847
0.006929
0.006526
0.012836
0.008283
0.013834
0.009778
0.003963
0.007022
0.009519
0.013049
0.009064
0.005177
0.003747
0.003858
0.011245
0.014894
0.009023
0.009943
0.005689
0.006451
0.00927
0.012427
0.0065
0.008029
0.004932
0.013098
0.00464
0.004739
0.013097
0.004673
0.012324
0.009326
0.005712
0.004599
0.004725
0.010476
0.004329
0.008984
0.010545
0.005105
0.004818
0.013566
0.004727
0.00557
0.00817
0.014647
0.011033
0.004448
0.011488
0.012538
0.009784
0.003187
0.009735
0.004456
0.0059
0.005509
0.004836
0.00493
0.017192
0.004959
0.004554
0.008995
0.005915
0.005513
0.013487
0.008104
0.005327
0.005818
0.004079
0.005556
0.004932
0.005164
0.004954
0.011331
0.004629
0.006806
0.014585
0.011381
0.004314
0.004674
0.012461
0.017292
0.005408
0.013463
0.002906
0.010653
0.014571
0.011787
0.002806
0.014869
0.012393
0.004733
0.012722
0.005069
0.007194
0.007433
0.004004
0.013367
0.017937
0.005995
0.006205
0.005072
0.011959
0.010262
0.002703
0.007515
0.005904
0.005038
0.005708
0.005649
0.007793
0.00788
0.002054
0.004929
0.00458
0.005143
0.005153
0.005314
0.005258
0.011901
0.004916
0.009051
0.008608
0.005801
0.005258
0.00494
0.005359
0.002687
0.005284
0.005233
0.0048