
0.000905
0.00087
0.000881
0.000858
0.000874
0.000825
0.000969
0.000871
0.001005
0.001018
0.000916
0.000885
0.000833
0.000815
0.001023
0.001024
0.001032
0.000928
0.001065
0.000907
0.000851
0.000913
0.000875
0.000972
0.001156
0.00092
0.000877
0.000842
0.000876
0.001022
0.000776
0.001118
0.001028
0.000938
0.000933
0.000917
0.000847
0.00097
0.001023
0.000947
0.001029
0.000931
0.000948
0.00088
0.000855
0.001265
0.001066
0.001139
0.000874
0.000864
0.000915
0.00091
0.001032
0.000877
0.001095
0.000924
0.001148
0.001113
0.001142
0.00097
0.001053
0.001024
0.001044
0.000881
0.001154
0.001102
0.001001
0.000958
0.001056
0.000833
0.000975
0.000898
0.000941
0.000985
0.001123
0.001064
0.000999
0.001621
0.000813
0.000893
0.001111
0.000916
0.001079
0.000946
0.001042
0.000976
0.001073
0.000911
0.000986
0.001064
0.001222
0.001107
0.001046
0.001176
0.001111
0.000983
0.001018
0.001186
0.000961
0.000974
0.001019
0.000987
0.001129
0.000904
0.000976
0.000937
0.000837
0.000807
0.00099
0.000927
0.001027
0.001017
0.000977
0.000999
0.001017
0.001221
0.000859
0.001051
0.000944
0.004133
0.00095
0.001123
0.001106
0.001057
0.000951
0.001068
0.00097
0.00091
0.000838
0.001213
0.000818
0.000983
0.000956
0.000888
0.000965
0.000915
0.00105
0.001079
0.000799
0.000968
0.000854
0.000982
0.001145
0.000739
0.000951
0.000844
0.000813
0.00088
0.000877
0.000891
0.000957
0.000905
0.000967
0.001016
0.001022
0.001008
0.001026
0.000902
0.001068
0.001063
0.000943
0.000997
0.00117
0.001072
0.000929
0.000991
0.001316
0.000971
0.00091
0.000853
0.000952
0.000985
0.001014
0.001034
0.000838
0.001
0.000832
0.001075
0.000809
0.000862
0.000964
0.001036
0.001246
0.000962
0.001091
0.000984
0.00093
0.000917
0.000909
0.00082
0.001091
0.001066
0.001073
0.000917
0.000916
0.000905
0.001154
0.000887
0.000842
0.001083
0.000922
0.001097
0.000907
0.001025
0.000828
0.001167
0.000984
0.00092
0.00071
0.001096
0.000916
0.001109
0.000856
0.001149
0.000932
0.001098
0.001002
0.001001
0.001034
0.000915
0.001043
0.000963
0.000786
0.001212
0.000996
0.000927
0.001046
0.000849
0.001076
0.001188
0.00161
0.000972
0.001067
0.001038
0.001316
0.001
0.001228
0.001055
0.00091
0.001119
0.001067
0.000937
0.000911
0.001027
0.000879
0.000933
0.000886
0.000915
0.000874
0.001035
0.000941
0.000929
0.000854
0.000949
0.000941
0.000964
0.000822
0.001007
0.000802
0.00102
0.000883
0.001125
0.000997
0.001134
0.00116
0.001145
0.001184
0.000736
0.00097
0.001106
0.001422
0.001028
0.000867
0.001016
0.000972
0.000899
0.0011
0.000971
0.001217
0.000977
0.001108
0.000928
0.001013
0.001092
0.001098
0.001057
0.000987
0.001011
0.000931
0.001034
0.001061
0.000991
0.000964
0.001011
0.000938
0.001088
0.001004
0.000861
0.000851
0.000998
0.000818
0.001173
0.000908
0.00102
0.000996
0.00112
0.000893
0.001024
0.001943
0.000831
0.001107
0.000922
0.001045
0.001014
0.001116
0.000844
0.001025
0.000848
0.001177
0.000886
0.001102
0.000868
0.000863
0.000855
0.001004
0.000874
0.001117
0.000969
0.000975
0.000969
0.001068
0.001013
0.000911
0.000897
0.001164
0.000892
0.000968
0.000952
0.000966
0.00084
0.001124
0.000954
0.00102
0.000896
0.001263
0.000945
0.001053
0.001172
0.001308
0.000852
0.001215
0.000946
0.00095
0.001033
0.001035
0.000914
0.001094
0.000967
0.000875
0.001135
0.001085
0.00088
0.001112
0.000892
0.000816
0.000869
0.001078
0.001034
0.000865
0.000932
0.000968
0.001023
0.001018
0.001069
0.000893
0.001174
0.001098
0.000864
0.000862
0.001057
0.000927
0.001131
0.000877
0.000842
0.001201
0.000879
0.00097
0.001049
0.001263
0.00119
0.0011
0.001141
0.001114
0.001053
0.001063
0.001047
0.000882
0.001102
0.000804
0.000863
0.000857
0.001086
0.00102
0.000837
0.000867
0.001112
0.000934
0.000881
0.000922
0.00136
0.000833
0.000941
0.000964
0.001113
0.001007
0.001048
0.001093