
0.0282843
0.0282843
0.060498
0.093498
0.095537
0.0833402
0.0840147
0.0840147
0.117015
0.117015
0.0021277
0.00464271
0.0167437
0.00438737
0.0286804
0.00299697
0.0036466
0.0036466
0.00619419
0.00557845
0.0316342
0.0173058
0.0488068
0.029729
0.178886
0.163937
0.155829
0.176299
0.168205
0.172697
0.172697
0.377451
0.368424
0.368424
0.396688
0.020186
0.020186
0.0299952
0.0184931
0.0283279
0.0283279
0.0378282
0.0264745
0.036337
0.036337
0.0148072
0.0261769
0.0139986
0.0220505
0.243865
0.243865
0.247309
0.257239
0.257558
0.284102
0.274752
0.278651
0.298995
0.018696
0.209723
0.18997
0.204384
0.191893
0.199099
0.199099
0.216653
0.206497
0.204085
0.204085
0.217468
0.204384
0.224377
0.217403
0.231583
0.224148
0.223339
0.223339
0.00519151
0.000597085
0.000597085
0.00712717
0.0268061
0.0237742
0.023623
0.023623
0.0235472
0.0235852
0.0236233
0.0236612
0.0236612
0.0236612
0.0236234
0.0236234
0.023811
0.0238107
0.0238107
0.0237392
0.0237036
0.023706
0.0220903
0.0220768
0.276187
0.271084
0.0329061
0.0329061
0.0436871
0.0331756
0.0544515
0.0261666
0.0356773
0.0548609
0.0371978
0.0652364
0.0753235
0.0123057
0.0271157
0.0418005
0.0350758
0.0246742
0.0395128
0.0303693
0.0361568
0.0338154
0.0417355
0.0120077
0.0311215
0.0408759
0.0220941
0.0308449
0.0311027
0.238006
0.235108
0.223163
0.232219
0.0659851
0.00895572
0.00768167
0.0234207
0.016706
0.00641957
0.0157553
0.0315294
0.0294446
0.0273518
0.049437
0.0295553
0.0163433
0.0212094
0.0145559
0.0259544
0.016213
0.00813599
0.012064
0.0214793
0.0161117
0.0203221
0.0324894
0.0126711
0.0367367
0.0064536
0.0288927
0.00765452
0.0332093
0.00671414
0.025281
0.0112738
0.0295912
0.0111429
0.0205168
0.0412292
0.0493495