
5e-06
1e-06
1e-06
1e-06
1e-06
1e-06
1e-06
1e-06
2e-06
1e-06
1e-06
0
1e-06
1e-06
1e-06
1e-06
2e-06
1e-06
1e-06
1e-06
1e-06
1e-06
1e-06
1e-06
1e-06
1e-06
1e-06
1e-06
1e-06
1e-06
1e-06
1e-06
3e-06
1e-06
1e-06
1e-06
1e-06
1e-06
1e-06
1e-06
1e-06
1e-06
1e-06
1e-06
1e-06
0
1e-06
1e-06
1e-06
1e-06
0
1e-06
1e-06
1e-06
1e-06
1e-06
2e-06
1e-06
1e-06
1e-06
1e-06
1e-06
2e-06
1e-06
2e-06
1e-06
2e-06
1e-06
1e-06
1e-06
1e-06
1e-06
1e-06
1e-06
1e-06
0.020586
0.016536
0.02075
0.017081
0.017288
0.055774
0.020369
0.019353
0.020838
0.020832
0.015988
0.019205
0.019497
0.020758
0.019429
0.020133
0.019362
0.020831
0.01847
0.018421
0.019775
0.020088
0.020383
0.018236
2e-06
1e-06
1e-06
1e-06
2e-06
1e-06
2e-06
2e-06
1e-06
2e-06
1e-06
2e-06
1e-06
1e-06
1e-06
2e-06
0.017999
1e-06
1e-06
1e-06
0.018294
0.018175
0.017499
0.056974
0.018169
0.017869
1e-06
1e-06
1e-06
6e-05
2e-06
1e-06
1e-06
2e-06
1e-06
2e-06
1e-06
1e-06
0.047764
1e-06
0.012124
0.011862
1e-06
0.050578
2e-06
1e-06
1e-06
1e-06
2e-06
1e-06
2e-06
1e-06
2e-06
1e-06
1e-06
1e-06
1e-06
2e-06
1e-06
1e-06
0.017786
0.017954
0.017402
0.016751
0.016878
0.016744
0.017432
0.018869
0.02002
0.019432
0.019406
0.019144
0.019176
0.017196
1e-06
1e-06
1e-06
1e-06
1e-06
2e-06
1e-06
2e-06
2e-06
1e-06
1e-06
1e-06
1e-06
0.013988
0.014083
1e-06
1e-06
0.050575
0.050627
0.050525
0.013733
0.013402
0.011928
0.049756
0.012564
1e-06
1e-06
1e-06
1e-06
1e-06
2e-06
1e-06
2e-06
2e-06
1e-06
1e-06
2e-06
1e-06
1e-06
1e-06
1e-06
1e-06
1e-06
1e-06
2e-06
1e-06
2e-06
2e-06
1e-06
0.019874
0.056189
0.018186
0.017398
0.017392
0.016977
0.016857
0.053453
0.016253
0.016099
0.016615
0.015463
0.053905
0.015771
0.055422
0.014378
0.014167
0.052933
0.05902
1e-06
2e-06
1e-06
2e-06
1e-06
2e-06
1e-06
2e-06
1e-06
2e-06
1e-06
1e-06
1e-06
2e-06
2e-06
4.7e-05
1e-06
1e-06
1e-06
1e-06
1e-06
2e-06
0.057125
0.054547
0.056678
0.05046
1e-06
1e-06
0.017605
0.050783
0.015438
0.017171
0.016368
0.017566
0.018141
0.057089
0.020727
0.022008
0.018839
0.017028
0.016625
0.016684
0.055383
0.056661
0.016965
0.016364
0.016262
1e-06
1e-06
1e-06
2e-06
1e-06
2e-06
1e-06
1e-06
1e-06
1e-06
1e-06
1e-06
1e-06
2e-06
1e-06
1e-06
1e-06
1e-06
1e-06
1e-06
1e-06
1e-06
2e-06
1e-06
1e-06
1e-06
1e-06
1e-06
1e-06
1e-06
2e-06
1e-06
1e-06
1e-06
1e-06
1e-06
1e-06
1e-06
1e-06
1e-06
1e-06
1e-06
1e-06
1e-06
2e-06
1e-06
1e-06
1e-06
2e-06
2e-06
1e-06
1e-06
1e-06
1e-06
1e-06
1e-06
2e-06
1e-06
1e-06
0.016043
0.050803
0.018274
0.015568
0.018375
0.018542
0.058296
0.057928
0.018095
0.055648
0.018962
0.017795
0.058633
0.061865
0.020725
0.061518
0.024223
0.023273
0.020871
0.020877
0.023443
0.024343
0.021044
0.029744
0.0317
0.029344
0.067273
0.032437
0.032217
0.059844
0.023656
0.021034
0.057958
0.018388
0.01964
0.020003
0.017135
0.054442
0.014308
0.01263
0.050733
0.050281
0.050773
0.050622
0.050309
0.050661
0.05065
0.050781
0.051128
0.01348
0.051658
0.01627
0.015494
0.01484
0.050705
0.014426
0.013821
0.013516
0.012723
0.012495
0.012479
0.013375
0.013037
0.012753
0.012547
0.012325
0.012992
0.01422
0.051458
0.013589