
0.006607
0.009863
0.008365
0.012015
0.008617
0.007819
0.008791
0.009973
0.008339
0.007962
0.010119
0.007445
0.008938
0.008309
0.013575
0.018592
0.013396
0.00934
0.007703
0.00673
0.011998
0.011411
0.008751
0.007065
0.011093
0.009717
0.008525
0.008267
0.006863
0.023435
0.007068
0.014299
0.018281
0.007072
0.007484
0.010191
0.01321
0.008161
0.007643
0.007281
0.015628
0.007285
0.008374
0.012444
0.008723
0.008668
0.007364
0.007882
0.007001
0.008494
0.00759
0.009384
0.008355
0.008
0.009741
0.008513
0.007311
0.008992
0.015219
0.007464
0.008365
0.009088
0.008806
0.015327
0.015748
0.008156
0.009916
0.008761
0.009308
0.008189
0.007803
0.006898
0.008543
0.008381
0.007407
0.029258
0.046629
0.033339
0.026249
0.030377
0.071675
0.033484
0.035555
0.02943
0.032766
0.036102
0.039409
0.032064
0.027272
0.027806
0.029983
0.034439
0.036204
0.027623
0.034361
0.030669
0.030932
0.028857
0.025747
0.011252
0.007439
0.014452
0.008828
0.007512
0.008779
0.014465
0.013639
0.011369
0.010129
0.013742
0.014924
0.011117
0.015968
0.013965
0.008837
0.026915
0.009706
0.02698
0.008636
0.028432
0.02878
0.024504
0.068148
0.026605
0.030538
0.019443
0.007747
0.01324
0.021122
0.008422
0.015619
0.022773
0.024795
0.010671
0.024151
0.009365
0.015918
0.056578
0.006545
0.0203
0.021948
0.009063
0.058554
0.006626
0.00791
0.006653
0.00821
0.007952
0.008094
0.016035
0.010061
0.007671
0.00949
0.007045
0.018671
0.011456
0.019487
0.008293
0.015654
0.024854
0.031391
0.025567
0.036823
0.032125
0.02805
0.037255
0.034992
0.033012
0.030695
0.029834
0.027447
0.026751
0.024363
0.008812
0.009276
0.009382
0.007823
0.008916
0.006855
0.010606
0.006509
0.016272
0.022163
0.008734
0.006854
0.009343
0.024908
0.024858
0.009224
0.007219
0.059537
0.058186
0.059535
0.020439
0.020674
0.019615
0.056706
0.021171
0.008
0.010726
0.007562
0.00678
0.011157
0.015892
0.011372
0.010188
0.010853
0.008397
0.009564
0.013008
0.00788
0.005749
0.009432
0.008709
0.008162
0.010596
0.018023
0.005606
0.009252
0.010023
0.00893
0.012105
0.027129
0.072342
0.027867
0.027848
0.02499
0.023945
0.036935
0.06134
0.028185
0.02828
0.023623
0.024125
0.061186
0.022936
0.06385
0.02118
0.024932
0.060562
0.073333
0.01201
0.011415
0.010058
0.008492
0.01246
0.013258
0.010785
0.008635
0.011996
0.012406
0.012242
0.007781
0.012212
0.012068
0.012016
0.01036
0.009617
0.009058
0.007944
0.008852
0.00983
0.009983
0.068116
0.062585
0.06371
0.067979
0.009484
0.007857
0.039189
0.063604
0.031137
0.023886
0.037803
0.025681
0.028808
0.06488
0.034075
0.044722
0.026305
0.029771
0.023017
0.032055
0.06236
0.067037
0.023946
0.026294
0.025862
0.017172
0.011175
0.020964
0.015147
0.005428
0.009566
0.01262
0.017556
0.014763
0.009198
0.005758
0.005368
0.01487
0.01912
0.014634
0.013232
0.008362
0.009533
0.012562
0.016391
0.012606
0.015035
0.00989
0.021911
0.00992
0.009708
0.02185
0.011065
0.020551
0.020217
0.010949
0.009776
0.009923
0.018705
0.009322
0.016752
0.018864
0.010483
0.009985
0.021838
0.010528
0.012606
0.017664
0.023766
0.019841
0.009602
0.019428
0.019874
0.018117
0.006987
0.018272
0.009214
0.011047
0.00976
0.009578
0.009626
0.030397
0.009271
0.009109
0.029565
0.059593
0.029981
0.037106
0.03618
0.030219
0.070453
0.06418
0.026174
0.066328
0.026602
0.027747
0.079324
0.07202
0.030298
0.080726
0.039473
0.030146
0.02802
0.03748
0.047594
0.032559
0.038879
0.035951
0.048978
0.051618
0.086705
0.038471
0.058384
0.080637
0.034481
0.043549
0.069151
0.034694
0.034983
0.02897
0.039586
0.086395
0.023162
0.02159
0.0579
0.066577
0.066209
0.054277
0.061596
0.058758
0.058147
0.059445
0.058938
0.023976
0.062512
0.020512
0.022911
0.021465
0.058438
0.022272
0.020919
0.021084
0.028155
0.019846
0.024831
0.025772
0.021453
0.020859
0.01971
0.020533
0.016623
0.02117
0.059633
0.020816