
1.51128e+09
0.007925
0.011214
0.009744
0.013396
0.009953
0.009104
0.010069
0.011276
0.009688
0.009241
0.011436
0.008772
0.010228
0.009648
0.015067
0.020183
0.014968
0.011206
0.00923
0.008188
0.013475
0.012974
0.010362
0.0086
0.012608
0.011162
0.009969
0.009696
0.008174
0.024853
0.008463
0.015808
0.019709
0.008483
0.008874
0.011389
0.014532
0.009473
0.008957
0.008611
0.017026
0.008625
0.009714
0.013981
0.010156
0.010138
0.008812
0.009265
0.008403
0.009877
0.010509
0.051166
0.056273
0.043394
0.05392
0.046221
0.053943
0.045847
0.056677
0.043364
0.056374
0.043533
0.053866
0.046171
0.057204
0.042795
0.056314
0.043645
0.053641
0.046429
0.056115
0.043985
0.053315
0.046512
0.196127
0.046524
0.110908
0.050779
0.050534
0.037673
0.094985
0.039619
0.049726
0.03524
0.13943
0.056984
0.060856
0.036883
0.092741
0.032515
0.052049
0.039249
0.05706
0.032038
0.056035
0.035375
0.056391
0.033267
0.066205
0.032995
0.066212
0.035541
0.066873
0.031856
0.197994
0.041937
0.08184
0.018283
0.087591
0.040067
0.022601
0.030142
0.193972
0.030282
0.056726
0.032533
0.067573
0.033723
0.067754
0.03472
0.063878
0.033645
0.091386
0.048573
0.035931
0.024905
0.179335
0.074966
0.035695
0.012652
0.093634
0.07194
0.029157
0.021411
0.02938
0.0501
0.164446
0.105359
0.009551
0.051516
0.043326
0.095581
0.068033
0.043859
0.096026
0.00965
0.090341
0.010998
0.049422
0.043391
0.06021
0.040034
0.066473
0.033414
0.195767
0.037215
0.050461
0.030279
0.067016
0.032981
0.067516
0.032294
0.067035
0.037641
0.063541
0.043043
0.049997
0.039437
0.205472
0.051942
0.03316
0.067189
0.032667
0.057589
0.042468
0.05795
0.041957
0.095858
0.01017
0.089901
0.00993
0.172587
0.033645
0.049701
0.042239
0.05711
0.042798
0.09586
0.012299
0.087701
0.10788
0.108156
0.07092
0.049037
0.042841
0.097695
0.143417
0.031367
0.043334
0.057655
0.042424
0.057599
0.042406
0.097595
0.015955
0.083791
0.014523
0.046658
0.041444
0.058195
0.042316
0.058502
0.041016
0.058131
0.041876
0.054769
0.045306
0.179556
0.067588
0.03246
0.013542
0.067634
0.032377
0.094357
0.031836
0.087475
0.044199
0.027768
0.040733
0.080268
0.046712
0.03198
0.027177
0.053847
0.064881
0.041023
0.081444
0.024547
0.028394
0.201938
0.094191
0.05021
0.034217
0.10692
0.013563
0.045413
0.034176
0.111012
0.014387
0.037812
0.089488
0.032234
0.014578
0.065849
0.034235
0.097594
0.015411
0.047292
0.039673
0.09744
0.013401
0.055306
0.033888
0.121345
0.08311
0.116917
0.082108
0.040396
0.149873
0.09138
0.07783
0.040277
0.061027
0.04267
0.057626
0.038674
0.086718
0.039142
0.061464
0.030877
0.045404
0.036511
0.066374
0.066752
0.0795
0.184819
0.045538
0.041905
0.042683
0.094163
0.030708
0.0251
0.050053
0.057252
0.042771
0.094299
0.017611
0.045791
0.042272
0.057718
0.042306
0.058454
0.041595
0.058261
0.041707
0.052429
0.047617
0.241382
0.024671
0.042344
0.057697
0.041689
0.058789
0.041321
0.059692
0.040177
0.059355
0.040721
0.052564
0.047317
0.163071
0.030064
0.050085
0.042262
0.05708
0.042925
0.057619
0.042374
0.096981
0.016082
0.084036
0.036897
0.023728
0.042409
0.17726
0.030958
0.051448
0.041052
0.058354
0.0417
0.059177
0.040809
0.05849
0.041812
0.058289
0.041362
0.058559
0.041399
0.192797
0.041954
0.041809
0.059735
0.040748
0.084365
0.078287
0.039952
0.079654
0.030502
0.086797
0.246182
0.12729
0.083953
0.09756
0.055459
0.033996
0.058852
0.041788
0.054923
0.042408
0.242405
0.053938
0.066993
0.070953
0.105609
0.042877
0.277883
0.095236
0.039119
0.060233
0.264981
0.202397
0.207973
0.078831
0.08824
0.250507
0.124632
0.067696
0.104474
0.111586
0.112116
0.100332
0.107578
0.104022
0.103923
0.108044
0.158065
0.033374
0.110022
0.067036
0.025266
0.094571
0.068231
0.042692
0.057304
0.042612
0.056766
0.043219
0.057316
0.042641
0.05734
0.042698
0.057171
0.042813
0.124958
0.031524
0.1092