
0.001137
0.00632
0.003715
0.003807
0.006332
0.006139
0.003519
0.006854
0.005948
0.00334
0.005871
0.003213
0.005743
0.011177
0.058275
0.011496
0.011792
0.017373
0.00797
0.004914
0.016092
0.016289
0.056429
0.017146
0.016096
0.016604
0.017234
0.01658
0.015867
0.017812
0.007378
0.02026
0.050842
0.057471
0.018469
0.007835
0.010342
0.016786
0.017058
0.017219
0.015906
0.01664
0.016613
0.006893
0.054778
0.007934
0.047178
0.044457
0.0067
0.001907
0.045407
0.006414
0.045275
0.006239
0.045889
0.045918
0.006346
0.009862
0.016113
0.006991
0.018868
0.019347
0.01654
0.017074
0.016498
0.017637
0.008412
0.009436
0.016665
0.016859
0.007126
0.007446
0.045463
0.045574
0.002013
0.007809
0.007399
0.006904
0.045489
0.045448
0.044917
0.046537
0.007478
0.006779
0.047383
0.001855
0.006524
0.007216
0.006901
0.047102
0.046993
0.008034
0.007801
0.008088
0.007723
0.004376
0.007573
0.053719
0.017703
0.017065
0.017518
0.055191
0.015089
0.014925
0.014545
0.015749
0.014291
0.014
0.006985
0.015822
0.015713
0.056453
0.015511
0.007464
0.015486
0.015276
0.015418
0.047236
0.00999
0.047153
0.015835
0.048392
0.015839
0.0488
0.009477
0.006723
0.046903
0.009554
0.010593
0.010967
0.016672
0.011535
0.010589
0.016092
0.006975
0.006999
0.014976
0.006693
0.043854
0.006905
0.007008
0.043979
0.007418
0.007391
0.008075
0.007874
0.002124
0.002216
0.00808
0.007904
0.008236
0.009297
0.008607
0.002246
0.00217
0.00745
0.006961
0.006726
0.00719
0.046514
0.046441
0.008827
0.002719
0.007374
0.008213
0.007922
0.008475
0.008093
0.008118
0.008118
0.001923
0.007855
0.009068
0.009169
0.009672
0.008866
0.046357
0.002499
0.050855
0.049077
0.011931
0.011121
0.010253
0.002617
0.002668
0.012954
0.013115
0.014422
0.013808
0.003113
0.010335
0.009727
0.002357
0.002181
0.002224
0.046237
0.04497
0.002134
0.001804
0.043602
0.044044
0.042498
0.043343
0.043397
0.043426
0.042746
0.043225
0.046054
0.001486
0.006766
0.044661
0.043825
0.043961
0.007181
0.006955
0.006489
0.006949
0.00695
0.006724
0.002273
0.007568
0.046884