
48
59
97
90
17
55
38
43
118
21
17
20
50
16
14
100
52
149
50
20
27
239
3
158
251
66
143
163
222
248
128
158
223
248
158
268
70
143
189
338
168
96
162
389
221
182
152
152
26
82
338
153
88
159
18
43
46
136
110
131
14
336
92
51
343
63
47
47
343
33
26
164
70
366
25
19
40
109
70
52
61
64
40
19
23
142
180
142
34
59
82
151
82
219
87
303
87
279
99
229
362
35
278
48
20
47
42
37
42
286
47
42
33
92
16
92
92
42
26
269
20
16
35
20
203
68
54
14
219
90
72
96
90
54
136
125
125
219
155
80
125
137
125
90
140
102
413
179
124
179
125
179
66
29
29
33
6
45
63
50
45
17
113
113
19
113
20
50
20
38
19
38
20
21
20
27
92
34
114
114
27
44
27
21
134
82
104
33
9
12
208
132
128
128
132
179
171
123
46
128
230
128
171
121
24
238
26
114
122
235
191
17
152
111
237
235
154
122
15
122
28
217
164
121
153
114
127
122
120
128
62
225
96
54
146
146
125
134
150
76
96
146
146
216
98
71
242
386
249
187
208
142
197
291
125
95
179
151
133
95
95
95
297
95
308
94
208
255
157
134
212
175
77
94
175
208
142
257
86
84
255
155
195
105
105
175
257
114
84
84
84
114
95
116
86
95
115
86
208
114
65
22
42
80
24
12
77
15
60
83
24
38
24
18
117
46
56
42
135
238
37
250
93
34
245
251
174
153
163
119
120
177
162
175
115
88
163
177
173
114
132
114
177
115
115
119
269
194
189
14
177
61
269
387
112
380
112
108
189
106
297
112
396
115
245
81
158
103
81
190
112
86
34
161
102
98
89
251
153
141
30
175
153
288
86
223
236
25
25
89
86
168
280
89
280
25
86
23
52
86
376
86
376
86
23
301
127
129
252
415
77
47
42
57
60
45
57
67
50
33
45
48
37
52
39
39
52
52
50
37
42
33
37
37
69
25
46
56
28
37
28
28
42
29
72
28
72
72
25
29
37
34
71
29
28
37
72
28
72
61
92
74
80
21
21
21
31
21
19
31
80
61
80
21
13
13
19
19
74
31
19
21
130
57
101
58
69
67
33
33
15
18
15
15
18
70
43
70
68
49
68
51
95
33
75
17
88
52
9
91
30
30
37
10
17
30
10
37
165
500
365
75
84
407
73
500
107
461
45
16
101
30
30
34
16
21
30
16
45
17
31
34
46
32
13
35
50
57
51
55
17
51
17
51
51
39
50
45
51
40
40
36
20
43
37
42
37
34
44
89
40
40
36
20
87
37
42
37
34
44
86
36
88
57
41
88
18
51
18
55
44
27
76
54
27
33
91
82
31
109
24
75
31
109
51
109
23
112
399
70
112
129
74
70
112
120
145
87
112
120
112
120
22
70
22
119
82
125
125
12
118
152
79
134
139
90
118
357
128
193
199
12
92
74
73
92
118
87
357
93
263
225
117
117
93
117
11
97
114
63