
240
107
145
159
52
319
263
190
151
113
239
50
158
251
66
143
163
222
248
128
79
148
172
136
221
131
327
336
143
326
366
242
138
149
225
131
53
122
193
92
229
362
51
278
213
84
107
95
81
95
203
68
54
118
219
90
72
96
90
54
197
211
169
112
180
125
428
180
132
113
245
230
163
130
128
135
352
142
125
45
198
238
26
114
122
235
191
126
152
111
225
96
54
146
146
125
134
150
76
96
308
84
208
255
157
134
212
175
77
84
96
209
140
220
85
89
210
98
83
83
132
114
177
115
115
119
269
194
189
81
86
132
161
102
98
89
251
153
141
92
77
429
112
313
181
82
248
188
281
108
69
99
116
97
66
74
66
66
406
70
61
92
130
363
60
60
60
491
60
62
58
103
129
379
487
62
56
98
62
56
52
94
358
380
488
427
49
95
488
49
39
431
471
379
487
425
132
95
487
403
35
113
383
345
500
117
157
117
107
428
40
100
372
434
101
127
154
127
386
101
40
102
372
434
173
129
156
129
386
103
36
178
385
445
178
118
159
118
399
103
33
180
400
61
109
120
75
61
109
109
23
112
399
70
112
129
74
70
112
120
12
118
152
79
134
139
90
118
357
128
28
272
134
102
97
156
134
134
236
103