
0.041923
0.003212
0.005372
0.00451
0.007558
0.004609
0.004235
0.004898
0.005651
0.004391
0.004316
0.005391
0.003901
0.005084
0.004485
0.008664
0.005171
0.005344
0.008393
0.004834
0.003962
0.003206
0.008042
0.006435
0.004808
0.003456
0.006716
0.00558
0.005507
0.004258
0.003275
0.009988
0.004396
0.003796
0.003612
0.003821
0.011732
0.003388
0.003638
0.005841
0.008207
0.004284
0.003634
0.00351
0.00417
0.003664
0.003849
0.004221
0.007687
0.005609
0.004353
0.003474
0.003971
0.00346
0.004508
0.003716
0.005269
0.004442
0.003915
0.00548
0.004626
0.003501
0.00566
0.009706
0.003442
0.004317
0.005497
0.004434
0.010055
0.004627
0.004183
0.004155
0.005543
0.004637
0.005749
0.004641
0.004466
0.003195
0.004576
0.004368
0.003659
0.043499
0.003164
0.002466
0.003165
0.004467
0.001668
0.002339
0.002698
0.002863
0.003268
0.001866
0.002798
0.001568
0.007357
0.006435
0.001846
0.003413
0.004945
0.001656
0.003317
0.001569
0.00503
0.00352
0.006893
0.003113
0.003959
0.004164
0.006778
0.00309
0.003025
0.001709
0.004555
0.001835
0.043411
0.001109
0.004524
0.007067
0.006854
0.004728
0.007227
0.002768
0.004096
0.00498
0.008942
0.004638
0.003165
0.004525
0.009471
0.005702
0.005989
0.004212
0.003973
0.004578
0.001624
0.003376
0.008558
0.004312
0.003531
0.004385
0.04835
0.001897
0.001796
0.003536
0.003959
0.004151
0.001565
0.003891
0.002493
0.008485
0.004944
0.003283
0.004215
0.002238
0.00319
0.002349
0.008914
0.006615
0.001974
0.00407
0.001775
0.005132
0.003411
0.041201
0.001593
0.001376
0.001657
0.003935
0.002557
0.002981
0.004037
0.003253
0.001755
0.006547
0.001574
0.002903
0.001746
0.004381
0.005099
0.00385
0.010756
0.001639
0.002419
0.002157
0.003038
0.00614
0.00292
0.006166
0.004416
0.007125
0.003347
0.007551
0.003519
0.041879
0.001638
0.001878
0.001748
0.00306
0.003167
0.002608
0.00364
0.007795
0.003643
0.003161
0.003773
0.002894
0.002593
0.001613
0.005394
0.004705
0.003235
0.005339
0.001693
0.003872
0.005671
0.003356
0.003792
0.003773
0.00402
0.002003
0.010245
0.003522
0.001888
0.00329
0.002137
0.002282
0.003414
0.001627
0.001976
0.028979
0.001349
0.004555
0.003293
0.003391
0.006192
0.004951
0.003942
0.003403
0.004084
0.003351
0.004827
0.004168
0.00445
0.010035
0.005215
0.003829
0.005182
0.003317
0.005113
0.004936
0.046088
0.002793
0.002699
0.002611
0.001115
0.002162
0.002414
0.003875
0.002331
0.001562
0.003404
0.003249
0.003464
0.002167
0.004385
0.001751
0.003454
0.002558
0.001631
0.00675
0.003104
0.002191
0.001645
0.006079
0.002118
0.002461
0.001584
0.006023
0.002243
0.002393
0.001697
0.002615
0.002153
0.001995
0.002067
0.004306
0.0019
0.008688
0.00405
0.00723
0.002149
0.004517
0.00359
0.00331
0.003592
0.050167
0.002108
0.002928
0.001872
0.001729
0.004621
0.003644
0.004061
0.001939
0.001239
0.00151
0.005903
0.004038
0.003526
0.003453
0.004372
0.005359
0.005231
0.00403
0.00268
0.003476
0.006797
0.003405
0.005424
0.004232
0.039853
0.001605
0.001354
0.00673
0.006681
0.004618
0.003308
0.003747
0.001316
0.003357
0.002286
0.005987
0.005192
0.003881
0.005016
0.004313
0.004797
0.003356
0.003619
0.003951
0.003207
0.03451
0.002849
0.003145
0.005133
0.00456
0.006281
0.003819
0.003111
0.006695
0.009545
0.006769
0.005697
0.006025
0.004483
0.005747
0.007841
0.004398
0.002869
0.005074
0.004547
0.004258
0.002865
0.003113
0.002888
0.008075
0.002864
0.044652
0.003495
0.002857
0.004838
0.006072
0.004325
0.007136
0.003434
0.002643
0.006953
0.005053
0.005868
0.003464
0.003519
0.004851
0.007076
0.003687
0.00346
0.00283
0.002659
0.003764
0.003178
0.004248
0.003713
0.003177
0.003887
0.003439
0.006103
0.003675
0.035629
0.003533
0.001712
0.002931
0.003612
0.001912
0.001542
0.003576
0.00165
0.003296
0.002519
0.006429
0.002029
0.004297
0.00278
0.004123
0.00188
0.003318
0.001832
0.004324
0.004515
0.002933
0.005154
0.003219
0.003455
0.002834
0.035868
0.004301
0.006864
0.004923
0.002068
0.036678
0.007144
0.003787
0.004774
0.002219
0.006841
0.006924
0.005371
0.005376
0.005084
0.003963
0.004386
0.005461
0.0054
0.005879
0.003947
0.003049
0.005172
0.005566
0.005528
0.003865
0.039209
0.001299
0.005268
0.005682
0.002177
0.007401
0.009547
0.003358
0.009465
0.00348
0.004076
0.005726
0.003807
0.007983
0.003148
0.009753
0.003541
0.007168
0.003025
0.004496
0.003801
0.003114
0.005693
0.003389
0.034977
0.001824
0.001572
0.005383
0.004891
0.007682
0.00286
0.006542
0.006677
0.004765
0.001531
0.004677
0.003174
0.001483
0.002702
0.005435
0.007726
0.00298
0.007668
0.004535
0.002707
0.001399
0.003924
0.001412
0.002624
0.002567
0.009317
0.002639
0.009559
0.002676
0.00466
0.001385
0.008011
0.00414
0.004762
0.007588
0.010182
0.050888
0.002742
0.002941
0.002868
0.003111
0.003157
0.002091
0.003485
0.00339
0.002232
0.002014
0.004082
0.00309
0.006503
0.003247
0.003332
0.002032
0.010861
0.003227
0.003207
0.002061
0.003316
0.001987
0.010709
0.003262
0.003431
0.003339
0.010072
0.002469
0.003252
0.004259
0.002123
0.00272
0.004022
0.002016
0.003303
0.002065
0.003215
0.001998
0.032271
0.002542
0.001772
0.002943
0.003153
0.001804
0.002137
0.001968
0.001812
0.002181
0.001866
0.008641
0.003655
0.003076
0.00185
0.007295
0.003587
0.008571
0.003563
0.003742
0.002158
0.0033
0.001929
0.011257
0.00229
0.003383
0.002763
0.004075
0.003668
0.003197
0.00302
0.001973
0.001807
0.012091
0.002318
0.009059
0.003752
0.003158
0.002017
0.009266
0.003705
0.039949
0.002492
0.003447
0.003638
0.00176
0.001657
0.001786
0.001924
0.001784
0.001635
0.010436
0.002091
0.007911
0.003788
0.002011
0.002145
0.007876
0.004078
0.003232
0.001795
0.004271
0.001639
0.00403
0.001603
0.003402
0.001814
0.003639
0.001713
0.004176
0.009875
0.00367
0.001919
0.003619
0.001691
0.003106
0.001759
0.004323
0.002541
0.004078
0.042164
0.002783
0.003333
0.003525
0.002078
0.002123
0.001548
0.001629
0.001535
0.00156
0.00198
0.004162
0.0036
0.010998
0.002318
0.004144
0.002197
0.003467
0.002296
0.003871
0.003133
0.004223
0.003614
0.002729
0.004179
0.003433
0.002798
0.003745
0.003609
0.001759
0.00914
0.0041
0.062584
0.002307
0.001503
0.003777
0.001917
0.002686
0.002078
0.001506
0.001706
0.001784
0.001549
0.003135
0.002722
0.005376
0.011964
0.009387
0.003117
0.003401
0.010154
0.002535
0.011778
0.004042
0.011151
0.077511
0.002013
0.001565
0.004005
0.001844
0.002228
0.001999
0.001645
0.001628
0.001891
0.001644
0.001775
0.00179
0.008655
0.001798
0.012106
0.002046
0.009608
0.002224
0.001749
0.001778
0.009462
0.002608
0.001927
0.001609
0.055838
0.001817
0.002949
0.003263
0.003825
0.003167
0.00171
0.00297
0.001669
0.002797
0.003039
0.009925
0.002775
0.003444
0.002982
0.010565
0.003383
0.003546
0.002922
0.049339
0.002066
0.00288
0.002198
0.001867
0.002788
0.003055
0.002953
0.002724
0.00207
0.002821
0.005476
0.004702
0.051144
0.001974
0.002905
0.002098
0.00182
0.003831
0.002809
0.002797
0.002847
0.00224
0.005384
0.005498
0.003712
0.052265
0.001979
0.003786
0.00321
0.002933
0.003849
0.001696
0.004007
0.001641
0.003241
0.002881
0.00279
0.001881
0.011367
0.003822
0.011398
0.003159
0.003289
0.002005
0.035384
0.00199
0.004062
0.003705
0.002019
0.001878
0.00199
0.003238
0.004528
0.034515
0.00163
0.004618
0.003707
0.00464
0.00472
0.004291
0.00364
0.001484
0.004356
0.001432
0.004367
0.003592
0.004088
0.003998
0.03414
0.001456
0.0063
0.006145
0.001165
0.001219
0.00365
0.003419
0.003635
0.003713
0.003966
0.00399
0.009699
0.00356
0.00734
0.006657
0.003908
0.003914
0.003592
0.003882
0.001474
0.039041
0.00393
0.003596
0.003356