
0.019621
0.001056
0.001057
0.002975
0.001756
0.001986
0.003322
0.001301
0.001157
0.001757
0.00122
0.001045
0.001033
0.001622
0.001141
0.001615
0.00114
0.001954
0.001148
0.001537
0.001388
0.001223
0.002827
0.002634
0.001324
0.003402
0.00116
0.003431
0.001219
0.00114
0.001089
0.002029
0.001159
0.001411
0.001217
0.001313
0.001078
0.000993
0.001347
0.001326
0.00107
0.000917
0.00158
0.001109
0.000905
0.001641
0.000883
0.00092
0.001068
0.0009
0.001628
0.001635
0.001503
0.001518
0.000913
0.001816
0.000881
0.001011
0.001318
0.002829
0.00325
0.000915
0.00094
0.001166
0.001165
0.002762
0.002052
0.002279
0.001899
0.002269
0.001719
0.00332
0.004386
0.002773
0.001849
0.00144
0.001421
0.001101
0.001207
0.004704
0.00288
2.9e-05
0.002168
0.00193
0.001648
0.001421
0.000975
0.000912
0.000989
0.001471
0.004422
5.4e-05
0.005492
0.004808
0.001299
0.001263
0.001015
0.001162
0.002403
0.002564
0.002519
0.002031
0.001913
0.003157
0.003071
0.003216
0.001506
0.002949
0.002912
0.00222
0.002232
0.002936
0.002986
0.002883
0.002216
0.002239
0.002286
0.00226
0.001805
0.037337
0.001346
0.001621
0.003308
0.002994
0.004328
0.001252
0.0044
0.000611
0.00529
0.00266
0.000957
0.001992
0.001687
0.005361
0.000879
0.002272
0.002014
0.004583
0.000923
0.00208
0.001828
0.019178
0.000884
0.000623
0.001064
0.001344
0.000125
0.00043
0.000411
0.005517
0.002479
0.000382
0.002268
0.001683
0.001448
0.001803
0.00164
0.001478
0.002458
0.001276
0.001176
0.001184
0.001301
0.001258
0.001185
0.000636
0.001605
0.0016
0.001395
0.003323
0.000223
0.001872
0.002082
0.001789
0.001884
0.001382
0.001707
0.016818
0.001342
0.000611
0.000557
0.001052
0.001313
0.001312
0.000408
0.001251
0.001393
0.003501
0.001318
0.002135
0.001974
0.002169
0.002165
0.002027
0.002049
0.003453
0.001458
0.001417
0.001369
1.8e-05
0.001444
0.00349
0.001661
0.001248
0.000466
2e-05
0.001583
0.003059
0.002779
0.000603
2.1e-05
1.8e-05
0.003652
0.004081
3.1e-05
0.002127
0.005994
2.6e-05
0.001822
0.0168
0.000592
0.00325
0.001177
0.001186
0.000731
0.003027
0.001195
0.001287
0.001319
0.001302
0.001857
0.001692
0.001723
0.00349
0.001327
0.001154
0.001186
0.001196
0.000781
0.003608
0.001957
0.001969
0.00199
0.002621
0.001231
0.001175
1.5e-05
1.2e-05
0.000728
0.003166
1.7e-05
1.7e-05
0.003125
0.000915
1.8e-05
1.7e-05
0.001527
0.001199
2.3e-05
2.1e-05
0.003695
0.003308
7.7e-05
3.1e-05
0.004989
3e-05
2.7e-05
0.022948
0.000653
0.000568
0.001485
0.000582
0.00065
0.000679
0.000845
0.000604
0.000836
0.00057
0.001485
0.000515
1.6e-05
1.4e-05
0.001501
0.015653
0.000563
1.6e-05
1.4e-05
0.002377
1.5e-05
1.5e-05
0.001369
0.001635
0.002805
3.8e-05
3.6e-05
0.00134
1.5e-05
1.4e-05
0.0028
0.001053
0.001017
1.5e-05
1.4e-05
0.00131
1.9e-05
1.8e-05
0.002595
0.001537
0.00085
1.9e-05
1.6e-05
0.009407
2.7e-05
2.1e-05
0.003828
0.000654
3.2e-05
2.5e-05
0.002257
3e-05
4.1e-05
0.001516
0.00495
3.1e-05
2.9e-05
0.015541
0.000486
0.00462
4e-05
3.7e-05
0.005474
5e-05
4.1e-05
0.000657
1.5e-05
1.4e-05
0.001921
0.002249
1.8e-05
1.6e-05
0.003116
0.005034
2.4e-05
2.1e-05
0.001187
1.6e-05
1.4e-05
0.000867
0.002843
0.003035
1.8e-05
2.8e-05
0.000859
0.001542
0.002641
1.7e-05
1.4e-05
0.001005
1.5e-05
1.7e-05
0.001585
1.6e-05
1.3e-05
0.001289
0.016294
0.000423
1.8e-05
1.6e-05
0.002064
1.5e-05
1.7e-05
0.003077
0.00095
0.000435
0.002721
0.001587
1.7e-05
2.5e-05
0.001317
0.000362
0.001155
1.8e-05
1.8e-05
0.000906
0.000874
0.00143
0.002642
1.8e-05
1.6e-05
0.002369
0.001856
2e-05
2.1e-05
0.0027
0.002187
2e-05
1.7e-05
0.002088
0.003202
2.2e-05
2.5e-05
0.001561
0.00172
2.5e-05
2.1e-05
0.003301
2.1e-05
1.9e-05
0.002375
2.2e-05
1.8e-05
0.002422
0.001182
1.9e-05
1.9e-05
0.001437
0.015178
0.000331
0.000314
0.000334
0.000362
0.001836
1.5e-05
1.5e-05
0.000886
0.000535
1.4e-05
2.4e-05
0.002829
1.7e-05
1.7e-05
0.002348
0.002728
1.8e-05
1.6e-05
0.001856
0.001695
1.9e-05
1.5e-05
0.00196
0.001611
1.8e-05
1.6e-05
0.006485
7.4e-05
4.8e-05
0.000564
0.001762
1.5e-05
1.5e-05
0.0041
3.2e-05
3e-05
0.001709
0.000566
0.001778
0.000568
2.2e-05
2e-05
0.000784
0.000392
0.016059
0.001571
0.000553
0.000603
0.000515
0.000528
0.000201
0.000512
0.00134
0.001382
0.000509
0.000522
0.000564
0.000496
0.000565
0.002624
0.001386
2e-05
1.7e-05
0.0026
0.001544
1.9e-05
1.8e-05
0.012316
2.7e-05
2.4e-05
0.000732
0.000805
0.00108
0.000996
0.000558
0.000374
3.4e-05
3.2e-05
0.004161
0.001363
3.1e-05
2.4e-05
0.004149
0.013925
0.000599
0.000202
0.000213
0.000473
0.000235
0.000488
0.000589
0.000627
0.002607
0.001297
1.7e-05
1.4e-05
0.003244
0.000277
3.3e-05
3.3e-05
0.004216
0.001059
0.000652
2e-05
1.5e-05
0.001994
0.000631
0.001511
3.6e-05
3.6e-05
0.001588
0.004051
3.6e-05
3.7e-05
0.00411
0.003744
4e-05
4e-05
0.010838
2.7e-05
2e-05
0.000862
2.2e-05
2.1e-05
0.004334
0.001638
0.001338
0.016924
0.000513
5.8e-05
5.6e-05
0.006656
3.2e-05
2.8e-05
0.003274
3.8e-05
2.8e-05
0.002911
0.003955
3.2e-05
3.2e-05
0.003382
0.009135
4.1e-05
3.9e-05
0.005301
0.001038
0.003826
6.3e-05
6.5e-05
0.00418
2.6e-05
2.5e-05
0.003641
0.000606
0.001832
6.3e-05
6e-05
0.000806
2.5e-05
2.8e-05
0.018849
0.001725
0.001539
0.000493
0.000167
0.00059
0.000179
0.000183
0.001494
0.000227
0.00066
0.001008
1.6e-05
1.5e-05
0.000576
0.00131
0.000679
2e-05
1.8e-05
0.000902
0.001884
5.8e-05
6.1e-05
0.002644
0.00091
0.001333
1.8e-05
1.7e-05
0.003342
0.001227
0.000556
0.001327
0.01623
0.000332
1.7e-05
1.5e-05
0.001905
1.4e-05
1.5e-05
0.00227
0.002766
5.5e-05
5.1e-05
0.004541
3.1e-05
3.6e-05
0.004279
0.000865
0.001112
3.3e-05
2.9e-05
0.005443
0.003245
4.4e-05
4.2e-05
0.005876
0.001014
0.001082
2.7e-05
2.6e-05
0.003235
0.001001
5.5e-05
4.8e-05
0.003015
0.010609
3e-05
2.3e-05
0.010978
3.5e-05
2.7e-05
0.00393
0.001343
3.2e-05
3e-05
0.002384
0.005467
0.021038
0.001359
0.000556
0.000907
0.000621
0.001392
0.000544
0.000525
0.000607
0.001357
0.000321
0.0012
0.001287
1.5e-05
1.4e-05
0.00167
0.001401
0.020462
0.000279
0.003672
3.1e-05
3.3e-05
0.014493
3.1e-05
2.5e-05
0.004124
3.9e-05
3e-05
0.001583
0.001004
0.004497
2.5e-05
2.3e-05
0.001326
0.001186
1.9e-05
1.7e-05
0.002653
0.002011
2.1e-05
1.8e-05
0.002377
0.002232
2.1e-05
1.8e-05
0.002322
0.002489
2e-05
1.7e-05
0.000331
0.001638
0.018296
0.000306
0.003632
3.1e-05
2.9e-05
0.000791
0.00089
3.6e-05
2.9e-05
0.001986
1.6e-05
1.5e-05
0.005188
3.1e-05
3.1e-05
0.000898
0.000883
4.1e-05
3.2e-05
0.001409
0.001024
2e-05
2.8e-05
0.003127
3.9e-05
3.9e-05
0.003027
0.001531
1.6e-05
1.4e-05
0.001484
0.002904
3.3e-05
3e-05
0.001491
0.000954
1.6e-05
1.5e-05
0.00295
0.00022
0.000268
0.014974
0.000168
1.6e-05
1.4e-05
0.002691
0.000133
1.5e-05
1.6e-05
0.002336
0.002947
1.9e-05
1.6e-05
0.001293
0.001177
1.8e-05
1.7e-05
0.001915
0.001282
0.001267
0.002781
1.7e-05
1.5e-05
0.001919
0.001275
0.002136
1.8e-05
1.5e-05
0.000178
0.000915
1.7e-05
1.5e-05
0.001125
0.002201
1.8e-05
1.7e-05
0.001095
0.001053
1.9e-05
1.6e-05
0.001279
0.001219
2e-05
1.7e-05
0.001141
0.002872
0.00017
0.003046
1.6e-05
1.6e-05
0.002391
0.019025