
0.126498
0.0894308
0.103959
0.0995222
0.0675616
0.0246996
0.0520628
0.0326321
0.0617279
0.0513182
0.0720209
0.0411156
0.0714055
0.0504692
0.0504692
0.0503291
0.0812197
0.0914569
0.0316842
0.00268336
0.0126537
0.00901755
0.0138631
0.00404498
0.0295676
0.00554311
0.00554311
0.0074563
0.00532183
0.00532183
0.0141269
0.0680111
0.0547695
0.0532152
0.0193052
0.0755059
0.00926589
0.0458551
0.0458551
0.0458551
0.0554034
0.0318814
0.0532479
0.0626301
0.0626301
0.0599724
0.0481585
0.0810964
0.0666118
0.0758591
0.0758591
0.0147718
0.00621486
0.00621486
0.00367987
0.00367987
0.0123963
0.0123963
0.00922768
0.00922768
0.0181033
0.00646683
0.0150291
0.00362689
0.0234498
0.0407865
0.0253667
0.0253667
0.0131507
0.0276991
0.0096906
0.0233124
0.0194325
0.00730635
0.0159575
0.00896487
0.00178139
0.00178139
0.0205177
0.00457904
0.0168265
0.0213124
0.029918
0.0138496
0.0138496
0.0344218
0.0101866
0.0490897
0.0490897
0.0295776
0.0604841
0.0427265
0.0724131
0.239275
0.0695211
0.0729933
0.0954822
0.0577227
0.0407435
0.0307439
0.041655
0.0524433
0.0555786
0.062782
0.0770685
0.0612964
0.0606696
0.064271
0.0774913
0.062991
0.0737986
0.0655535
0.0777084
0.0645003
0.0742773
0.00539339
0.0028131
0.0174982
0.00566852
0.00416613
0.00820163
0.0272109
0.0229326
0.0111831
0.0298515
0.00770113
0.0248083
0.0248083
0.0444687
0.0321283
0.0440593
0.0137134
0.0253031
0.0126505
0.0205753
0.0271558
0.0271558
0.0194539
0.024467
0.0288716
0.0303255
0.0255008
0.0284181
0.0291454
0.0335195
0.0306356
0.0324089
0.0341094
0.0366418
0.0350537