
0.006303
0.005984
0.009579
0.007213
0.007391
0.015914
0.006018
0.007783
0.006564
0.006094
0.006103
0.013052
0.007307
0.006334
0.007015
0.006082
0.007262
0.012753
0.009264
0.015076
0.016232
0.011018
0.007377
0.006152
0.00648
0.007279
0.006548
0.006337
0.005933
0.006286
0.00576
0.005743
0.006734
0.010983
0.005373
0.007049
0.005711
0.005621
0.007435
0.005239
0.005755
0.010752
0.006804
0.006443
0.007326
0.011974
0.012907
0.011065
0.009401
0.010045
0.010706
0.009533
0.023353
0.010901
0.01866
0.011078
0.006786
0.070346
0.023772
0.005802
0.011644
0.007402
0.025121
0.015406
0.006853
0.007694
0.024088
0.011346
0.017578
0.008447
0.02393
0.01675
0.012264
0.01239
0.010223
0.098481
0.097924
0.097933
0.107546
0.015277
0.012477
0.009157
0.009908
0.025519
0.010026
0.013897
0.057623
0.014154
0.016535
0.010415
0.016689
0.009769
0.039155
0.014277
0.012061
0.013964
0.027385
0.011601
0.006091
0.017805
0.009779
0.010001
0.019242
0.033601
0.029289
0.083894
0.040689
0.027852
0.031405
0.031365
0.02628
0.025704
0.020534
0.034196
0.084417
0.076718
0.02341
0.021152
0.023959
0.022345
0.077779
0.026144
0.02363
0.02215
0.020785
0.04369
0.029708
0.031218
0.093896
0.093325
0.068494
0.042048
0.082107
0.094341
0.089832
0.023946
0.022919
0.024845
0.028615
0.07403
0.033051
0.025755
0.038383
0.026464
0.027654
0.028565
0.055793
0.042031
0.022613
0.025484
0.034909
0.034793
0.026452
0.023305
0.026569
0.030237
0.026544
0.024893
0.028006
0.02557
0.036354
0.07301
0.07962
0.055023
0.029148
0.029703
0.02483
0.029731
0.022358
0.032054
0.023276
0.034468
0.022681
0.023333
0.024379
0.044625
0.022731
0.021446
0.108218
0.02862
0.082102
0.021751
0.017711
0.022882
0.024518
0.018678
0.019022
0.030803
0.025236
0.0209
0.108394
0.008495
0.018178
0.027972
0.013724
0.011663
0.015309
0.018905
0.021453
0.00739
0.013299
0.011146
0.015937
0.041205
0.02931
0.005241
0.014964
0.016692
0.021856
0.096749
0.106566
0.015742
0.028748
0.016337
0.008791
0.014877
0.021498
0.012138
0.00542
0.009009
0.066485
0.020888
0.017498
0.023614
0.023768
0.008116
0.017076
0.014364
0.015075
0.010281
0.006856
0.008172
0.010017
0.015506
0.013457
0.006203
0.005481
0.017601
0.011819
0.019636
0.015522
0.01088
0.00599
0.015856
0.031063
0.029882
0.011223
0.006405
0.025555
0.008858
0.008477
0.020852
0.116575
0.097022
0.021166
0.019643
0.036046
0.025736
0.019428
0.025414
0.023683
0.025976
0.027144
0.024629
0.024613
0.029379
0.065225
0.088983
0.024641
0.070128
0.085911
0.038063
0.07262
0.032331
0.021171
0.020616
0.067427
0.036307
0.02167
0.023579
0.020566
0.027607
0.024845
0.026336
0.025176
0.023111
0.032275
0.030786
0.031599
0.026289
0.023641
0.025086
0.026255
0.025894
0.02691
0.024599
0.026358
0.024808
0.035173
0.031587
0.028701