
0.005325
0.01685
0.005822
0.01113
0.006117
0.006384
0.01113
0.011083
0.00555
0.005436
0.005551
0.005705
0.017527
0.005696
0.019694
0.005304
0.005767
0.006009
0.006287
0.010912
0.010905
0.005751
0.005368
0.006372
0.005371
0.006629
0.005406
0.006034
0.00555
0.005763
0.005228
0.005925
0.005445
0.005882
0.005855
0.006056
0.006564
0.010958
0.005547
0.010646
0.006038
0.006689
0.005819
0.011533
0.005688
0.005718
0.003751
0.005099
0.006852
0.006366
0.00655
0.010161
0.005775
0.005864
0.005489
0.017216
0.006949
0.010557
0.005956
0.010966
0.005344
0.005836
0.005931
0.005999
0.006029
0.006249
0.004745
0.00647
0.006417
0.006228
0.010688
0.005293
0.005685
0.007619
0.006129
0.009591
0.005512
0.004529
0.017137
0.009814
0.005029
0.005507
0.00565
0.009408
0.00616
0.00938
0.00556
0.00546
0.007164
0.006627
0.006155
0.006708
0.005302
0.004843
0.005073
0.019001
0.005233
0.006744
0.011265
0.00599
0.012185
0.013138
0.006572
0.006154
0.005456
0.020578
0.005632
0.01252
0.006052
0.005278
0.010732
0.006343
0.00876
0.014264
0.006394
0.00723
0.014435
0.015549
0.018476
0.013368
0.00621
0.005561
0.012829
0.012421
0.005057
0.014379
0.004865
0.007254
0.00766
0.00594
0.006187
0.014347
0.005137
0.010132
0.00725
0.012224
0.00528
0.004986
0.007065
0.011367
0.011087
0.020471
0.014249
0.007795
0.004722
0.005339
0.004744
0.014172
0.007685
0.011976
0.020959
0.004918
0.005176
0.008327
0.005043
0.005461
0.005709
0.005116
0.010457
0.014163
0.005519
0.011449
0.004663
0.01312
0.014476
0.006528
0.013348
0.010855
0.010175
0.005238
0.013403
0.024014
0.01965
0.013421
0.013035
0.012596
0.007314
0.005239
0.004707
0.010145
0.005238
0.011073
0.004856
0.00452
0.012673
0.006611
0.011077
0.00568
0.016147
0.006411
0.006913
0.006405
0.013136
0.009182
0.00519
0.010915
0.005987
0.004751
0.008756
0.009422
0.009165
0.011174
0.006111
0.01425
0.005552
0.00799
0.00989
0.003913
0.003692
0.01065
0.006194
0.00774
0.004346
0.013368
0.004049
0.004455
0.006952
0.003783
0.012559
0.004203
0.004661
0.018398
0.004896
0.003715
0.016961
0.007394
0.006589
0.004789
0.008547
0.010154
0.006396
0.009245
0.008162
0.009825
0.005133
0.005274
0.014373
0.016852
0.006032
0.010904
0.005648
0.016792
0.011431
0.003266
0.009464
0.011054
0.004566
0.011532
0.0131
0.010004
0.003479
0.004621
0.012263
0.004583
0.006611
0.003149
0.004611
0.004317
0.011348
0.01017
0.011134
0.00289
0.010981
0.002758
0.009549
0.009307
0.008472
0.008239
0.013326
0.007171
0.007538
0.007381
0.006684
0.006608
0.006033
0.002566
0.006794
0.006236
0.002531
0.008733
0.008695
0.006699
0.015802
0.009808
0.006851
0.00918
0.007671
0.009979
0.006425
0.018491
0.002499
0.014258
0.018275
0.01216
0.011586
0.010607
0.006559
0.002319
0.011726
0.007065
0.010972
0.007422
0.011353
0.008922
0.004892
0.005983
0.007484
0.006411