
0.000755
0.001012
0.000934
0.000936
0.000887
0.001292
0.000891
0.000934
0.000818
0.000869
0.000882
0.001112
0.001005
0.000918
0.001001
0.00089
0.000952
0.000961
0.000876
0.001017
0.000997
0.000944
0.000906
0.000969
0.000861
0.001003
0.000937
0.00107
0.000819
0.000972
0.00084
0.001027
0.000989
0.000898
0.00101
0.000921
0.000917
0.000899
0.001062
0.000942
0.000855
0.00081
0.0008
0.000871
0.000964
0.000935
0.000846
0.0009
0.000941
0.000915
0.001025
0.001014
0.000978
0.00106
0.000931
0.001228
0.000988
0.001011
0.000949
0.001104
0.000913
0.000941
0.000846
0.000949
0.001688
0.00112
0.001003
0.000964
0.000956
0.001084
0.000951
0.000967
0.000797
0.001065
0.000997
0.001028
0.001041
0.000947
0.001045
0.001061
0.001179
0.000916
0.000988
0.001056
0.000939
0.001005
0.000924
0.001251
0.00124
0.001069
0.000951
0.0011
0.001058
0.001087
0.001
0.001142
0.000917
0.001003
0.000805
0.00101
0.000831
0.001025
0.000956
0.001043
0.000829
0.001193
0.000923
0.000985
0.000901
0.000931
0.000962
0.001768
0.000959
0.001135
0.000917
0.000936
0.001077
0.000868
0.001074
0.000887
0.000896
0.001048
0.000893
0.000782
0.001001
0.001131
0.000912
0.001103
0.00101
0.001077
0.000969
0.001029
0.000921
0.001085
0.001008
0.001261
0.000878
0.00103
0.000919
0.001126
0.000978
0.00088
0.000929
0.001105
0.000805
0.001132
0.000859
0.000924
0.000886
0.000954
0.001169
0.000868
0.001103
0.000964
0.001017
0.000919
0.000999
0.000888
0.001093
0.000897
0.001021
0.000986
0.000756
0.000787
0.000995
0.000838
0.000941
0.000958
0.000984
0.000876
0.001039
0.001001
0.00103
0.00097
0.000954
0.001214
0.000891
0.000901
0.000878
0.000992
0.001658
0.001278
0.000972
0.000896
0.001764
0.001024
0.000992
0.001234
0.001043
0.000913
0.001173
0.000977
0.000977
0.001252
0.00089
0.00098
0.001219
0.001168
0.000988
0.001021
0.001164
0.000881
0.000862
0.001001
0.000937
0.000957
0.00107
0.000941
0.000843
0.000966
0.001099
0.001087
0.001217
0.001184
0.001112
0.000952
0.001132
0.000918
0.000917
0.000934
0.000995
0.00099
0.001027
0.000889
0.001099
0.001025
0.001097
0.001137
0.000981
0.000964
0.000975
0.000986
0.000909
0.000885
0.000848
0.000945
0.001031
0.000995
0.000991
0.000895
0.001055
0.000939
0.000978
0.00084
0.000931
0.00087
0.000884
0.000858
0.001293
0.001018
0.000822
0.000975
0.000901
0.000905
0.000887
0.001073
0.000907
0.000954
0.000931
0.000895
0.000993
0.000948
0.000906
0.000797
0.000888
0.000844
0.000923
0.001069
0.001152
0.001008
0.000922
0.00089
0.00097
0.00099
0.001138
0.000897
0.000925
0.001196
0.000901
0.001287
0.0008
0.000906
0.00104
0.0012
0.000922
0.001081
0.001006
0.001017
0.00106
0.000979
0.000999
0.001026
0.001095
0.000902
0.000997
0.001042
0.001007
0.000985
0.000986
0.000986
0.000982
0.000946
0.000858
0.000892
0.000916
0.000917
0.000925
0.001134