
0.0568998
0.0891135
0.0891135
0.117209
0.132981
0.090934
0.112932
0.145932
0.105298
0.128278
0.118003
0.0228406
0.0122243
0.0328393
0.161701
0.15228
0.173014
0.162119
0.136952
0.133042
0.139473
0.120565
0.126881
0.13878
0.142454
0.125051
0.14695
0.137433
0.123464
0.123464
0.137489
0.26294
0.26294
0.28252
0.270956
0.267419
0.286978
0.275275
0.260386
0.29185
0.28013
0.287874
0.276245
0.0538542
0.00522667
0.0256487
0.0217588
0.0424787
0.0424787
0.0267567
0.00478696
0.00515655
0.0315815
0.0413097
0.0081829
0.0248493
0.00081086
0.00377328
0.00500709
0.0132534
0.0132534
0.00928816
0.0370782
0.020353
0.016123
0.00371327
0.00371327
0.024431
0.0126724
0.0204317
0.00799627
0.0283388
0.00985073
0.0231445
0.0231445
0.0296771
0.0269317
0.0363506
0.0261271
0.0261271
0.04236
0.0659907
0.0125518
0.0396549
0.028896
0.0436018
0.0291115
0.0229404
0.0376396
0.0375296
0.0317224
0.038082
0.0374724
0.0374724
0.0596843
0.0310913
0.0310913
0.0176292
0.047712
0.0160672
0.0285851
0.0284624
0.00616721
0.0362852
0.032012
0.0104189
0.0164414
0.0146125
0.0215659
0.0278282
0.0036267
0.0227683
0.00490918
0.0304191
0.00312915
0.00312915
0.00983282
0.0531734
0.010716
0.010152
0.0528722
0.0114817
0.00503454
0.0403802
0.00219714
0.0348368
0.0369154
0.113799
0.106388
0.106388
0.151206
0.118208
0.13761
0.104613
0.116516
0.099
0.0614635
0.0559115
0.0631961
0.057474
0.0648018
0.027491
0.0166153
0.0035183
0.0223804
0.0223804
0.0150549
0.0472278
0.00407552
0.00407552
0.0160882
0.00316671
0.00268549
0.00268549
0.0173518
0.00447377