
2e-06
1e-06
1e-06
1e-06
1e-06
3e-06
1e-06
1e-06
2e-06
1e-06
1e-06
2e-06
1e-06
1e-06
1e-06
1e-06
2e-06
1e-06
1e-06
1e-06
0
1e-06
1e-06
1e-06
1e-06
1e-06
1e-06
1e-06
1e-06
1e-06
1e-06
1e-06
2e-06
1e-06
1e-06
1e-06
1e-06
1e-06
1e-06
1e-06
1e-06
1e-06
1e-06
1e-06
1e-06
1e-06
1e-06
1e-06
1e-06
1e-06
1e-06
1e-06
1e-06
1e-06
1e-06
1e-06
1e-06
1e-06
1e-06
1e-06
1e-06
1e-06
1e-06
1e-06
3e-06
1e-06
1e-06
2e-06
1e-06
2e-06
1e-06
2e-06
1e-06
1e-06
1e-06
0.025455
0.02496
0.024717
0.023746
0.024195
0.062572
0.021989
0.022498
0.022338
0.020827
0.020021
0.022063
0.021965
0.022428
1e-06
2e-06
1e-06
1e-06
1e-06
1e-06
1e-06
1e-06
2e-06
1e-06
1e-06
2e-06
1e-06
2e-06
1e-06
1e-06
2e-06
1e-06
1e-06
1e-06
1e-06
2e-06
2e-06
2e-06
0.062184
0.025993
0.025143
0.06255
0.024011
0.025224
0.022564
0.024925
1e-06
1e-06
2e-06
1e-06
0.027462
2e-06
2e-06
2e-06
2e-06
1e-06
1e-06
1e-06
1e-06
1e-06
1e-06
1e-06
1e-06
1e-06
1e-06
1e-06
1e-06
1e-06
1e-06
1e-06
2e-06
1e-06
1e-06
1e-06
1e-06
1e-06
2e-06
1e-06
2e-06
2e-06
2e-06
1e-06
2e-06
1e-06
1e-06
1e-06
2e-06
1e-06
2e-06
1e-06
1e-06
1e-06
1e-06
1e-06
1e-06
1e-06
1e-06
1e-06
1e-06
1e-06
0.064347
0.025994
0.025941
0.025715
0.025722
0.024126
0.061035
0.021331
0.0193
0.018953
0.02126
0.020946
0.062474
0.020806
0.020708
0.022284
0.019101
0.019226
0.019261
0.01792
0.014974
0.053087
0.054371
0.017446
0.016571
0.016009
0.015921
0.019119
0.017829
0.059702
0.018553
0.019401
0.021004
0.019257
0.019246
0.059239
0.056698
0.021062
0.057689
0.062247
0.022443
0.019114
0.017896
0.017366
0.020962
0.017505
0.015737
0.018253
0.018502
0.019577
0.018435
0.054608
0.057006
0.017739
0.019556
0.019348
0.054506
0.019772
0.014671
0.01426
0.014722
0.01295
0.016301
0.020062
0.016559
0.054427
0.018602
0.05556
0.018676
0.018468
0.019361
0.017085
0.014866
0.054585
0.017114
0.016713
0.055179
0.014773
0.014966
0.015041
0.054703
0.014705
0.054628
0.013918
0.012515
0.014607
0.017829
0.018336
0.019515
0.019376
0.020966
0.016128
0.016435
0.051765
0.01668
0.016443
0.016302
0.01737
0.017595
0.05617
0.017488
0.01839
0.055901
0.018213
0.055367
0.016658
0.017762
0.016739
0.017463
0.017804
0.017235
0.01847
0.017336
0.0546
0.017655
0.057407
0.057254
0.057596
0.020123
0.019031
0.020103
0.01965
0.058191
0.018828
0.018468
0.019058
0.020997
0.021336
0.021051
0.020676
0.019565
0.019827
0.057145