
0.007552
0.022514
0.008171
0.014333
0.00831
0.008822
0.013734
0.014909
0.007242
0.007204
0.00778
0.008095
0.022731
0.008011
0.026065
0.00683
0.007883
0.007648
0.00829
0.015159
0.014424
0.008448
0.007554
0.008794
0.007562
0.008549
0.007799
0.008323
0.007921
0.007968
0.007437
0.008163
0.007504
0.009345
0.007876
0.007985
0.009094
0.014023
0.007765
0.014581
0.008299
0.009192
0.008027
0.014994
0.007982
0.008101
0.005751
0.00719
0.009236
0.008995
0.008998
0.015159
0.0076
0.00771
0.00767
0.021777
0.009903
0.014194
0.008615
0.014072
0.007591
0.007927
0.008651
0.008625
0.008175
0.00888
0.007215
0.009401
0.009154
0.009124
0.015622
0.007306
0.008202
0.010945
0.00804
0.047637
0.036981
0.034655
0.05579
0.041167
0.074152
0.034268
0.0347
0.044525
0.032648
0.037463
0.02981
0.030091
0.033019
0.00972
0.009331
0.009757
0.008079
0.007577
0.007691
0.027129
0.007989
0.009055
0.014865
0.008594
0.01646
0.017611
0.009421
0.008336
0.007683
0.038378
0.011664
0.020356
0.00882
0.007832
0.01453
0.012814
0.0119
0.080949
0.035489
0.035013
0.080848
0.044039
0.050511
0.046023
0.038666
0.012719
0.022858
0.021744
0.011057
0.046303
0.007503
0.010257
0.010655
0.008541
0.009176
0.01886
0.007705
0.014691
0.010469
0.017787
0.008063
0.007493
0.010127
0.015122
0.01579
0.027337
0.01869
0.011067
0.009795
0.008012
0.006991
0.024503
0.011042
0.026645
0.035614
0.01277
0.009767
0.014159
0.01298
0.009512
0.011815
0.009466
0.022032
0.023671
0.009845
0.017964
0.008436
0.022693
0.023195
0.012527
0.019797
0.017617
0.015866
0.01252
0.022051
0.03841
0.035419
0.019687
0.021343
0.080131
0.035925
0.033555
0.032866
0.039161
0.03165
0.07727
0.028674
0.029026
0.039379
0.034935
0.038105
0.073661
0.049284
0.033619
0.035204
0.031831
0.040806
0.036218
0.02821
0.034236
0.064229
0.06403
0.037109
0.037424
0.035187
0.035122
0.031155
0.040082
0.070491
0.034082
0.035142
0.030872
0.028207
0.03712
0.070507
0.069952
0.03138
0.079304
0.07199
0.031435
0.031219
0.027139
0.037144
0.03065
0.026817
0.047432
0.028416
0.027299
0.047132
0.033151
0.063942
0.064108
0.02913
0.03291
0.028164
0.06681
0.030691
0.03274
0.021776
0.026061
0.036272
0.047043
0.02871
0.031204
0.061638
0.040856
0.070653
0.023284
0.03133
0.033345
0.026487
0.033673
0.078691
0.033608
0.024043
0.064648
0.037428
0.023693
0.028788
0.061448
0.024476
0.063567
0.031989
0.028985
0.032649
0.024185
0.040841
0.025734
0.036089
0.038992
0.032036
0.031522
0.074473
0.032339
0.031219
0.032157
0.032255
0.030659
0.068254
0.023382
0.033618
0.070213
0.024335
0.067174
0.028322
0.027108
0.038705
0.030334
0.027626
0.030419
0.028872
0.038157
0.067837
0.051457
0.062663
0.082188
0.094298
0.043003
0.039879
0.042761
0.034257
0.062862
0.039333
0.028553
0.033762
0.033307
0.036496
0.033076
0.027255
0.028136
0.030115
0.065667