
1.51128e+09
0.008948
0.02402
0.009705
0.015984
0.009985
0.010474
0.015391
0.01659
0.008936
0.008886
0.00945
0.009703
0.024393
0.009698
0.027998
0.008725
0.010045
0.009541
0.010188
0.016889
0.016169
0.010404
0.009263
0.010519
0.009312
0.010285
0.009513
0.00993
0.009493
0.009435
0.008864
0.00957
0.008908
0.010772
0.009305
0.009417
0.010518
0.015551
0.009188
0.016106
0.009711
0.010652
0.009484
0.016556
0.009526
0.009612
0.007008
0.008421
0.010469
0.010297
0.011689
0.05268
0.048089
0.053762
0.046334
0.056033
0.044015
0.056711
0.043223
0.054226
0.046028
0.056082
0.043843
0.056169
0.043734
0.056458
0.043501
0.056263
0.043736
0.056591
0.043413
0.056465
0.043523
0.056566
0.209936
0.075822
0.044515
0.062345
0.062698
0.066822
0.099373
0.06027
0.041394
0.059232
0.038848
0.177641
0.034905
0.067992
0.037783
0.062204
0.032067
0.066327
0.033687
0.066267
0.03372
0.0675
0.032601
0.061705
0.038169
0.0681
0.032484
0.070127
0.02984
0.05852
0.234268
0.052137
0.045984
0.185385
0.012953
0.062367
0.037743
0.097519
0.016407
0.097499
0.051191
0.03902
0.136691
0.059715
0.065058
0.050129
0.05455
0.018722
0.063064
0.03736
0.099413
0.236037
0.014573
0.101874
0.031523
0.011949
0.052464
0.101564
0.025016
0.023239
0.050108
0.061179
0.038873
0.059767
0.040165
0.097184
0.030139
0.031685
0.040987
0.060951
0.039031
0.052688
0.175778
0.03869
0.050541
0.039832
0.060906
0.039096
0.060035
0.039976
0.060262
0.039748
0.060239
0.039726
0.052886
0.047102
0.318701
0.022614
0.063316
0.036803
0.103477
0.030705
0.024586
0.038964
0.065285
0.03701
0.053585
0.224332
0.051767
0.038192
0.062397
0.096293
0.040357
0.089329
0.037103
0.061536
0.038452
0.083981
0.179929
0.033926
0.05999
0.039791
0.061168
0.08806
0.05345
0.098125
0.049234
0.035963
0.048199
0.040288
0.151225
0.047885
0.114833
0.077836
0.040746
0.058032
0.041305
0.098019
0.084055
0.04711
0.214562
0.047446
0.05077
0.039924
0.096442
0.051208
0.074571
0.084675
0.03848
0.327439
0.124145
0.045615
0.035381
0.031473
0.051373
0.039356
0.057792
0.051905
0.042346
0.222592
0.060772
0.040572
0.077502
0.068061
0.043115
0.037037
0.078308
0.073672
0.160925
0.080802
0.025056
0.037337
0.043264
0.060521
0.039144
0.059255
0.074491
0.044588
0.121141
0.029687
0.03551
0.209016
0.038076
0.051384
0.127802
0.040128
0.047306
0.198714
0.169633
0.029794
0.262141
0.112101
0.071889
0.074104
0.045153
0.047549
0.200962
0.027663
0.05982
0.040348
0.053053
0.174508
0.043207
0.0446
0.226345
0.04427
0.044173
0.200456
0.044478
0.044078
0.26419
0.219987
0.240111
0.284024
0.036579
0.078249
0.031438
0.040794
0.041791
0.057552
0.041325
0.097841
0.226281
0.08932
0.078942
0.054349
0.112165
0.08776
0.267403
0.092986
0.052103
0.045767
0.037124
0.068145
0.243499
0.040216
0.0412
0.060058
0.039866
0.05926
0.040817
0.059267
0.04068