
0.00103
0.001249
0.003423
0.00578
0.006393
0.003898
0.006051
0.006051
0.006134
0.006016
0.006229
0.006192
0.006231
0.020026
0.019956
0.01848
0.018143
0.018625
0.008084
0.017537
0.017454
0.017586
0.016027
0.015929
0.017091
0.011366
0.017535
0.019617
0.008013
0.003621
0.01267
0.011615
0.046925
0.011771
0.011204
0.051326
0.010912
0.010126
0.011098
0.012221
0.049047
0.013162
0.051334
0.013032
0.051092
0.011798
0.010775
0.009455
0.046674
0.009861
0.010509
0.002342
0.009304
0.009659
0.010425
0.009544
0.009705
0.009523
0.002463
0.049645
0.01253
0.052682
0.012712
0.01232
0.003064
0.011346
0.011407
0.011128
0.050895
0.010832
0.002307
0.009431
0.00957
0.01054
0.009697
0.047261
0.009493
0.00266
0.009473
0.046418
0.009178
0.008188
0.0473
0.04858
0.002458
0.009051
0.009739
0.046004
0.009566
0.010022
0.002616
0.049109
0.047
0.009408
0.009377
0.008074
0.002303
0.009011
0.008998
0.009052
0.04557
0.002331
0.044418
0.00681
0.009175
0.008669
0.008674
0.046208
0.00229
0.007683
0.008851
0.044806
0.002273
0.002115
0.002147
0.044824
0.046992
0.043833
0.007068
0.001981
0.010378
0.009109
0.002608
0.007544
0.002075
0.008163
0.002275
0.008362
0.002412
0.002132
0.002444
0.002308
0.008551
0.007837
0.008944
0.008195
0.047234
0.047844
0.007923
0.046106
0.002057
0.00218
0.046504
0.008788
0.001966
0.045136
0.008589
0.009494
0.008741
0.00883
0.008236