
65
70
47
65
16
146
127
106
65
47
19
147
92
20
81
74
38
42
93
93
149
20
19
49
307
165
9
162
176
165
401
170
118
306
162
118
196
183
169
191
127
99
118
162
500
129
191
387
152
422
452
170
152
162
18
126
15
51
99
145
65
60
113
106
113
56
46
51
163
132
163
131
111
245
500
173
193
500
500
173
401
63
103
122
113
125
42
500
99
100
500
455
180
146
500
499
180
123
104
182
242
143
144
500
117
117
142
176
120
176
116
112
176
344
176
95
498
138
500
176
24
106
67
17
44
109
90
29
66
25
56
11
11
97
177
89
66
29
66
141
31
29
141
12
43
10
43
25
59
8
21
81
35
82
21
56
17
15
35
35
21
19
82
81
35
21
21
21
80
82
21
82
74
13
54
74
13
13
9
31
72
74
75
74
13
74
405
202
125
105
318
92
92
167
104
42
59
22
62
54
77
42
57
61
62
38
92
78
35
28
48
38
44
37
45
43
87
26
81
83
14
33
51
35
30
71
22
16
64
31
31
98
17
73
98
18
98
83
35
33
33
91
25
7
28
68
50
37
79
28
30
79
28
92
91
28
14
22
91
36
11
18
83
22
72
83
29
93
44
22
84
15
11
84
22
63
26
23
64
20
84
10
20
77
20
57
57
16
72
45
21
16
20
94
77
138
96
242
299
151
271
229
10
127
69
127
48
72
94
86
93
13
94
109
40
41
70
67
127
352
106
145
362
360
65
280
360
13
44
64
27
44
15
44
23
23
67
30
33
46
24
32
45
30
32
54
62
27
42
22
54
38
28
68
23
39
31
62
61
26
41
22
62
37
28
68
27
72
27
70
55
21
36
42
59
36
48
64
56
28
21
26
36
25
32
25
50
32
30
30
66
17
55
25
51
151
51
25
113
34
158
48
31
28
28
115
26
60
158
79
79
79
54
38
46
54
26
80
118
80
62
80
28
32
79
107
113
40
43
55
24
80
120
80
64
80
33
45
49
39
115
56
41
59
22
82
123
82
44
82
42
115
57
40
59
21
82
124
82
45
82
118
116
59
38
61
19
83
127
83
119
83
122
110
77
31
115
12
100
122
100
114
100
30
231
258
181
260
184
282
156
267
206
119
90
21
13
40
106
133
133
129
14
24
109
92
135
24
23
135
135
135
139
96
18
35
48
23
139
139
138
17
156
96
96
48
36
17
96
435
151
6
98
93
85
412
379
154
156
194
332
6
156
367
257
85
156
200
151