
0.042267
0.004093
0.008885
0.005028
0.004341
0.009121
0.004538
0.004508
0.009168
0.004808
0.004245
0.004191
0.004021
0.004177
0.004061
0.003945
0.010734
0.004236
0.011707
0.004649
0.00395
0.004268
0.004461
0.004771
0.003866
0.004811
0.004677
0.004057
0.004246
0.003958
0.00476
0.004016
0.004975
0.003998
0.004401
0.004191
0.004249
0.003891
0.004337
0.003949
0.004433
0.004287
0.004589
0.005013
0.009012
0.004013
0.004203
0.004274
0.0046
0.005146
0.004433
0.009519
0.004195
0.004273
0.002577
0.003754
0.005332
0.004817
0.004892
0.003866
0.004151
0.004318
0.004254
0.004058
0.009552
0.004482
0.005233
0.008445
0.004384
0.008712
0.00396
0.004336
0.004478
0.004463
0.003866
0.004513
0.003327
0.004882
0.004826
0.00452
0.004516
0.00397
0.003843
0.004313
0.005751
0.004485
0.056859
0.002787
0.002628
0.003024
0.002481
0.001568
0.003797
0.00328
0.003411
0.002583
0.003157
0.003638
0.003935
0.001723
0.003753
0.003953
0.002666
0.003192
0.001718
0.009772
0.004389
0.002966
0.002432
0.007871
0.002211
0.003406
0.002489
0.004051
0.002754
0.004127
0.002785
0.003709
0.003649
0.003836
0.001708
0.004647
0.001881
0.007519
0.002401
0.049345
0.001188
0.00414
0.003702
0.005204
0.004888
0.004581
0.004938
0.003738
0.003332
0.003591
0.004079
0.011688
0.00383
0.005047
0.009342
0.004431
0.010146
0.010818
0.004988
0.00455
0.004136
0.069019
0.001926
0.003787
0.001396
0.002639
0.003223
0.004158
0.003155
0.003199
0.003436
0.003324
0.01177
0.005222
0.003655
0.003401
0.00416
0.002222
0.010316
0.002442
0.074822
0.004526
0.003832
0.00452
0.004004
0.00407
0.003168
0.006795
0.011682
0.00481
0.005674
0.011916
0.013226
0.004846
0.010133
0.011038
0.00372
0.004639
0.003399
0.003993
0.003709
0.010637
0.003857
0.010597
0.003837
0.003599
0.002886
0.011788
0.076174
0.003259
0.002986
0.003845
0.003304
0.003512
0.005463
0.005902
0.004329
0.00461
0.01186
0.003731
0.003699
0.004222
0.005534
0.004048
0.005585
0.003877
0.003503
0.005436
0.009204
0.005329
0.003438
0.012968
0.004319
0.011881
0.005917
0.003463
0.001822
0.00373
0.0035
0.042778
0.001896
0.00295
0.003174
0.001858
0.003344
0.001778
0.003225
0.001138
0.00112
0.011795
0.004092
0.005974
0.004079
0.005554
0.00373
0.003261
0.011831
0.005459
0.001869
0.003168
0.00362
0.004828
0.003609
0.00156
0.006641
0.002007
0.003585
0.004764
0.004066
0.001241
0.0042
0.002865
0.003825
0.001574
0.004267
0.003972
0.004084
0.001747
0.011817
0.003312
0.004029
0.00131
0.070967
0.001615
0.003636
0.002743
0.002677
0.001357
0.003173
0.001342
0.001549
0.00274
0.003151
0.009391
0.001566
0.003475
0.001332
0.011039
0.003143
0.012151
0.00385
0.00515
0.002817
0.011226
0.001488
0.008866
0.001615
0.008307
0.001629
0.003869
0.003456
0.011033
0.002753
0.010332
0.009974
0.001527
0.002513
0.073218
0.002668
0.001288
0.003324
0.002329
0.001582
0.001296
0.001152
0.00261
0.002719
0.002466
0.004613
0.011845
0.003024
0.002819
0.011106
0.001324
0.010793
0.002593
0.010171
0.005793
0.003868
0.003402
0.008217
0.0032
0.003183
0.005481
0.003419
0.049185
0.003774
0.002439
0.001405
0.002408
0.002723
0.002357
0.002524
0.00246
0.003248
0.002066
0.009894
0.00303
0.004989
0.003032
0.009192
0.001792
0.003931
0.001959
0.009581
0.00361
0.003158
0.002258
0.004841
0.002966
0.005061
0.002168
0.004788
0.002957
0.010862
0.002479
0.007202
0.003936
0.003846
0.001849
0.040176
0.003867
0.001395
0.001984
0.002748
0.001577
0.002673
0.001379
0.001519
0.008913
0.003519
0.004228
0.002094
0.003198
0.00157
0.003035
0.003871
0.003307
0.001695
0.004462
0.002915
0.002743
0.00322
0.004189
0.002919
0.001821
0.0032
0.00921
0.003108
0.004619
0.002888
0.011785
0.002016
0.004092
0.001918
0.047563
0.003259
0.001538
0.001065
0.001838
0.003351
0.003018
0.002049
0.00288
0.001944
0.002574
0.006317
0.003687
0.007926
0.001647
0.002687
0.00307
0.002564
0.003137
0.008676
0.002135
0.004495
0.001612
0.006008
0.001874
0.002806
0.003071
0.010859
0.002108
0.057765
0.00167
0.001558
0.003272
0.001617
0.003357
0.003852
0.00195
0.003804
0.002877
0.001709
0.002664
0.003015
0.003141
0.001717
0.005311
0.001896
0.002596
0.003126
0.010426
0.001923
0.002918
0.002539
0.003282
0.001828
0.010592
0.00445
0.001967
0.002525
0.003446
0.00232
0.002557
0.002879
0.047019
0.001794
0.001808
0.002494
0.001688
0.002117
0.002349
0.001518
0.002689
0.002995
0.001888
0.003448
0.010672
0.001794
0.001846
0.003292
0.002365
0.003299
0.004879
0.003257
0.006802
0.008268
0.004931
0.007401
0.006554
0.037011
0.001663
0.002399
0.001934
0.003479
0.003688
0.003994
0.001499
0.00804
0.003885
0.003812
0.003843
0.002904
0.011892
0.003031
0.00223
0.011891
0.002612
0.002569
0.004527
0.008936
0.004098
0.004375
0.009687
0.009386
0.002196
0.007694
0.009121
0.044164
0.001867
0.002866
0.002284
0.001723
0.002337
0.001624
0.002877
0.001821
0.001782
0.002612
0.003283
0.001989
0.009584
0.002243
0.004436
0.005892
0.002994
0.001845
0.008074
0.002079
0.002369
0.001779
0.003261
0.001945
0.036933
0.002207
0.003085
0.002186
0.002508
0.002158
0.001821
0.003081
0.002165
0.001936
0.002574
0.00407
0.00591
0.001911
0.002047
0.037537
0.0024
0.00311
0.002065
0.001947
0.002051
0.001689
0.003117
0.002247
0.001812
0.002842
0.003293
0.001875
0.005188
0.003871
0.037816
0.002157
0.003439
0.002109
0.001703
0.002464
0.002982
0.003088
0.002314
0.003049
0.002511
0.001883
0.001973
0.003296
0.001921
0.003003
0.001854
0.009328
0.001888
0.008147
0.001838
0.009054
0.001922
0.046857
0.002635
0.001885
0.004667
0.001901
0.001915
0.001556
0.00323
0.001714
0.00298
0.001835
0.001772
0.001895
0.009041
0.006409
0.001795
0.001899
0.007762
0.002489
0.007611
0.004394
0.041785
0.002239
0.001841
0.001976
0.001893
0.001533
0.004249
0.001878
0.003611
0.006819
0.003076
0.006458
0.002895
0.010807
0.003328
0.043638
0.003288
0.00324
0.001831
0.003146
0.001933
0.003064
0.004375
0.002848
0.003273
0.002949
0.002065
0.003438
0.001973
0.001982
0.005993
0.003051
0.005704
0.004226
0.045082
0.004596
0.002819
0.001858
0.003097
0.001898
0.002885
0.004552
0.003009
0.003266
0.003121
0.003374
0.001708
0.001996
0.001895
0.004944
0.002424
0.004372
0.002888
0.045315
0.004849
0.002556
0.001791
0.003172
0.001677
0.002833
0.004474
0.002939
0.002899
0.002941
0.001529
0.001789
0.044922
0.004508
0.002512
0.00177
0.003148
0.001793
0.002899
0.004449
0.003171
0.002925
0.002981
0.005205
0.004445
0.048614
0.00457
0.002497
0.00225
0.003107
0.001657
0.003229
0.004707
0.0031
0.004442
0.00307
0.004461
0.004489
0.048976
0.005195
0.003717
0.001625
0.004284
0.001514
0.004062
0.004488
0.004089
0.004173
0.004067
0.001498
0.001735
0.006638
0.007105
0.005094
0.007287
0.00564
0.007731
0.005278
0.007269
0.006009
0.049753
0.004666
0.003872
0.001422
0.00165
0.002934
0.004129
0.004745
0.004731
0.004681
0.001619
0.001272
0.006817
0.001542
0.004103
0.004747
0.003978
0.011598
0.003834
0.004758
0.001861
0.001401
0.001411
0.011981
0.004972
0.007337
0.007983
0.004909
0.004803
0.053679
0.005025
0.003962
0.001391
0.003056
0.003245
0.00177
0.004844
0.004896
0.00488
0.001748
0.010064
0.005249
0.009488
0.004233
0.004745
0.003743
0.003917
0.003034
0.00497
0.004408
0.001247
0.001206
0.00964
0.004087
0.048913
0.001132
0.005365
0.008985
0.001165
0.00466
0.001155
0.00941
0.007202
0.00366
0.00448
0.005904
0.004646