
155
90
252
155
150
146
381
429
155
500
307
165
62
162
176
165
401
170
118
306
148
434
202
489
369
145
137
178
403
489
193
420
132
498
355
133
500
164
407
500
500
410
500
455
180
142
500
499
180
142
98
120
109
490
225
184
124
117
130
88
215
450
276
500
475
500
116
120
166
268
401
405
194
500
467
263
108
133
112
452
384
149
96
492
54
77
160
96
101
433
237
83
97
438
51
128
98
146
116
105
91
92
91
431
348
130
180
360
123
114
108
84
83
428
356
83
435
366
138
331
103
422
77
428
78
136
85
354
139
83
97
127
69
127
69
145
94
362
236
76
95
135
64
358
65
96
135
175
97
490
83
141
62
83
63
100
141
177
100
492
82
149
61
82
62
100
149
176
100
493
78
163
55
78
57
111
150
172
111
488
190
363
50
194
51
305
155
61
116
365
191
158
48
86
49
303
280
287
118
158
94
160
46
98
47
225
284
220
120
438
214
161
43
100
45
225
286
190
123
439
215
129
41
102
43
227
287
193
128
441
216
130
40
102
42
228
289
193
128
441
216
129
38
103
41
229
290
194
180
442
217
141
31
151
33
240
292
205
181
453
224
145
21
207
77
245
303
290
191
140
430
148
18
225
86
68
500
295
268
141
435
151
6
98
93
85
412
379
154
156