
2.25755
2.27002
2.25755
2.25755
2.25755
2.25755
2.20472
2.20472
2.26626
2.26626
2.25755
2.28376
2.28376
2.25363
2.25363
2.25363
2.25755
2.25755
2.28376
2.25755
2.25755
2.25755
2.25755
2.20472
2.24459
2.22961
2.27224
2.24206
2.22844
2.20331
2.1757
2.24389
2.16446
2.12153
2.07773
2.03635
2.01894
1.99798
1.88579
1.8125
1.72544
1.71701
1.68173
1.66203
1.65427
1.63058
1.60891
1.96476
1.91089
1.90108
1.88135
1.8713
1.85112
1.81865
1.79043
1.74827
1.74827
1.72941
1.70348
1.72358
1.69521
1.68623
1.67326
1.72747
1.7048
1.67576
1.7708
1.6313
1.6313
1.59768
1.52624
1.52662
1.61666
1.57633
1.51964
1.49861
1.48253
1.49444
1.47156