
0.000944
0.000996
0.001161
0.000918
0.000895
0.000868
0.001067
0.00099
0.001121
0.001175
0.000921
0.000956
0.000883
0.001032
0.001015
0.000845
0.001136
0.001005
0.001183
0.001061
0.000887
0.000966
0.001098
0.001044
0.001166
0.001079
0.000905
0.00094
0.001103
0.000991
0.001249
0.001027
0.000945
0.001133
0.001343
0.001018
0.001078
0.000906
0.001079
0.00097
0.001061
0.001085
0.00122
0.001145
0.000917
0.000908
0.000839
0.001235
0.001171
0.001046
0.000879
0.001007
0.001697
0.001528
0.001502
0.001426
0.001108
0.001203
0.000892
0.001082
0.001493
0.001226
0.00121
0.001333
0.001394
0.001189
0.001496
0.001214
0.001341
0.001476
0.001221
0.00141
0.001397
0.000941
0.001367
0.001122
0.001127
0.001119
0.001124
0.001177
0.001082
0.001301
0.001275
0.001185
0.001338
0.001309
0.001162
0.001131
0.001197
0.0015
0.001227
0.000969
0.001256
0.000992
0.001286
0.000987
0.000956
0.000952
0.001042
0.001041
0.000876
0.000946
0.000985
0.001098
0.001099
0.001036
0.000821
0.00122
0.001498
0.000874
0.000949
0.001015
0.001033
0.001349
0.001256
0.001038
0.000933
0.001767
0.000896
0.001047
0.001124
0.000922
0.001116
0.000932
0.001236
0.001391
0.001011
0.001076
0.000891
0.001029
0.001068
0.000944
0.000971
0.001025
0.001023
0.00145
0.00093
0.000904
0.00123
0.000962
0.00158
0.001022
0.00109
0.001007
0.000938
0.000972
0.001107
0.001767
0.001419
0.000967
0.000894
0.003137
0.001559
0.002675
0.001198
0.001731
0.001052
0.000805
0.001489
0.001032
0.003221
0.000998
0.001404
0.001073
0.001109
0.001383
0.002103
0.000825
0.001115
0.000991
0.000946
0.000999
0.001157
0.001666
0.001051
0.001861
0.00102
0.001087
0.001048
0.00094
0.001074
0.001072
0.001326
0.001135
0.000871
0.001033
0.001127
0.001208
0.000922
0.001093
0.00101
0.001099
0.001023
0.001091
0.001237
0.001447
0.001026
0.001212
0.000977
0.001003
0.001104
0.000981
0.001078
0.001162
0.001163
0.001101
0.001261
0.001084
0.000984
0.001258
0.001204
0.001166
0.000925
0.001098
0.000969
0.001058
0.00127
0.001822
0.001675
0.00145
0.001094
0.000936
0.001289
0.000965
0.001921
0.001154
0.001068
0.000887
0.000912
0.001158
0.001014
0.001095
0.000943
0.001024
0.001541
0.000876
0.001057
0.000988
0.001022
0.001635
0.001452
0.001183
0.001052
0.001404
0.001269
0.000985
0.00124
0.001133
0.001037
0.001088
0.001616
0.000912
0.000921
0.000912
0.001002
0.001293
0.001664
0.001248
0.001043
0.000874
0.001014
0.000947
0.001096
0.001307
0.001139
0.001048