
0.00892
0.010032
0.011324
0.005512
0.010589
0.005051
0.005363
0.016231
0.008881
0.005734
0.009714
0.011918
0.006317
0.005124
0.004545
0.005075
0.004711
0.008951
0.004188
0.011207
0.005456
0.00468
0.005417
0.011881
0.006672
0.009434
0.005024
0.005149
0.0094
0.005342
0.004918
0.004477
0.005374
0.005586
0.010796
0.004402
0.009467
0.01133
0.008398
0.004481
0.005646
0.016274
0.011526
0.004793
0.004333
0.013818
0.008119
0.011782
0.016992
0.004565
0.005229
0.004569
0.01099
0.009954
0.009159
0.00737
0.007298
0.017861
0.003653
0.004151
0.0067
0.006289
0.007976
0.012868
0.010156
0.011958
0.007434
0.011484
0.005407
0.020017
0.006242
0.008391
0.011921
0.00612
0.013267
0.006296
0.012993
0.015504
0.012786
0.011814
0.005504
0.013329
0.005408
0.006081
0.010716
0.013861
0.006385
0.005181
0.010976
0.01039
0.011797
0.005826
0.005219
0.015713
0.007022
0.005053
0.006922
0.011615
0.005183
0.007567
0.007155
0.005266
0.0157
0.010227
0.018003
0.016028
0.004477
0.005549
0.015139
0.005783
0.011157
0.00463
0.01105
0.01445
0.01857
0.012466
0.014809
0.020618
0.010518
0.005029
0.004971
0.010708
0.008879
0.011081
0.012357
0.015132
0.010973
0.015648
0.010759
0.005656
0.011484
0.004106
0.005094
0.004371
0.009377
0.014715
0.004131
0.009792
0.006887
0.009456
0.006555
0.009549
0.006961
0.003829
0.008424
0.007814
0.008059
0.008081
0.012621
0.00531
0.004916
0.034363
0.016817
0.038298
0.015579
0.008358
0.008318
0.005306
0.02574
0.009789
0.036638
0.009152
0.011334
0.009091
0.014108
0.009076
0.032247
0.003339
0.01028
0.009306
0.009207
0.010633
0.011834
0.006345
0.00523
0.026141
0.010743
0.003975
0.008481
0.003914
0.01159
0.010669
0.013519
0.010443
0.005569
0.010185
0.01022
0.01071
0.005188
0.00884
0.013531
0.011774
0.012951
0.011826
0.011168
0.020686
0.012936
0.019475
0.011885
0.006222
0.013216
0.013306
0.011375
0.012038
0.025761
0.021629
0.004886
0.01331
0.010837
0.016747
0.017561
0.010738
0.011866
0.014479
0.005557
0.010781
0.013562
0.011298
0.021243
0.006405
0.004558
0.005038
0.00699
0.005863
0.007728
0.018489
0.008553
0.004421
0.005445
0.017268
0.005645
0.014247
0.004287
0.005569
0.010564
0.009945
0.005249
0.005123
0.011521
0.028218
0.008189
0.017966
0.004831
0.004675
0.005698
0.006079
0.012908
0.009572
0.014769
0.0052
0.003972
0.004878
0.010472
0.002142
0.00598
0.018032
0.003937
0.010868
0.009501
0.007583
0.008025
0.006112
0.005191
0.006381
0.006257
0.015981