
0.0282843
0.0506468
0.0745632
0.100313
0.0674761
0.089644
0.0912994
0.114363
0.0942355
0.0450747
0.0398261
0.0389216
0.0389216
0.0280608
0.0386483
0.124001
0.162635
0.163432
0.180724
0.187595
0.187595
0.194179
0.194179
0.196444
0.242177
0.196273
0.208878
0.203683
0.185698
0.181018
0.209947
0.206096
0.206096
0.076084
0.0131866
0.0397387
0.0384555
0.0209796
0.0209796
0.0276073
0.030734
0.00700292
0.00059307
0.00926885
0.00671477
0.0754179
0.0397664
0.0249613
0.0461481
0.0312145
0.0521024
0.0609646
0.0191292
0.0521286
0.0238657
0.00309521
0.000332469
0.0186257
0.00234845
0.066
0.0319189
0.0199364
0.00403989
0.0244007
0.0410523
0.0131982
0.0113684
0.00331496
0.066
0.0248242
0.00625952
0.066
0.0158658
0.00318072
0.0365332
0.0557485
0.0351822
0.0351822
0.0149831
0.064998
0.0446562
0.0242909
0.0407143
0.0110003
0.00609928
0.00230509
0.0659999
0.02341
0.0564004
0.0186985
0.0136715
0.0212819
0.00458952
0.061474
0.0564393
0.0311187
0.0390036
0.0593341
0.0416039
0.0416039
0.0366652
0.0366652
0.0443756
0.0316477
0.0407545
0.0152984
0.00243655
0.000780923
0.02027
0.00763661
0.0150303
0.0225212
0.0100158
0.00471177
0.0122555
0.0122555
0.0196499
0.00700428
0.0659999
0.00250624
0.0226649
0.0100443
0.0174995
0.0249974
0.0249974
0.0133983
0.00684121
0.0398224
0.00900373
0.0496945
0.0114787
0.0315744
0.060577
0.00932012
0.0347999
0.00204207
0.0145346
0.00724199
0.0259097
0.0128625
0.0057389
0.0659999
0.0144984
0.0474903
0.00887012
0.0108292
0.00310066
0.0180872
0.0180872
0.0381494
0.0126553
0.0196242
0.0196242
0.0397858