
3e-06
1e-06
1e-06
1e-06
2e-06
1e-06
1e-06
1e-06
3e-06
1e-06
1e-06
1e-06
1e-06
1e-06
1e-06
1e-06
4e-06
1e-06
1e-06
1e-06
1e-06
1e-06
2e-06
1e-06
2e-06
1e-06
1e-06
1e-06
1e-06
1e-06
1e-06
1e-06
2e-06
1e-06
1e-06
1e-06
1e-06
1e-06
1e-06
1e-06
1e-06
1e-06
1e-06
1e-06
1e-06
1e-06
1e-06
1e-06
1e-06
1e-06
1e-06
1e-06
3e-06
3e-06
2e-06
1e-06
1e-06
2e-06
1e-06
1e-06
2e-06
1e-06
2e-06
1e-06
3e-06
1e-06
2e-06
1e-06
1e-06
2e-06
2e-06
2e-06
2e-06
1e-06
2e-06
0.022392
0.025049
0.021089
0.022172
0.025046
0.025216
0.025346
0.025357
0.025467
0.023251
0.024758
0.025768
0.024412
0.02539
0.026632
1e-06
2e-06
2e-06
1e-06
3e-06
2e-06
1e-06
1e-06
2e-06
2e-06
1e-06
1e-06
2e-06
2e-06
2e-06
2e-06
2e-06
0.071134
3e-06
2e-06
2e-06
2e-06
1e-06
2e-06
1e-06
1e-06
2e-06
4e-06
2e-06
1e-06
1e-06
2e-06
2e-06
2e-06
1e-06
1e-06
1e-06
1e-06
0.031076
0.043359
0.029228
0.031813
0.0294
0.023964
0.025224
0.073953
0.021137
0.020667
0.059985
0.025672
0.062999
0.029853
0.085744
0.03187
0.022493
0.052704
0.024169
0.062316
0.069001
0.025963
0.022909
0.069549
0.062266
0.067464
0.0427
0.062773
0.033176
0.019343
0.058029
0.020901
0.067916
0.022424
0.058727
0.028727
0.019266
0.056428
0.057634
0.01903
0.018904
0.019176
0.018953
0.018759
0.020213
0.060277
0.023722
0.064498
0.02516
0.026856
0.026201
0.024673
0.022952
0.023054
0.023819
0.023568
0.023803
0.022575
0.049659
0.023421
0.023171
0.023167
0.022788
0.025866
0.027435
0.028485
0.025192
0.06391
0.027366
0.02716
0.026409
0.02944
0.029197
0.031766
0.032154
0.034032
0.03437
0.017005
0.017374
0.01744
0.017384
0.035137
0.022154
0.020934
0.0217
0.020881
0.020992
0.021028
0.01275
0.054187
0.076137
0.039524
0.01713
0.014684
0.041068
0.016021
0.058148
0.019474
0.016555
0.01651
0.013961
0.016688
0.018879
0.019048
0.018102
0.018574
0.058834
0.019873
0.021078
0.021285
0.020943
0.073212
0.071668
0.038849
0.020674
0.060015
0.07225
0.01852
0.016771
0.016992
0.016911
0.015806
0.033249
0.016496
0.012785
0.013388
0.013859
0.029552
0.053964
0.042508
0.015099
0.013984
0.013972
0.013745
0.014614
0.016322
0.028733
0.012627