
0.011992
0.01465
0.014288
0.008016
0.013807
0.00721
0.007698
0.022104
0.012341
0.008219
0.013481
0.015598
0.009139
0.007662
0.005875
0.007209
0.006071
0.011745
0.00623
0.015114
0.007659
0.006955
0.007805
0.014703
0.009478
0.013031
0.007379
0.007657
0.013885
0.007788
0.006711
0.006604
0.007698
0.007921
0.01459
0.006523
0.012853
0.015726
0.011665
0.005965
0.008226
0.02244
0.014342
0.006827
0.00646
0.019438
0.010977
0.015437
0.023395
0.006848
0.007802
0.006391
0.015454
0.013604
0.014177
0.011329
0.010431
0.02423
0.005994
0.007152
0.010789
0.010008
0.011359
0.017899
0.016793
0.016703
0.011651
0.016755
0.00815
0.028809
0.009966
0.013075
0.015621
0.008872
0.020486
0.035375
0.05197
0.051386
0.046582
0.051353
0.036539
0.051772
0.036566
0.03747
0.039787
0.044899
0.035663
0.033239
0.040968
0.0419
0.018253
0.00892
0.007555
0.061357
0.011002
0.007745
0.010415
0.015869
0.007312
0.011671
0.01046
0.00786
0.021294
0.013823
0.024812
0.022454
0.006334
0.08022
0.020645
0.008852
0.016482
0.007264
0.015135
0.019491
0.02621
0.016686
0.020827
0.027971
0.014848
0.007458
0.007717
0.014658
0.012654
0.015447
0.01699
0.022883
0.015402
0.022612
0.046609
0.052273
0.045112
0.038448
0.037577
0.030155
0.038255
0.093912
0.027318
0.034111
0.070422
0.038506
0.072771
0.0427
0.096339
0.037379
0.03819
0.066601
0.037269
0.078299
0.090574
0.033685
0.033096
0.121101
0.089013
0.130348
0.071821
0.081392
0.046419
0.030541
0.098127
0.036545
0.110195
0.034779
0.08248
0.044599
0.047652
0.077322
0.116861
0.026855
0.035903
0.033571
0.034096
0.036684
0.039581
0.078229
0.03594
0.105878
0.043807
0.035174
0.041438
0.033316
0.043628
0.042887
0.04996
0.040431
0.036445
0.040308
0.069116
0.037362
0.030637
0.035203
0.044315
0.041908
0.044609
0.047205
0.043303
0.097543
0.048621
0.058215
0.046433
0.043364
0.050669
0.056155
0.050817
0.05286
0.073763
0.055699
0.027468
0.037545
0.037468
0.067701
0.053371
0.04376
0.040673
0.042312
0.034053
0.039242
0.03042
0.070599
0.104964
0.048855
0.023969
0.021821
0.050565
0.024713
0.071363
0.045273
0.029984
0.023283
0.021751
0.039907
0.027449
0.039347
0.024924
0.026901
0.073418
0.033434
0.029202
0.028573
0.036615
0.113692
0.084131
0.063537
0.02803
0.070782
0.086503
0.030783
0.033542
0.040224
0.046853
0.026889
0.042148
0.023629
0.031291
0.018106
0.022597
0.05467
0.062973
0.05672
0.029568
0.024405
0.024628
0.02284
0.021142
0.025439
0.037684
0.033112