
1.51614e+09
0.013749
0.016193
0.01583
0.009577
0.015492
0.008905
0.009344
0.024379
0.014177
0.010055
0.015946
0.017517
0.011028
0.009416
0.00762
0.008984
0.007815
0.013528
0.007837
0.016666
0.009213
0.008558
0.009365
0.016313
0.011104
0.014644
0.008998
0.009228
0.015439
0.009346
0.008266
0.008113
0.009241
0.009302
0.016125
0.008015
0.014524
0.01745
0.013489
0.007754
0.009872
0.024248
0.016156
0.00862
0.00825
0.021216
0.012815
0.017302
0.025471
0.008891
0.011958
0.055513
0.057361
0.056128
0.048853
0.04581
0.046583
0.047997
0.05395
0.056616
0.046065
0.042734
0.05758
0.050384
0.049646
0.050107
0.046154
0.04721
0.053662
0.05037
0.055101
0.049011
0.042675
0.053075
0.182401
0.107526
0.078831
0.078161
0.081021
0.084429
0.070115
0.070176
0.054872
0.198056
0.071113
0.075965
0.065789
0.062933
0.072308
0.075568
0.049325
0.040476
0.013022
0.096698
0.042671
0.012943
0.041748
0.050635
0.049155
0.043262
0.044419
0.206459
0.042374
0.049982
0.050957
0.050245
0.056205
0.10984
0.055895
0.044721
0.050079
0.082078
0.082151
0.052128
0.055285
0.038793
0.091871
0.048871
0.031362
0.014267
0.224999
0.044045
0.050448
0.051392
0.049697
0.053695
0.046827
0.05552
0.121549
0.082484
0.07642
0.06599
0.059274
0.05029
0.092823
0.256722
0.041807
0.050779
0.091192
0.054666
0.105208
0.111105
0.108099
0.047001
0.316843
0.082847
0.053877
0.104189
0.113001
0.050359
0.040974
0.29594
0.113076
0.202713
0.087995
0.107682
0.190176
0.044744
0.115312
0.05087
0.131396
0.050174
0.109389
0.060702
0.055727
0.231589
0.136509
0.047222
0.050402
0.042202
0.198993
0.05155
0.055509
0.112522
0.043779
0.283914
0.061467
0.052631
0.050126
0.209608
0.051999
0.051221
0.221918
0.210122
0.206533
0.33064
0.084591
0.05262
0.047607
0.050545
0.060938
0.059341
0.061996
0.228523
0.059705
0.125022
0.056925
0.244364
0.064941
0.062124
0.071032
0.076169
0.07135
0.073718
0.233423
0.067714
0.050251
0.049658
0.111798
0.081797
0.066917
0.056899
0.054346
0.0485
0.040276
0.14344
0.033255
0.141865
0.179461
0.060215
0.049367
0.100527
0.062097
0.050523
0.095316
0.056525
0.04967
0.044445
0.050745
0.172767
0.030407
0.059823
0.051261
0.048373
0.09029
0.04613
0.042097
0.041952
0.089569
0.137814
0.14344
0.077586
0.042284
0.303481
0.101363
0.046888
0.049816
0.051067
0.057917
0.088855
0.057809
0.040351
0.158878
0.020694
0.083466
0.065024
0.126239
0.0669
0.050282
0.049062
0.050233
0.050946
0.050294
0.071264
0.046445