
0.001516
0.002604
0.009749
0.016796
0.015798
0.012566
0.009209
0.007711
0.011242
0.0172
0.013438
0.006209
0.013627
0.014014
0.013643
0.013684
0.010012
0.007901
0.010451
0.010874
0.015818
0.01491
0.00888
0.010498
0.007648
0.064859
0.018883
0.019352
0.026029
0.025276
0.025471
0.011585
0.011653
0.020357
0.025747
0.024579
0.024482
0.024057
0.025459
0.026781
0.025139
0.025605
0.028501
0.025415
0.018681
0.019127
0.018355
0.011698
0.005781
0.013983
0.014447
0.014342
0.015064
0.015349
0.021487
0.020168
0.025912
0.021522
0.021644
0.053485
0.058449
0.020483
0.020626
0.014969
0.057205
0.010093
0.009123
0.019074
0.020731
0.021176
0.02257
0.022264
0.022115
0.022498
0.023568
0.065331
0.021306
0.021943
0.020861
0.015467
0.01399
0.048257
0.004593
0.009478
0.010069
0.013698
0.010826
0.021034
0.06109
0.003992
0.002533
0.07305
0.010707
0.011001
0.01747
0.014857
0.011187
0.002499
0.003836
0.015393
0.061589
0.010945
0.017247
0.002373
0.009466
0.011081
0.009501
0.013108
0.01018
0.018128
0.010464
0.002793
0.008804
0.011917
0.010058
0.009577
0.00273
0.010977
0.009979
0.010795
0.021366
0.002708
0.003595
0.012117
0.011947
0.003109
0.011656
0.002963
0.003105
0.002924
0.002777
0.002699
0.080425
0.010708
0.010519
0.010897
0.010657
0.011602
0.012201
0.012125
0.011905
0.011401
0.018339
0.003066
0.002849
0.013122
0.013284
0.014622
0.014229
0.014696
0.01494
0.003333
0.008405
0.008455
0.008308
0.064087
0.009988
0.009484
0.009156
0.00951
0.002194
0.002221
0.006267
0.060842
0.063671
0.008022
0.007193
0.055961
0.008133
0.008286
0.016385
0.007966
0.007518
0.001978
0.00233
0.008502
0.009104
0.010045
0.008921
0.011932
0.009133
0.009268
0.00969
0.048714
0.016909
0.053566
0.010203
0.002438
0.02109
0.01067
0.007934
0.007858
0.007766
0.008008
0.055281
0.010578
0.001885
0.006566
0.028811
0.007623
0.057498
0.007468
0.007431
0.00674
0.006855
0.00754
0.00793
0.025395
0.006404
0.006603