
47
48
100
61
74
71
34
146
96
47
42
74
48
74
49
103
64
148
99
14
49
14
24
16
367
174
3
299
255
3
7
164
252
234
174
104
174
252
172
163
390
280
153
163
153
104
163
445
174
163
160
435
104
198
194
163
88
246
448
143
479
151
151
97
222
111
143
356
355
225
387
135
402
143
97
416
180
402
143
332
275
423
143
424
47
424
317
402
143
72
413
390
413
99
28
412
244
320
390
395
412
303
419
421
413
78
413
412
103
390
159
419
120
131
120
316
236
67
67
67
74
60
112
49
67
27
37
44
311
122
308
108
308
181
108
122
80
64
64
64
73
61
109
19
64
47
76
20
18
63
21
83
62
84
12
57
57
10
56
102
12
57
90
34
17
11
65
71
50
67
11
8
312
49
38
43
94
335
58
98
58
30
335
51
21
290
229
62
69
87
60
75
46
56
17
32
40
91
56
56
69
56
47
57
91
46
16
17
41
52
13
17
36
86
53
52
41
51
26
71
86
76
42
38
67
21
70
34
83
50
38
38
49
56
20
66
29
35
27
20
52
16
80
49
35
35
46
124
122
35
61
34
25
20
51
36
78
47
34
34
34
35
33
25
20
51
36
78
47
33
33
33
83
31
22
116
49
85
75
44
31
31
31
49
23
13
33
40
80
67
58
40
23
23
126
375
118
259
23
421
500
23
19
17
19
14
71
62
19
38
19
19
16
71
19
22
17
19
15
40
14
16
36
55
14
14
14
14
16
90
20
140
15
15
15
14
31
10
35
55
35
47
69
35
35
35
85
32
34
12
102
102
35
12
35
35
35
12
12
78
12
144
144
145
59
152
36
146
146
146
144
433
146
378
146
49
39
152
146
41
145
500
146
43
60
146
500
158
71
158
500
157
26
54
158
157
500
157
240
108
70
158
182
318
123
127
404
404
127
141
140
333
67
19
59
11
68
99
56
19
91
111
425
425
63
58
425
59
91
98
59
67
19
46
98
88
61
145
352
85
7
161
336
74
81
9
161
374
161
8
273
7
205
226
226
161
61
81
134
88
374