
0.04877
0.0071
0.003818
0.003997
0.008932
0.00399
0.008526
0.003627
0.003771
0.009917
0.003281
0.00354
0.003101
0.004014
0.007529
0.009656
0.004687
0.003571
0.003061
0.003653
0.003109
0.007059
0.002681
0.003062
0.005522
0.003926
0.003272
0.003806
0.009548
0.004757
0.003643
0.003576
0.003574
0.003736
0.004044
0.003059
0.003792
0.003194
0.003095
0.003837
0.003856
0.008287
0.002996
0.007265
0.008744
0.006296
0.003044
0.004019
0.003883
0.009329
0.00901
0.003238
0.003031
0.003501
0.007664
0.006472
0.009121
0.003979
0.009787
0.003037
0.003787
0.003091
0.008036
0.006957
0.006646
0.005185
0.00524
0.0099
0.00441
0.002462
0.00272
0.004498
0.004362
0.005915
0.010303
0.00332
0.004269
0.009657
0.005134
0.00511
0.003824
0.003548
0.010957
0.005096
0.004522
0.006019
0.009702
0.004468
0.004338
0.005896
0.041074
0.003328
0.002077
0.002334
0.001961
0.002424
0.002695
0.002821
0.002574
0.003493
0.004548
0.002956
0.00401
0.00645
0.002701
0.003104
0.00385
0.008762
0.002677
0.003344
0.003563
0.00663
0.002376
0.001904
0.003039
0.00631
0.003172
0.002819
0.00381
0.001837
0.006173
0.004429
0.00312
0.001547
0.003619
0.001255
0.004344
0.001852
0.05423
0.001041
0.001087
0.000994
0.004385
0.00381
0.004592
0.006466
0.00463
0.003519
0.008639
0.00772
0.00432
0.004995
0.00426
0.003535
0.003398
0.009416
0.004986
0.003574
0.005248
0.009403
0.003711
0.005882
0.005655
0.003791
0.062051
0.002547
0.003299
0.003226
0.002816
0.002674
0.003186
0.009923
0.008087
0.006955
0.007947
0.003353
0.009876
0.003189
0.003769
0.011972
0.004257
0.008575
0.003142
0.00887
0.011767
0.01119
0.003795
0.009805
0.002153
0.010176
0.016753
0.008455
0.003452
0.003462
0.069162
0.00259
0.001863
0.008551
0.006863
0.008923
0.009844
0.008891
0.002974
0.008752
0.0094
0.003283
0.0085
0.004017
0.009198
0.002762
0.003594
0.002954
0.007393
0.011986
0.050202
0.002174
0.002033
0.002002
0.002553
0.002269
0.002428
0.002214
0.001914
0.001884
0.003034
0.00294
0.007952
0.004975
0.00758
0.004338
0.00761
0.005029
0.002466
0.003461
0.002957
0.002155
0.050599
0.00268
0.002315
0.002244
0.002421
0.002309
0.002603
0.001336
0.002203
0.003185
0.003395
0.006205
0.00184
0.006312
0.001729
0.005509
0.003444
0.009942
0.002474
0.00394
0.003511
0.002313
0.028676
0.009664
0.052838
0.0019
0.001893
0.001717
0.001589
0.002132
0.002595
0.001788
0.001848
0.003665
0.003166
0.013621
0.002191
0.024215
0.007657
0.003284
0.004912
0.009364
0.003059
0.00248
0.001722
0.005882
0.004281
0.0066
0.001801
0.044226
0.001679
0.002245
0.002868
0.001954
0.002262
0.002289
0.003988
0.002243
0.004026
0.003035
0.010583
0.010662
0.002925
0.0078
0.001374
0.031373
0.007367
0.00872
0.005989
0.007232
0.002519
0.008156
0.003189
0.003723
0.002259
0.006589
0.005674
0.04005
0.002407
0.002363
0.001208
0.00196
0.002102
0.002222
0.002259
0.002234
0.002664
0.002367
0.018228
0.007596
0.004044
0.005188
0.002231
0.002241
0.008077
0.002349
0.007374
0.001393
0.007319
0.00168
0.042599
0.002242
0.00228
0.001711
0.001863
0.001956
0.002223
0.002346
0.002319
0.002167
0.002235
0.008628
0.002241
0.009438
0.00209
0.004105
0.005195
0.003664
0.003623
0.021451
0.005035
0.056517
0.002388
0.002032
0.001722
0.003413
0.001984
0.002103
0.002245
0.002126
0.002172
0.002628
0.008586
0.002436
0.00259
0.001718
0.0066
0.002123
0.002636
0.001851
0.053754
0.002437
0.002132
0.001967
0.002267
0.001759
0.002161
0.002233
0.00227
0.002176
0.002279
0.009437
0.004218
0.008606
0.004353
0.005624
0.005085
0.002048
0.003158
0.054271
0.002373
0.001938
0.001758
0.002199
0.002835
0.002092
0.00229
0.002071
0.002235
0.002113
0.008228
0.002199
0.052475
0.002297
0.00188
0.001748
0.002338
0.003029
0.001958
0.002221
0.00203
0.002247
0.002045
0.004071
0.003472
0.056625
0.002208
0.001765
0.002414
0.003861
0.001999
0.00231
0.002174
0.002097
0.002005
0.008126
0.002369
0.050009
0.002021
0.001815
0.002882
0.0019
0.003404
0.001976
0.0032
0.002183
0.001909
0.001799
0.008087
0.004221
0.008367
0.003804
0.006933
0.011069
0.002008
0.009431
0.01048
0.009503
0.001774
0.061114
0.001998
0.001942
0.00174
0.001896
0.001943
0.001663
0.002257
0.001789
0.002804
0.005337
0.003403
0.001748
0.017074
0.003448
0.010496
0.001999
0.006863
0.009396
0.001898
0.00178
0.065301
0.001953
0.003152
0.001666
0.002248
0.00277
0.00174
0.001767
0.001821
0.001911
0.001792
0.009629
0.002231
0.00453
0.003713
0.01066
0.001992
0.010858
0.005009
0.009156
0.001917
0.009669
0.00193
0.010811
0.010573
0.001892
0.001779
0.041561
0.00299
0.001638
0.003197
0.003131
0.001638
0.002883
0.002761
0.003525
0.006656
0.011639
0.003731
0.002833
0.003336
0.002753
0.010745
0.001768
0.008793
0.00417
0.009377
0.004231
0.004196
0.003079
0.009849
0.004463
0.001732
0.003029
0.004197
0.004173
0.00304
0.002879
0.00972
0.001886
0.011932
0.002023
0.004024
0.003709
0.008344
0.002177
0.02882
0.001568
0.011019
0.008288
0.017296
0.004346
0.003185
0.003842
0.005035
0.004302
0.005173
0.004096
0.011114
0.003896
0.002661
0.003208
0.003956
0.014049
0.042706
0.001428
0.004041
0.006751
0.00492
0.00299
0.00397
0.008155
0.008078
0.003698
0.003702
0.009308
0.015195
0.007629
0.005878
0.004846
0.010129
0.003417
0.002974
0.002017
0.056544
0.003769
0.00164
0.003467
0.003722
0.003489
0.001346
0.003619
0.003924
0.003998
0.004771
0.004461
0.00347
0.010427
0.003202
0.004188
0.003309
0.003647
0.009105
0.003064
0.003702
0.003629
0.003646
0.00332
0.002191
0.002225
0.00367
0.008504
0.003937
0.043624
0.001123
0.001151
0.001149
0.004347
0.010402
0.004318
0.002132
0.002251
0.008711
0.001229
0.0065
0.001018
0.006017
0.006285
0.004365
0.003828
0.004559
0.004532
0.003103
0.010216