
246
174
146
280
74
154
220
146
238
222
367
174
106
299
255
144
198
164
252
234
402
246
448
143
479
143
143
133
222
277
413
390
413
145
45
412
244
320
390
395
303
400
400
122
111
112
143
307
216
184
304
400
401
121
112
109
309
308
229
178
303
389
390
199
107
102
307
297
286
85
301
312
385
49
96
94
335
78
295
106
382
76
319
140
92
91
165
76
243
104
377
72
322
139
87
86
165
72
507
99
374
425
333
232
85
83
165
397
508
97
370
69
331
378
52
80
167
394
509
94
370
68
329
379
62
78
168
395
500
207
368
68
329
379
62
78
168
393
510
204
366
65
116
377
157
75
168
391
500
202
359
57
118
365
158
67
180
334
493
195
352
197
494
156
71
62
408
333
494
188
494
216
489
151
75
55
400
382
489
180
500
489
138
55
138
47
69
138
138
55
144
144
145
59
152
36
146
146
146
144
158
71
158
500
157
26
54
158
157
500
168
20
136
343
77
19
152
327
425
425
88
61
145
352
85
7
161
336
74
81