
0.003482
0.001814
0.001625
0.002105
0.002359
0.001011
0.002003
0.002182
0.002181
0.001963
0.000849
0.001447
0.002173
0.002497
0.002248
0.00228
0.002346
0.002448
0.00224
0.002383
0.002467
0.00217
0.003109
0.002145
0.002146
0.002495
0.002463
0.002183
0.002183
0.002183
0.002331
0.002118
0.002343
0.002669
0.002134
0.003998
0.004106
0.003783
0.006542
0.008333
0.00551
0.00541
0.006708
0.006644
0.009052
0.01089
0.009625
0.008065
0.008268
0.005719
0.00633
0.007269
0.009258
0.00832
0.009567
0.008859
0.008801
0.006992
0.005604
0.006465
0.006528
0.007988
0.006987
0.005608
0.008938
0.007401
0.006614
0.006207
0.005726
0.005953
0.00821
0.009583
0.011296
0.008366
0.007437
0.006472
0.006723
0.006666
0.006759
0.006811
0.006224
0.007304
0.006957
0.006056
0.0063
0.006653
0.00758
0.009479
0.007997
0.008572
0.008536
0.007668
0.00711
0.005949
0.00628
0.006389
0.006945
0.005708
0.005359
0.005768
0.006036
0.005452
0.005884
0.004628
0.006088
0.005911
0.004863
0.002022
0.005909
0.005127
0.005965
0.005639
0.004931
0.002889
0.00576
0.00791
0.007473
0.007191
0.006975
0.006533
0.00606
0.005456
0.006174
0.008048
0.007308
0.009616
0.010172
0.012135
0.008746
0.009041
0.006682
0.007337
0.007759
0.007795
0.012538
0.01098
0.008715
0.009
0.006417
0.005378
0.003415
0.009641
0.008286
0.009981
0.006379
0.007846
0.005958
0.005295
0.001918
0.008587
0.00807
0.011112
0.008292
0.00845
0.009677
0.01122
0.011333
0.013803
0.016001
0.015038
0.014906
0.011655
0.008145
0.006462
0.008261
0.005685
0.00391