0.00290393829346
0.00365304946899
0.00286412239075
0.00289011001587
0.0028920173645
0.00288987159729
0.00290608406067
0.0028669834137
0.00291395187378
0.00287008285522
0.0028920173645
0.00287008285522
0.00289392471313
0.00287485122681
0.00290584564209
0.00300598144531
0.00287818908691
0.00289487838745
0.00292801856995
0.00288796424866
0.00290012359619
0.00288391113281
0.00287318229675
0.00334882736206
0.00294804573059
0.00287890434265
0.00289011001587
0.00285887718201
0.00287699699402
0.00288796424866
0.0028989315033
0.00287699699402
0.00288486480713
0.00289702415466
0.00289106369019
0.00291085243225
0.00286793708801
0.00288796424866
0.00292301177979
0.00289392471313
0.00292181968689
0.00287103652954
0.00287699699402
0.00288486480713
0.00291299819946
0.00289011001587
0.00289297103882
0.00411605834961
0.00289011001587
0.00290608406067
0.00288605690002
0.00288009643555
0.00285696983337
0.00289392471313
0.00291609764099
0.00289607048035
0.00290298461914
0.00287294387817
0.00288319587708
0.00290608406067
0.00294899940491
0.0036609172821
0.00288701057434
0.00288391113281
0.00290584564209
0.00289583206177
0.00292110443115
0.00288581848145
0.00290822982788
0.00289011001587
0.0028920173645
0.00287795066833
0.00288701057434
0.00292420387268
0.00289106369019
0.00286817550659
0.00286793708801
0.00288796424866
0.00320506095886
0.00296401977539
0.0031099319458
0.00285792350769
0.00290894508362
0.00291299819946
0.00291299819946
0.00337791442871
0.00287103652954
0.00294089317322
0.00291991233826
0.00290584564209
0.00296497344971
0.00292992591858
0.00348401069641
0.00313711166382
0.00291323661804
0.00311589241028
0.00285506248474
0.00334596633911
0.00305819511414
0.00287485122681
0.00292706489563
0.0028760433197
0.0028932094574
0.00293397903442
0.0028920173645
0.00289011001587
0.00288105010986
0.00289487838745
0.00293803215027
0.0028920173645
0.00332593917847
0.00289797782898
0.00289487838745
0.00289106369019
0.0028829574585
0.0028989315033
0.00333404541016
0.00287699699402
0.00304102897644
0.00329399108887
0.00293493270874
0.00290393829346
0.00292205810547
0.00289011001587
0.00298404693604
0.00292301177979
0.00303792953491
0.0028600692749
0.00296878814697
0.00299096107483
0.00302219390869
0.00294995307922
0.0031590461731
0.00293803215027
0.00295519828796
0.00300288200378
0.00293016433716
0.00295805931091
0.00288915634155
0.00290513038635
0.00287199020386
0.00288891792297
0.00292086601257
0.00314998626709
0.00291800498962
0.00293016433716
0.00289392471313
0.00292205810547
0.0028920173645
0.00290298461914
0.00291585922241
0.00290203094482
0.00291395187378
0.00286793708801
0.0028920173645
0.00423407554626
0.00288009643555
0.00289106369019
0.00293207168579
0.00289702415466
0.00290083885193
0.00298190116882
0.00288796424866
0.00288510322571
0.00290608406067
0.00293707847595
0.00302314758301
0.00286483764648
0.00288701057434
0.00290584564209
0.00290489196777
0.00291705131531
0.00296998023987
0.00289797782898
0.00327491760254
0.00291895866394
0.00289821624756
0.00296807289124
0.00291299819946
0.00291991233826
0.00288891792297
0.00290822982788
0.00295901298523
0.00287914276123
0.00293898582458
0.00289702415466
0.00287985801697
0.00297498703003
0.00287795066833
0.00291800498962
0.00290203094482
0.00291681289673
0.00299000740051
0.0028920173645
0.00290513038635
0.00290513038635
0.00289297103882
0.00301599502563
0.00289297103882
0.00290322303772
0.00313591957092
0.00289678573608
0.00290894508362
0.00289797782898
0.0029079914093
0.00291299819946
0.00289797782898
0.00291180610657
0.0028920173645
0.00290298461914
0.00290179252625
0.00289082527161
0.00293397903442
0.0028920173645
0.00333404541016
0.00290489196777
0.00291299819946
0.00297498703003
0.00289511680603
0.00290107727051
0.00298309326172
0.00289011001587
0.00292086601257
0.00303816795349
0.00290107727051
0.00286316871643
0.00387620925903
0.00292015075684
0.00291705131531
0.00366401672363
0.00289392471313
0.00289607048035
0.0042610168457
0.00287914276123
0.0028932094574
0.00289702415466
0.00289511680603
0.00290322303772
0.0028920173645
0.00291991233826
0.00294089317322
0.00288391113281
0.00290393829346
0.00287580490112
0.00292301177979
0.0029399394989
0.00288105010986
0.00288319587708
0.00291705131531
0.0028829574585
0.00290703773499
0.00286602973938
0.00294399261475
0.00291204452515
0.00288105010986
0.00292611122131
0.00288701057434
0.00287485122681
0.00290513038635
0.00292801856995
