
1.86995
1.84384
1.87762
1.87762
1.86602
1.86602
1.86602
1.87044
1.87044
1.73343
1.73343
1.74751
1.79852
1.79852
1.8036
1.805
1.805
1.80322
1.805
1.80651
1.73343
1.81214
1.818
1.73343
1.74187
1.7272
1.85658
1.83609
1.84012
1.83109
1.83036
1.83036
1.90837
1.75056
1.73635
1.72884
1.76459
1.73656
1.70472
1.63012
1.63012
1.58797
1.57081
1.56363
1.55157
2.10824
2.08764
1.94811
1.63954
1.61667
1.58943
1.5869
1.57663
1.58872
1.55825
1.55712
1.52679
1.51328
1.49337
1.49337
1.46334
1.44354
1.44908
1.42947
1.40515
1.37473
1.29638
1.28626
1.28317
1.25287
1.24525
1.15707
1.12786
1.02598
0.980644
0.950379
0.925283
0.919058
0.81009
0.835313
0.825811
0.798501
0.798501
0.719819
0.748404
0.726464
0.699683
0.734537
0.725004
0.632869
0.632869
0.643673
0.603613
0.596453
0.596453
0.572217
0.572217
0.556879
0.503236
0.496293
0.519232
0.557642
0.555532
0.535609
1.20534
1.21548
1.21548
1.23054
1.23237
1.20744
1.18997
1.22595
1.22134
1.22364
1.17127
1.14893
1.12847
1.16987
1.16988
1.14739
1.11668
1.11668
1.0963
1.07578
1.07578
1.06519
1.04439
1.0232
1.0232
1.0232
1.01279
0.950335
0.919039
0.919039
0.908968
0.893612
0.860895
0.860895
0.850391
0.840121
0.808377
0.775008
0.776452
0.743808
0.754982
0.727868
0.707472
0.690753
0.669402
0.681106
0.605096
0.594953
0.533217
0.490575
0.484146
0.451768
0.452835
0.475503
0.475503
0.37469
0.355043
0.355043
0.434082
2.80567
2.82761
2.82201
2.71437
2.75787
2.76763
2.7672
2.78676
2.78632
2.88204
2.88102
2.85429
2.8421
2.79543
2.77275
2.77275
2.80312
2.78846
2.77473
2.60911
2.5783
2.4953
2.41686
2.39764
2.45814
2.44903
2.40099
2.38432
2.34706
2.34933
2.29587
2.00303