
0.004336
0.00839
0.005612
0.004698
0.005005
0.015211
0.005466
0.005023
0.004749
0.003806
0.004954
0.004674
0.005474
0.005002
0.004577
0.00478
0.008928
0.005662
0.005537
0.005741
0.006178
0.00546
0.004339
0.009212
0.004484
0.003841
0.004342
0.006078
0.005663
0.00472
0.010909
0.009756
0.005202
0.00451
0.004374
0.005431
0.005803
0.004427
0.005935
0.005934
0.00583
0.004463
0.005971
0.009025
0.004899
0.00434
0.008644
0.004494
0.004227
0.005328
0.01117
0.009517
0.016918
0.006147
0.024509
0.005724
0.015427
0.006364
0.014201
0.011214
0.011885
0.027438
0.011948
0.023035
0.004457
0.004889
0.014395
0.00553
0.005023
0.005362
0.012464
0.013263
0.00527
0.012281
0.006519
0.004627
0.010019
0.004597
0.004192
0.004963
0.004798
0.004456
0.009147
0.00573
0.00582
0.004735
0.007162
0.004285
0.008403
0.010021
0.004926
0.005872
0.005033
0.011851
0.006665
0.003949
0.010274
0.013191
0.00577
0.007246
0.006528
0.008286
0.005601
0.00582
0.00674
0.005181
0.004161
0.009004
0.004982
0.004685
0.00518
0.004904
0.008668
0.008396
0.004975
0.005955
0.00501
0.010814
0.011393
0.017923
0.010288
0.005921
0.003883
0.00622
0.009755
0.005321
0.004852
0.004892
0.015624
0.004624
0.009253
0.00565
0.012987
0.006193
0.012466
0.005016
0.006982
0.013114
0.005104
0.007127
0.005114
0.004806
0.017253
0.004716
0.007089
0.010945
0.006543
0.007345
0.005154
0.006022
0.014167
0.005008
0.007357
0.00689
0.007199
0.007172
0.007534
0.017605
0.005228
0.007439
0.010498
0.00851
0.020296
0.007023
0.006185
0.012548
0.003625
0.010341
0.007572
0.009821
0.00802
0.015956
0.009258
0.008187
0.009123
0.005812
0.012982
0.013019
0.005766
0.024363
0.01422
0.006858
0.006716
0.00546
0.005078
0.009942
0.005391
0.012112
0.011727
0.009434
0.010294
0.011872
0.016269
0.005337
0.008734
0.005008
0.004934
0.007924
0.006301
0.004691
0.032456
0.003499
0.0118
0.005347
0.006824
0.009175
0.016295
0.010286
0.024182
0.010855
0.01469
0.007217
0.008071
0.00632
0.010705
0.009094
0.008008
0.013461
0.012255
0.012482
0.010444
0.00928
0.020063
0.005555
0.007249
0.017525
0.00793
0.005361
0.005004
0.004715
0.010097
0.007497
0.005833
0.004148
0.006292
0.013329
0.014505
0.011729
0.006131
0.007825
0.008079
0.004706
0.011436
0.006066
0.004353
0.008763
0.008748
0.005013
0.004928
0.005587
0.004343
0.005748
0.005707
0.018236
0.009196
0.004383
0.006419
0.017042
0.005541
0.007794
0.00988
0.017875
0.012543
0.008304
0.004735
0.006042
0.004264
0.005734
0.004906
0.004362
0.006393
0.006058
0.01373
0.005534
0.006114
0.007879
0.006313
0.006982
0.004375
0.005653
0.008827
0.007428
0.007664
0.006245
0.012126
0.006645
0.007027
0.018175
0.015793
0.015548
0.004391
0.017073
0.007894
0.007975
0.008152
0.715147
0.008025
0.010766
0.024487
0.010514
0.021092
0.011585
0.008155
0.016102
0.017998
0.005875
0.007459
0.010631
0.022167
0.037926
0.016233
0.018982
0.010537
0.007064
0.015788
0.01075
0.016207
0.015338
0.016749
0.004921
0.014567
0.016354
0.005719
0.005088
0.005222
0.006188
0.015401
0.004754
0.004254
0.005822
0.014347
0.014932
0.005269
0.004669
0.005182
0.005385
0.028411
0.006147
0.024802
0.021546
0.016159
0.004218
0.020207
0.011208
0.012133
0.013707
0.013201
0.004965
0.005607
0.032735
0.003766
0.004883
0.022414
0.027417
0.017848
0.019678
0.014444
0.015193
0.010808
0.01579
0.006227
0.00351
0.016647
0.020957
0.020182
0.00593
0.00798
0.004881
0.006481
0.00619
0.017254
0.017619
0.010678
0.004531
0.004712
0.004722
0.003424
0.019361
0.00346
0.012299
0.004112
0.029847
0.004322
0.011784
0.011835
0.004003
0.004001
0.004011
0.009597
0.005345
0.021475
0.014031
0.002946
0.023139
0.015528
0.005255
0.002893
0.01425
0.01427
0.01039
0.014497
0.007437
0.007856
0.013695
0.019883
0.007103
0.009872
0.009306
0.005562
0.010775
0.006616
0.010922
0.008184
0.012241
0.014487
0.006139
0.008331
0.040465
0.005959
0.007033
0.005064
0.010245
0.034174
0.005397
0.004759
0.012873
0.013306
0.006554
0.011601
0.002829
0.007573
0.010646
0.00815
0.016877
0.00305
0.006468
0.008484
0.010364
0.003663
0.011541
0.002651
0.006598
0.008844
0.009027
0.003931
0.003909
0.005336
0.006725
0.003669
0.027259
0.011409
0.003677
0.012899
0.005587
0.018397
0.035118
0.003929
0.04241
0.006032
0.004722
0.002932
0.006684
0.007605