
0.000808
0.000902
0.000954
0.001025
0.000957
0.001101
0.000885
0.000935
0.00109
0.000947
0.000739
0.00086
0.001063
0.001186
0.000975
0.000984
0.000861
0.001258
0.000976
0.001185
0.001302
0.000901
0.00099
0.001001
0.000936
0.000976
0.001003
0.001178
0.000902
0.001106
0.000981
0.001064
0.000989
0.001193
0.000913
0.001024
0.001014
0.000932
0.000955
0.001049
0.001013
0.000915
0.00095
0.000926
0.000979
0.001049
0.001108
0.001228
0.001044
0.001028
0.000845
0.000994
0.00145
0.000986
0.001491
0.001072
0.001202
0.001188
0.001278
0.001253
0.001154
0.0015
0.001216
0.001459
0.001045
0.001069
0.002949
0.000959
0.001297
0.000939
0.001179
0.001084
0.001208
0.002026
0.001036
0.001188
0.001265
0.001098
0.001115
0.001209
0.001054
0.00106
0.000976
0.001197
0.001306
0.001114
0.001102
0.001038
0.001108
0.001177
0.001171
0.001018
0.001193
0.00133
0.001133
0.000919
0.001371
0.001311
0.001459
0.001231
0.001351
0.001037
0.001153
0.001253
0.001034
0.001114
0.000863
0.001116
0.001186
0.001117
0.00116
0.001071
0.001035
0.001047
0.001151
0.0014
0.00125
0.001007
0.001388
0.001457
0.001232
0.00123
0.001046
0.000946
0.001212
0.000973
0.000979
0.001259
0.00162
0.00091
0.001159
0.001271
0.001506
0.001152
0.002307
0.001267
0.001193
0.001254
0.00119
0.001454
0.001003
0.001069
0.001363
0.001084
0.000982
0.001103
0.000835
0.001075
0.001285
0.000948
0.001144
0.000855
0.001084
0.001161
0.001143
0.001127
0.001275
0.001343
0.001091
0.001145
0.0015
0.001197
0.001544
0.000872
0.001062
0.001155
0.001015
0.001316
0.001394
0.001261
0.001278
0.00201
0.001259
0.001552
0.001344
0.001249
0.001068
0.001537
0.001133
0.001463
0.001337
0.001049
0.001374
0.001004
0.001038
0.001125
0.001122
0.001293
0.001141
0.00101
0.001057
0.001513
0.001527
0.001079
0.001086
0.000947
0.001016
0.001033
0.001311
0.001306
0.003084
0.000971
0.001098
0.001063
0.0013
0.001617
0.00181
0.001079
0.002038
0.001102
0.001131
0.000999
0.000986
0.001212
0.001427
0.001521
0.001357
0.00147
0.001602
0.001512
0.001488
0.001208
0.001579
0.001672
0.000836
0.003188
0.000999
0.000888
0.001344
0.001248
0.001274
0.001356
0.000969
0.000902
0.001204
0.001221
0.001298
0.001199
0.001215
0.00154
0.001737
0.000903
0.001605
0.00119
0.000981
0.000967
0.001255
0.001079
0.001051
0.001168
0.001056
0.00112
0.001075
0.001267
0.001
0.001239
0.001134
0.001623
0.001102
0.001428
0.001874
0.001955
0.001434
0.000906
0.001237
0.001206
0.001003
0.001381
0.000927
0.000962
0.001145
0.000997
0.001433
0.001412
0.001097
0.000978
0.001098
0.001668
0.001155
0.001032
0.001668
0.001069
0.001306
0.001366
0.001373
0.001315
0.001167
0.001455
0.001214
0.001491
0.001018
0.001381
0.001208
0.001359
0.001416
0.001401
0.00105
0.001059
0.001954
0.001826
0.002618
0.00102
0.001124
0.001189
0.001456
0.001243
0.001371
0.001256
0.0011
0.001884
0.001325
0.001283
0.001027
0.000993
0.001097
0.00095
0.001015
0.00108
0.001103
0.000935
0.001024
0.001147
0.001146
0.000964
0.001054
0.001399
0.000988
0.000814
0.001015
0.001246
0.001004
0.001056
0.001071
0.001113
0.000964
0.000852
0.002082
0.001206
0.001581
0.001421
0.00104
0.000976
0.001422
0.001527
0.001537
0.003575
0.00152
0.000943
0.001437
0.002211
0.001038
0.001323
0.004531
0.002053
0.001358
0.001562
0.001083
0.001157
0.000966
0.001162
0.001051
0.000911
0.001142
0.001495
0.001694
0.000965
0.001286
0.000931
0.000722
0.001211
0.001831
0.001619
0.001232
0.001068
0.001127
0.001091
0.001233
0.001111
0.001105
0.001168
0.000987
0.00153
0.001075
0.001171
0.001039
0.000979
0.001019
0.001043
0.001316
0.001655
0.001621
0.001053
0.000872
0.001716
0.00119
0.001068
0.000914
0.000909
0.000998
0.000995
0.001168
0.001223
0.001151
0.001015
0.001892
0.001011
0.001002
0.001247
0.001399
0.001023
0.001036
0.000984
0.000917
0.001301
0.001128
0.001455
0.001881
0.001869
0.001174
0.000967
0.001092
0.001709
0.002117
0.000899
0.000929
0.001249
0.001081
0.000923
0.001501
0.001112
0.000875
0.002145
0.001301
0.002042
0.001289
0.00121
0.001382
0.001333
0.001537
0.001602
0.000977
0.000988
0.001125
0.00115
0.001064
0.001461
0.001299
0.001121
0.001045
0.002319
0.001743
0.001674
0.001613
0.001352
0.002688
0.004007
0.001565
0.002183
0.001256
0.000997
0.001067
0.001227
0.001129