
0.0286907
0.058794
0.0502749
0.0757032
0.0707772
0.081412
0.0848731
0.117571
0.0879558
0.010162
0.00935919
0.0162743
0.0117747
0.0217202
0.0930847
0.0609496
0.0932256
0.0606546
0.0713723
0.103953
0.0818786
0.103663
0.0817887
0.020719
0.0301235
0.00828292
0.0391051
0.0905302
0.13152
0.128856
0.00476383
0.0117297
0.0192124
0.175836
0.182149
0.163078
0.185908
0.16466
0.183363
0.183363
0.203416
0.183039
0.192917
0.192917
0.224076
0.356489
0.327862
0.361983
0.393477
0.365627
0.375734
0.386403
0.392969
0.392969
0.392368
0.377783
0.34587
0.289081
0.259196
0.236952
0.249952
0.226635
0.226124
0.211102
0.24902
0.290948
0.291162
0.291373
0.291791
0.292038
0.292037
0.292642
0.292642
0.292956
0.293186
0.290311
0.290311
0.282272
0.282416
0.268529
0.267279
0.26808
0.269011
0.269151
0.269393
0.269228
0.269814
0.270038
0.270604
0.270635
0.266998
0.232569
0.226644
0.235592
0.235592
0.235592
0.236559
0.240862
0.240862
0.240862
0.244505
0.244505
0.0072175
0.0148104
0.0234308
0.0953664
0.0636974
0.0791454
0.153968
0.119967
0.130896
0.119616
0.130207
0.130207
0.140797
0.129565
0.140156
0.0920911
0.113713
0.272925
0.227426
0.248991
0.236548
0.236548
0.226164
0.214911
0.221658
0.225983
0.21562
0.480127
0.47983
0.476599
0.476301
0.476982
0.47596
0.335272
0.357396
0.341196
0.347702
0.340037
0.34683
0.34683
0.07589
0.0168485
0.0158586
0.00772002
0.00978668
0.0324667
0.0436333
0.0338001
0.044989
0.029892
0.0473268
0.0441125
0.0606832
0.0544628
0.0236888
0.027203
0.027203
0.0365054
0.0307841
0.0400073
0.0137083
0.0320373
0.0235603
0.0252923
0.0252923
0.0308379
0.041597
0.0313594
0.0416627
0.0242211
0.0347917
0.0347917
0.020659
0.041226
0.0219634
0.0316292
0.0249217
0.0335905
0.0728078
0.0230785
0.0395238
0.0269389
0.0314561
0.01922
0.0135064
0.0199514
0.0199378
0.0397197
0.0660012
0.0121377
0.0291188
0.0171334
0.0232429
0.0384891
0.0272078
0.0333597
0.0318137
0.0474465
0.0366337
0.0426759
0.0560323
0.0560323
0.0451562
0.0509665
0.0480472
0.0638518
0.0529338
0.0172029
0.0172029
0.037602
0.0156747
0.0224564
0.0302758
0.0255703
0.0292238
0.0270142
0.0299615
0.0172487
0.0349241
0.0235413
0.035009
0.0214768
0.0359144