
3e-06
1e-06
1e-06
1e-06
1e-06
1e-06
1e-06
1e-06
3e-06
1e-06
1e-06
1e-06
1e-06
1e-06
1e-06
1e-06
3.4e-05
1e-06
0
1e-06
3e-06
1e-06
1e-06
1e-06
1e-06
1e-06
1e-06
1e-06
1e-06
1e-06
1e-06
1e-06
2e-06
1e-06
1e-06
1e-06
1e-06
1e-06
1e-06
1e-06
1e-06
1e-06
1e-06
1e-06
1e-06
1e-06
1e-06
1e-06
1e-06
0
0
1e-06
1e-06
1e-06
1e-06
1e-06
1e-06
1e-06
1e-06
2e-06
1e-06
2e-06
4.5e-05
1e-06
2e-06
1e-06
5e-06
1e-06
1e-06
1e-06
1e-06
1e-06
1e-06
1e-06
1e-06
0.026255
0.02404
0.023851
0.023858
0.023383
0.024648
1e-06
1e-06
0.024786
0.025438
0.025384
0.023881
0.022694
0.021746
0.021875
0.0212
2e-06
1e-06
2e-06
1e-06
1e-06
1e-06
2e-06
2e-06
1e-06
1e-06
1e-06
1e-06
2e-06
1e-06
1e-06
1e-06
1e-06
2e-06
0.027044
0.022916
0.021539
0.021705
0.023114
0.022939
0.023132
0.017903
0.018131
0.027539
0.026153
0.024299
0.029649
1e-06
1e-06
1e-06
1e-06
1e-06
1e-06
5e-06
1e-06
1e-06
2e-06
2e-06
1e-06
3e-06
1e-06
1e-06
0.020767
1e-06
1e-06
1e-06
1e-06
0.022088
0.022654
1e-06
0.022117
1e-06
0.020012
0.020333
1e-06
1e-06
1e-06
2e-06
1e-06
1e-06
1e-06
1e-06
1e-06
2e-06
2e-06
2e-06
1e-06
2e-06
1e-06
1e-06
1e-06
1e-06
2e-06
2e-06
1e-06
3e-06
4e-06
2e-06
2e-06
3e-06
0.024011
0.015093
0.053132
0.025296
0.056158
1e-06
1e-06
1e-06
0.028976
0.016762
0.018395
0.01814
0.019193
0.02058
0.017527
0.017558
0.055823
0.026008
0.018391
0.018666
0.015611
0.013784
1e-06
1e-06
1e-06
4e-06
1e-06
1e-06
1e-06
1e-06
2e-06
2e-06
0.022327
0.054814
0.018263
0.01845
0.023032
1e-06
2e-06
2e-06
2e-06
2e-06
2e-06
2e-06
3e-06
2e-06
0.029877
0.058207
0.031699
1e-06
9e-06
1e-06
1e-06
0.021208
0.017644
0.020119
0.020193
0.040974
1e-06
2e-06
2e-06
0.023087
2e-06
2e-06
3e-06
0.031279
0.020479
0.054443
0.02418
0.015695
1e-06
0.025624
0.020537
0.021285
0.020691
0.018573
0.017731
0.017691
0.017896
1e-06
1e-06
4e-06
2e-06
0.020698
1e-06
0.0622
0.058711
0.02354
0.017629
0.018774
0.018506
1e-06
0.030684
0.012855
0.012972
0.017411
0.015261
0.029526
0.055268
0.018477
0.018564
0.018388
0.055597
0.023713
0.014378
0.015297
0.015087
0.015957
0.029604
0.060895
0.023734
2e-06
2e-06
1e-06
1e-06
1e-06
1e-06
2e-06
2e-06
2e-06
2e-06
0.017094
0.016559
0.057253
0.079555
0.077641
0.023803
0.021093
0.020495
0.020106
0.021416
0.059364
0.025412
0.02473
0.067454
0.030894
0.031494
0.033806
0.031358
0.030779
0.032401
0.032031
0.029821
0.032463
0.035671
1e-06
2e-06
2e-06
2e-06
1e-06
1e-06
1e-06
1e-06
0.036562
0.02691
0.026776
0.027353
0.028139
0.027766
2e-06
2e-06
3e-06
2e-06
3e-06
3e-06
1e-06
1e-06
3e-06
2e-06
2e-06
8e-06
2e-06
1e-06
3e-06
3e-06
2e-06
2e-06
7e-06
3e-06
2e-06
2e-06
1e-06
1e-06
1e-06
1e-06
1e-06
2e-06
2e-06
2e-06
1e-06
1e-06
2e-06
2e-06
1e-06
2e-06
4e-06
2e-06
2e-06
0.025417
0.024433
0.023093
0.023575
0.02485
0.026679
0.026415
0.051539
0.068416
0.03247
0.032775
0.031594
0.023137
0.022085
0.018442
0.053098
0.063165
0.061375
0.024127
0.021055
0.065504
0.041426
0.031671
0.031989
0.031183
0.032765
0.03249
0.022977
0.02306
0.02281
0.022665
0.059781
0.025922
0.033353
0.019547
0.019837
0.018495
0.019623
0.019228
0.016984
0.017341
0.014501
0.055819
0.059806
0.072184
0.034444
0.019313
0.016754
0.056133
0.066987
0.013122
0.013319
0.017616
0.016588
0.014107
0.054433
0.024704
0.015688
0.059829
0.024222
0.05359
0.022092
0.012969
0.012851
0.013265
0.051558
0.056484
0.01499
0.014965
0.014805
0.015931
0.014462
0.021193
0.021242
0.01284
0.013295
0.05422
0.060859
0.058157
0.053845
0.051494
0.055812
0.061739
0.051817
0.05759
0.021224
0.014995
0.01641
0.018327
0.0156