
0.006562
0.011229
0.007357
0.006974
0.00731
0.021382
0.007839
0.006996
0.006428
0.005851
0.007209
0.007267
0.008013
0.007356
0.00687
0.007176
0.012094
0.007932
0.007875
0.008575
0.008692
0.007826
0.006615
0.013972
0.006399
0.006034
0.006558
0.008678
0.008296
0.006889
0.014787
0.014937
0.00761
0.006579
0.006335
0.00782
0.008598
0.006398
0.008714
0.008621
0.008532
0.00672
0.008799
0.011792
0.008459
0.006121
0.013782
0.006313
0.006561
0.007613
0.014637
0.01304
0.023083
0.008667
0.033833
0.009279
0.023529
0.009836
0.021594
0.015275
0.016086
0.035132
0.015931
0.032384
0.007302
0.00769
0.019813
0.008341
0.007766
0.008134
0.016035
0.016656
0.008433
0.017647
0.009954
0.037207
0.046242
0.034086
0.032709
0.034588
0.034094
0.010857
0.018696
0.037418
0.038433
0.034571
0.034511
0.030063
0.035404
0.036293
0.032665
0.008763
0.007815
0.016688
0.010628
0.006759
0.014488
0.020321
0.009911
0.010926
0.010904
0.011574
0.009488
0.010286
0.010323
0.009959
0.009835
0.020041
0.011731
0.038109
0.031034
0.032383
0.037461
0.038354
0.034565
0.035831
0.027985
0.036949
0.042859
0.052362
0.038648
0.038701
0.00725
0.010708
0.01603
0.012526
0.007816
0.006825
0.020269
0.007448
0.015113
0.012316
0.029433
0.008948
0.017908
0.007887
0.010767
0.044017
0.010056
0.019794
0.011055
0.009829
0.055402
0.032821
0.014482
0.038495
0.009417
0.030353
0.027775
0.009016
0.022618
0.007789
0.010536
0.012908
0.010938
0.009978
0.0104
0.027528
0.007243
0.010524
0.014374
0.012506
0.026381
0.009746
0.01112
0.016033
0.006154
0.014699
0.011926
0.014959
0.01179
0.022351
0.013347
0.012271
0.013258
0.032222
0.033867
0.07114
0.033966
0.08909
0.020313
0.009867
0.010069
0.037149
0.024251
0.031103
0.025599
0.035684
0.038083
0.030347
0.031197
0.074189
0.047448
0.026475
0.032245
0.023238
0.020434
0.010902
0.009857
0.007823
0.038428
0.005571
0.016038
0.008294
0.010011
0.012093
0.021846
0.036335
0.088363
0.032905
0.03902
0.033635
0.010762
0.009821
0.014973
0.013001
0.011952
0.018078
0.017639
0.017623
0.014821
0.042443
0.085652
0.039885
0.013697
0.022834
0.010972
0.007871
0.028641
0.024122
0.03508
0.03383
0.049344
0.006571
0.009573
0.017624
0.043544
0.0163
0.008623
0.010824
0.042628
0.027475
0.070157
0.032932
0.021718
0.011838
0.037442
0.0275
0.028157
0.028976
0.025109
0.0262
0.026077
0.04307
0.015785
0.009726
0.010139
0.027061
0.028644
0.012004
0.076845
0.088273
0.042221
0.029414
0.026102
0.02764
0.006533
0.03963
0.020255
0.019632
0.026986
0.02376
0.047979
0.064137
0.027749
0.03343
0.028236
0.066368
0.031913
0.022451
0.027285
0.02533
0.027113
0.039415
0.077349
0.03396
0.011184
0.027005
0.021366
0.02125
0.007642
0.026198
0.011763
0.012966
0.012494
0.723515
0.03135
0.033133
0.092435
0.104295
0.108273
0.042972
0.03986
0.047147
0.051939
0.030141
0.069457
0.047356
0.059722
0.131706
0.050525
0.058142
0.047951
0.040948
0.052185
0.046931
0.054578
0.049894
0.057431
0.04337
0.01957
0.027177
0.008909
0.007846
0.007142
0.008035
0.020227
0.007873
0.043466
0.034767
0.046213
0.047188
0.036258
0.035136
0.007944
0.008033
0.033394
0.01008
0.03503
0.028479
0.026356
0.009287
0.03006
0.02652
0.02584
0.026878
0.026686
0.010961
0.01414
0.05864
0.008188
0.011104
0.047063
0.048691
0.027418
0.036708
0.02331
0.021451
0.019286
0.025673
0.012941
0.007848
0.028471
0.027907
0.029371
0.012681
0.016593
0.01091
0.014128
0.018614
0.038877
0.028155
0.02368
0.032736
0.032153
0.031265
0.028236
0.051889
0.031497
0.043143
0.060176
0.11614
0.040846
0.053126
0.052547
0.033227
0.028674
0.025184
0.065888
0.074675
0.089974
0.042991
0.025353
0.101855
0.061912
0.040112
0.038309
0.050154
0.051039
0.046317
0.046185
0.036371
0.033501
0.040995
0.088768
0.035848
0.049777
0.040216
0.031574
0.032136
0.029599
0.032799
0.030145
0.042258
0.038377
0.065447
0.073247
0.127767
0.048408
0.031804
0.028911
0.072705
0.112628
0.026187
0.024424
0.043233
0.040017
0.025383
0.070177
0.028637
0.026139
0.07661
0.036507
0.077543
0.02619
0.021659
0.026687
0.02866
0.056587
0.072417
0.018657
0.023824
0.026847
0.028174
0.020332
0.026641
0.032051
0.023635
0.020667
0.108165
0.085747
0.065211
0.077257
0.060863
0.084765
0.110309
0.057197
0.112234
0.028926
0.021528
0.02038
0.026532
0.026211