
1.51656e+09
0.0078
0.012503
0.008649
0.008253
0.008591
0.022776
0.009263
0.008491
0.007878
0.007215
0.008516
0.008595
0.009488
0.00861
0.00797
0.008241
0.01325
0.009119
0.009066
0.010292
0.009918
0.009077
0.00783
0.015198
0.007638
0.007213
0.00769
0.009854
0.009526
0.008103
0.016041
0.016239
0.008989
0.007848
0.007624
0.009109
0.009911
0.007704
0.010079
0.010013
0.009923
0.008087
0.010193
0.013268
0.010504
0.007572
0.015163
0.007722
0.007913
0.009011
0.017648
0.052773
0.054825
0.056667
0.054393
0.045861
0.047256
0.04959
0.050403
0.049985
0.051925
0.057828
0.044342
0.052594
0.040921
0.076549
0.03952
0.035836
0.049955
0.052322
0.047201
0.05311
0.049616
0.050578
0.20446
0.056687
0.066402
0.054175
0.052466
0.054376
0.055417
0.031938
0.026256
0.060861
0.059881
0.188855
0.052508
0.050423
0.053701
0.052111
0.048418
0.033445
0.101876
0.040141
0.034928
0.023165
0.071654
0.047623
0.050231
0.049709
0.041145
0.05209
0.051277
0.046936
0.194762
0.029726
0.0517
0.050596
0.04923
0.058307
0.050673
0.052093
0.057186
0.058807
0.056841
0.050155
0.034692
0.198054
0.062108
0.069431
0.058856
0.057123
0.026276
0.02529
0.067517
0.042148
0.047409
0.076782
0.034195
0.032367
0.063533
0.052014
0.05172
0.042864
0.048167
0.052912
0.221923
0.057209
0.058273
0.05214
0.044663
0.049776
0.073091
0.048574
0.103241
0.052392
0.050126
0.049994
0.051229
0.049251
0.050091
0.051752
0.050402
0.050352
0.050317
0.045931
0.051127
0.05256
0.046209
0.051787
0.05016
0.054635
0.041292
0.051253
0.050595
0.052242
0.054209
0.05269
0.046946
0.045704
0.050967
0.052234
0.049937
0.047104
0.049796
0.045977
0.049379
0.089224
0.04379
0.101544
0.049173
0.051622
0.051583
0.04733
0.049196
0.049792
0.050494
0.050409
0.049162
0.148651
0.041771
0.089331
0.057697
0.035963
0.0423
0.027471
0.046951
0.053119
0.049911
0.065029
0.050502
0.026777
0.055711
0.053047
0.052612
0.049126
0.047034
0.046859
0.105173
0.045634
0.135143
0.045106
0.052448
0.050768
0.050231
0.05012
0.05102
0.054202
0.05049
0.04109
0.0552
0.054076
0.113982
0.052784
0.06521
0.041408
0.023836
0.050943
0.049182
0.050173
0.050173
0.181006
0.055065
0.053209
0.04841
0.051194
0.052101
0.047204
0.054579
0.047613
0.053375
0.042517
0.079948
0.038528
0.031247
0.052769
0.048142
0.050457
0.049886
0.04976
0.049634
0.050473
0.04952
0.16361
0.021482
0.061784
0.056318
0.038917
0.043306
0.055741
0.091464
0.115932
0.055065
0.042688
0.033482
0.05907
0.059851
0.049507
0.031826
0.055646
0.047114
0.209286
0.064495
0.079583
0.041966
0.047777
0.043119
0.087711
0.04086
0.027581
0.034347
0.043982
0.19556
0.056563
0.094326
0.049981
0.017299
0.042726
0.045406
0.052851
0.050434
0.046926
0.052989
0.050086
0.049742
0.875358
0.039596
0.050887
0.299112
0.120781
0.119489
0.050786
0.0473
0.054479
0.059705
0.038332
0.07882
0.211174
0.06777
0.275099
0.062961
0.070271
0.059812
0.048682
0.064423
0.059679
0.067342
0.06157
0.070205
0.055542
0.053031
0.291643
0.020327
0.051417
0.191559
0.01948
0.050147
0.049603
0.0544
0.045749
0.057611
0.055408
0.047697
0.049605
0.039613
0.056727
0.047485
0.048666
0.04572
0.217243
0.034338
0.051987
0.050877
0.050058
0.06493
0.040504
0.041562
0.055018
0.048302
0.068851
0.027763
0.067364
0.062575
0.059606
0.034883
0.045023
0.221083
0.030854
0.050247
0.050172
0.050523
0.051642
0.050581
0.049683
0.047446
0.051591
0.236419
0.017475
0.052487
0.053865
0.052347
0.043001
0.049678
0.049728
0.050075
0.049834
0.051041
0.059666
0.039347
0.298207
0.068868
0.125479
0.050002
0.062121
0.239523
0.040493
0.050272
0.049275
0.074703
0.085477
0.099758
0.049851
0.208866
0.114898
0.070289
0.048989
0.046816
0.058689
0.05953
0.221432
0.053605
0.050897
0.049903
0.049522
0.096979
0.240597
0.056654
0.050781
0.049418
0.049919
0.050382
0.223587
0.036111
0.049833
0.050289
0.072744
0.083649
0.356867
0.054351
0.050285
0.05027
0.085129
0.260299
0.031148
0.051199
0.049638
0.1825
0.133033
0.077531
0.048791
0.050416
0.086782
0.041709
0.091362
0.043335
0.050488
0.049892
0.050151
0.063124
0.077525
0.021284
0.03819
0.050131
0.049527
0.05077
0.051106
0.188451
0.02607
0.053744
0.117301
0.094771
0.071481
0.08267
0.067818
0.093789
0.190196
0.06316
0.120379
0.047979
0.049908
0.050742
0.0493