
0.001117
0.00126
0.005795
0.012313
0.012208
0.012421
0.009715
0.00923
0.009281
0.009643
0.011376
0.013783
0.013531
0.0123
0.007966
0.027019
0.01031
0.009871
0.009828
0.01154
0.008956
0.011895
0.011652
0.012202
0.012733
0.012431
0.012457
0.012345
0.01228
0.012224
0.012595
0.012303
0.013524
0.012555
0.012316
0.011623
0.011937
0.012129
0.009137
0.009149
0.04625
0.015123
0.016028
0.017792
0.017191
0.017548
0.017196
0.009552
0.010031
0.011256
0.009937
0.012173
0.012535
0.013686
0.01431
0.013495
0.012444
0.012316
0.012229
0.012111
0.012802
0.01451
0.006322
0.006289
0.012492
0.010426
0.013298
0.0118
0.011973
0.015131
0.008527
0.005785
0.028785
0.007761
0.011424
0.012882
0.012683
0.007968
0.009988
0.011046
0.005914
0.013049
0.012392
0.010293
0.010674
0.009469
0.008466
0.007809
0.006634
0.007798
0.008262
0.008101
0.008011
0.00922
0.009452
0.009787
0.010088
0.006049
0.006757
0.008178
0.005926
0.007204
0.007146
0.011648
0.004682
0.005423
0.005778
0.008374
0.011449
0.011309
0.011112
0.006713
0.007388
0.010568
0.010498
0.006954
0.006873
0.004669
0.004115
0.010216
0.004416
0.005575
0.005098
0.006274
0.007032
0.004714
0.004875
0.004844
0.005181
0.005452
0.004781
0.004659
0.005084
0.006953
0.00479
0.004478
0.004924
0.004592
0.006471
0.006126
0.014406
0.005068
0.004966
0.006653
0.009027
0.007727
0.006148
0.004349
0.006715
0.004537
0.004694
0.005309
0.006803
0.00712
0.007357
0.007333
0.007937
0.012241
0.012674
0.00371
0.008482
0.004978
0.013243
0.007664
0.029827
0.009842
0.002398
0.002734
0.002348
0.002449
0.002496
0.002516
0.002032
0.003146
0.002641
0.003367
0.002957
0.002924
0.004734
0.003817
0.003593
0.002144
0.00334
0.001921
0.001879
0.003202
0.002306
0.002645
0.002578
0.002499
0.002256
0.002672
0.002232
0.00487
0.010305
0.01489
0.003527
0.003603
0.007439
0.014437
0.007458
0.007722
0.008596
0.015797
0.004482
0.004835
0.002276
0.005234
0.008769
0.008356
0.007793
0.007779
0.008305
0.011272
0.002508
0.002225
0.005075
0.011716
0.009767
0.009697
0.009546
0.009251
0.009993
0.012703
0.01286
0.008493
0.012236
0.012181
0.012143
0.01271
0.002403
0.002583
0.00393
0.005049
0.003712
0.002644
0.002473
0.00234
0.002689
0.002954
0.003006
0.003069
0.002917
0.004184
0.003245
0.003537
0.003438
0.003369
0.00332
0.003599
0.003444
0.003821
0.003558
0.004668
0.004658
0.003151
0.003288
0.004659
0.003155
0.003162
0.003984
0.002948
0.002988
0.003195
0.002925
0.003365
0.003834
0.002963
0.005218
0.003599
0.003748
0.003949
0.002386
0.002557
0.003258
0.003264
0.003677
0.00947
0.003876
0.0024
0.004177
0.004003
0.00314
0.002501
0.009145
0.004086
0.003429
0.002476
0.002801
0.003079
0.003293
0.003178
0.003282
0.003528
0.004418
0.00482
0.004687
0.003428
0.004174
0.003949
0.002179
0.00347
0.005426
0.004001
0.00327
0.00302
0.002761
0.002745
0.002791
0.002998
0.002562
0.002636
0.002765
0.002997
0.00346
0.003218
0.003185
0.003309
0.00269
0.002753
0.00229
0.003221
0.003805
0.003465
0.002439
0.002728
0.004637
0.002965
0.003444
0.002981
0.003053
0.002985
0.002997
0.002707
0.002987
0.002803
0.002793
0.002924
0.004435
0.002627
0.002962
0.002572
0.00262
0.002456
0.002205
0.002389
0.002114
0.002357
0.002651
0.003787
0.003646
0.002271
0.002262
0.002413
0.004354
0.001876
0.001951
0.002343
0.002267
0.002302
0.001922
0.002777
0.002156
0.002366
0.003875
0.002189
0.005009
0.001756
0.002159
0.002044
0.002106
0.002621
0.002115
0.002168
0.002306
0.001975
0.002294
0.002926
0.001734
0.002555
0.003488
0.003058
0.002325
0.002238
0.00294
0.003341
0.001776
0.002573
0.003406
0.002135
0.002135
0.002662
0.002116
0.002744