
14
98
80
16
35
16
90
98
90
14
68
16
82
64
21
46
16
68
99
92
81
16
70
89
69
47
35
324
81
110
81
156
208
91
92
110
362
151
110
96
267
152
81
338
148
111
81
148
101
235
111
90
189
62
73
61
57
58
71
73
93
73
93
64
70
62
71
60
73
89
65
77
77
61
58
21
76
113
108
152
192
109
95
389
346
274
47
295
176
414
358
124
70
170
124
135
126
103
70
375
93
93
113
18
18
126
149
159
126
149
21
21
135
42
120
53
31
39
35
47
71
21
23
21
25
45
72
22
42
196
128
177
148
143
159
29
291
98
159
29
164
160
159
36
143
143
121
194
164
334
142
193
29
352
42
193
136
162
144
42
143
180
131
152
120
221
164
317
117
334
272
147
155
186
86
138
143
317
143
372
187
159
317
121
56
375
34
133
126
34
131
34
73
336
82
131
375
73
112
123
73
136
124
176
73
43
299
43
418
108
131
124
255
348
43
255
379
376
131
202
209
124
206
137
145
201
204
208
152
289
336
121
62
149
195
139
87
121
87
124
38
186
140
81
146
89
125
196
149
180
202
132
122
122
339
140
132
255
122
122
122
82
180
139
122
292
163
122
122
108
122
132
132
310
256
70
66
134
138
70
111
70
27
134
206
70
70
130
70
134
110
97
141
134
110
202
132
263
86
141
110
90
128
111
141
132
42
31
31
145
24
126
46
30
44
31
263
68
137
90
127
80
66
87
208
193
169
138
20
16
84
281
208
96
203
25
189
81
289
131
119
133
267
381
425
47
226
119
83
119
101
131
21
13
13
51
13
29
34
29
29
51
32
150
107
150
114
20
20
20
101
20
20
155
20
20
119
57
24
25
12
64
25
24
16
25
114
114
13
25
14
14
14
14
14
14
5
14
14
14
17
17
79
18
500
142
500
290
149
500
329
413
105
464
41
102
500
41
43
43
37
49
111
90
84
43
83
84
131
84
84
103
500
106
81
106
500
500
105
93
105
103
500
91
91
500
500
47
45
58
16
14
45
47
49
45
48
55
14
16
52
14
49
14
45
47
14
48
83
77
14
83
14
49
14
57
16
77
49
16
16
76
33
72
33
41
33
31
54
31
41
500
54
51
41
76
54
500
51
60
60
68
44
66
47
44
44
95
67
95
67
38
68
67
88
66
44
41
64
64
85
64
428
188
64
435
70
68
62
37
44
44
70
44
62
45
19
63
38
18
45
45
63
58
60
40
60
49
75
11
58
60
42
63
64
191
63
500
500
58
58
55
59
43
59
59
15
500
55
59
21
500
96
59
492
500
305
54
20
17
17
20
41
38
500
20
60
38
21
146
413
34
146
49
28
16
39
28
59
16
43
28
19
17
29
18
44
310
143
310
44
51
35
37
11
51
40
46
51
14
15
41
38
30
86
86
500
144
39
34
43
45
26
57
47
57
47
34
86
16
46
103
306
103
35
73
50
90
38
61
43
61
90
90
91
90
88
88
33
92
57
97
60
43
51
43
97
96
34
60
23
472
92
112
61
162
96
162
112
118
167
22
227
92
22
112
157
22
136
52
112
90
136
22
334
22
104
255
227
36
22
21
17
72
119
36
39
89
57
31
54
58
15
14
120
32
72
16
31
17
13
14
169
14
15
254
254
147
43
15
81
150