
98
364
158
152
97
151
342
277
171
147
112
354
149
47
93
324
330
110
162
156
104
352
142
174
96
84
320
332
154
229
113
108
152
192
109
95
389
346
274
136
140
69
135
171
120
92
141
100
169
134
132
334
160
159
143
153
196
419
159
164
121
313
375
155
133
126
181
131
155
73
173
324
265
254
338
391
110
121
209
387
186
140
122
146
89
125
196
149
180
202
245
98
134
138
246
111
330
112
134
206
124
125
125
145
103
126
74
139
119
125
138
121
107
84
281
208
96
203
100
189
124
111
111
96
111
260
79
374
219
114
213
429
256
101
363
251
155
363
210
119
207
422
250
281
357
245
108
477
195
207
500
442
272
300
379
265
105
499
216
500
500
452
404
500
342
500
84
500
118
84
500
103
423
500
330
500
103
500
106
103
159
49
490
492
77
49
391
89
49
101
76
500
491
500
86
500
77
490
77
86
68
428
490
68
500
497
95
72
95
72
70
68
492
476
500
489
185
420
492
424
63
366
64
500
64
499
191
57
490
64
58
365
61
420
61
61
489
500
491
61
54
136
447
293
136
85
500
500
136
62
49
133
450
98
133
96
408
91
133
496
44
144
75
86
45
144
427
95
144
493
39
153
81
93
495
143
500
143
206
500
35
308
86
107
155
145
92
145
107
113
33
473
91
113
60
135
96
135
113
118
23
472
92
112
61
162
96
162
112
118
17
142
238
69
76
169
108
251
105
114
15
147
243
81
34
170
81
265
147
121