
0.035181
0.003065
0.006667
0.004073
0.003218
0.003508
0.003794
0.008508
0.003969
0.003548
0.003207
0.002519
0.003675
0.003309
0.003838
0.003305
0.003099
0.003381
0.00714
0.003878
0.004049
0.003868
0.004247
0.003972
0.002926
0.00346
0.003634
0.003067
0.00252
0.002945
0.004251
0.004114
0.003183
0.008786
0.0031
0.004343
0.003635
0.002926
0.002991
0.003835
0.004116
0.003027
0.004308
0.004198
0.004166
0.003055
0.004333
0.007263
0.003407
0.002872
0.002536
0.003986
0.002864
0.002805
0.003711
0.00918
0.003848
0.003441
0.009094
0.004341
0.004486
0.010036
0.010062
0.00407
0.003397
0.009016
0.004502
0.00348
0.007574
0.008859
0.009503
0.012168
0.010351
0.009524
0.013393
0.005385
0.002995
0.003333
0.010259
0.003928
0.003249
0.00382
0.010008
0.010888
0.003581
0.004786
0.004062
0.004719
0.048359
0.001928
0.002792
0.002674
0.001724
0.002868
0.001257
0.002765
0.002798
0.002861
0.001467
0.003026
0.002024
0.00373
0.0039
0.001725
0.00251
0.003067
0.001908
0.002709
0.001255
0.003275
0.00235
0.003308
0.001891
0.003
0.002498
0.007235
0.002977
0.003967
0.002786
0.003984
0.002731
0.003352
0.001393
0.04055
0.002155
0.002467
0.001943
0.001531
0.0022
0.002148
0.005392
0.002847
0.002854
0.003479
0.007778
0.003275
0.00317
0.004389
0.003369
0.009483
0.004809
0.002692
0.007886
0.005289
0.004876
0.003805
0.005193
0.004537
0.006515
0.003887
0.003856
0.00492
0.044089
0.002119
0.001895
0.001666
0.002125
0.002344
0.002043
0.001949
0.002834
0.00205
0.002849
0.003532
0.001877
0.002909
0.002015
0.003733
0.003137
0.002157
0.002149
0.003319
0.002569
0.003124
0.002363
0.003637
0.003374
0.001941
0.006838
0.002006
0.006539
0.002152
0.00336
0.002527
0.003971
0.002374
0.003338
0.001952
0.008667
0.002254
0.043417
0.001543
0.008994
0.004431
0.010026
0.00799
0.004155
0.00249
0.0044
0.003972
0.003377
0.003628
0.002902
0.003422
0.003196
0.012611
0.003281
0.003269
0.003728
0.003811
0.001993
0.004222
0.005713
0.002452
0.004865
0.004437
0.008712
0.003261
0.005057
0.036377
0.002129
0.001739
0.002112
0.00263
0.002399
0.002743
0.002836
0.001979
0.002333
0.010446
0.003124
0.003444
0.001762
0.00494
0.003954
0.003591
0.002103
0.003256
0.001446
0.005912
0.007889
0.002682
0.00297
0.003156
0.002246
0.005414
0.003289
0.044469
0.005112
0.003365
0.00506
0.005512
0.003401
0.00439
0.003965
0.007416
0.001543
0.003657
0.00542
0.005015
0.001941
0.005292
0.00527
0.005389
0.009318
0.004955
0.002124
0.003645
0.005658
0.008062
0.006367
0.011391
0.005028
0.005525
0.004442
0.001569
0.01033
0.002339
0.008085
0.005383
0.007526
0.005904
0.005741
0.006973
0.007157
0.005887
0.006809
0.004016
0.005742
0.004662
0.010133
0.004114
0.01115
0.008941
0.005656
0.005522
0.005034
0.004789
0.003895
0.003455
0.007768
0.003774
0.009266
0.004775
0.00429
0.007376
0.037441
0.001859
0.001713
0.001521
0.001421
0.008244
0.004212
0.004783
0.00966
0.003316
0.003738
0.00362
0.003075
0.003537
0.003417
0.006247
0.004434
0.003021
0.027335
0.002275
0.009396
0.003743
0.004797
0.006634
0.012889
0.008168
0.00453
0.015251
0.008635
0.008414
0.003349
0.057323
0.005383
0.006391
0.004469
0.008325
0.0068
0.005788
0.010893
0.009566
0.009881
0.007966
0.007185
0.01627
0.003456
0.005772
0.002757
0.013022
0.006275
0.003936
0.003243
0.003034
0.003637
0.004069
0.005435
0.002331
0.037568
0.003095
0.004256
0.002751
0.004461
0.010784
0.005825
0.005668
0.009358
0.004298
0.005473
0.00556
0.003425
0.00882
0.00434
0.002963
0.006916
0.006597
0.003451
0.003384
0.003907
0.002882
0.004034
0.004043
0.007734
0.007093
0.042054
0.002257
0.001985
0.002025
0.002503
0.001961
0.001667
0.007284
0.002164
0.002749
0.00204
0.004643
0.013794
0.003062
0.003874
0.002581
0.00293
0.007002
0.007154
0.00642
0.005676
0.004037
0.006597
0.003122
0.004215
0.002857
0.003869
0.003493
0.002956
0.004615
0.004356
0.041482
0.001931
0.002146
0.002022
0.001267
0.002062
0.002703
0.002016
0.001965
0.011105
0.00365
0.004392
0.006119
0.002732
0.004496
0.004749
0.002881
0.004206
0.006477
0.005738
0.005545
0.039653
0.001419
0.00119
0.001363
0.004398
0.009605
0.004636
0.004984
0.004628
0.009939
0.013142
0.01246
0.003045
0.008268
0.005401
0.00608
0.005706
0.00605
0.71164
0.041679
0.001598
0.001148
0.00113
0.003053
0.001208
0.00144
0.002727
0.001292
0.001511
0.003389
0.006292
0.00209
0.004265
0.004185
0.008267
0.011718
0.059045
0.001648
0.001492
0.001295
0.001402
0.001419
0.001236
0.002141
0.007627
0.007431
0.016894
0.003212
0.009466
0.002213
0.002691
0.003558
0.001637
0.003194
0.005616
0.007648
0.002163
0.00188
0.00352
0.010994
0.001806
0.001884
0.004082
0.005415
0.002711
0.005651
0.002018
0.002196
0.066221
0.00147
0.001251
0.001332
0.001218
0.001189
0.001253
0.001025
0.001329
0.001311
0.001146
0.005539
0.013287
0.00172
0.001272
0.007089
0.024886
0.006546
0.002114
0.086334
0.013407
0.003812
0.011733
0.008623
0.00557
0.013199
0.0088
0.01054
0.002798
0.012885
0.014178
0.001979
0.003537
0.012057
0.013591
0.003204
0.079758
0.004026
0.003137
0.003079
0.002965
0.004037
0.004026
0.003439
0.003673
0.003984
0.003729
0.003755
0.078085
0.004332
0.012921
0.003329
0.002869
0.00407
0.011863
0.01237
0.003697
0.003141
0.003734
0.004076
0.023834
0.004356
0.003159
0.017421
0.018096
0.053347
0.003433
0.003362
0.002161
0.001814
0.001867
0.003295
0.00302
0.002231
0.003313
0.003033
0.013645
0.003456
0.00287
0.001576
0.016725
0.00236
0.004726
0.003641
0.003044
0.002505
0.005494
0.003785
0.002806
0.002133
0.009154
0.0073
0.006922
0.003431
0.003342
0.002001
0.003522
0.0022
0.003704
0.003647
0.021414
0.00511
0.004668
0.002893
0.002429
0.002188
0.003085
0.001835
0.010023
0.005512
0.004278
0.003483
0.004409
0.018107
0.003352
0.002499
0.014826
0.002761
0.00416
0.011738
0.002447
0.001828
0.011873
0.002167
0.065773
0.002318
0.002973
0.00251
0.003037
0.002274
0.003618
0.00261
0.002268
0.002718
0.002045
0.012518
0.008637
0.00247
0.013074
0.00241
0.00457
0.002139
0.002311
0.002275
0.013684
0.003421
0.017352
0.016805
0.00286
0.004357
0.002368
0.005841
0.003158
0.064775
0.002151
0.003217
0.002456
0.00398
0.003287
0.003103
0.003209
0.003445
0.003518
0.00294
0.004813
0.002981
0.004381
0.006119
0.013181
0.008151
0.01427
0.003068
0.004877
0.003544
0.003336
0.002894
0.003108
0.003224
0.003198
0.001953
0.010216
0.005883
0.002098
0.009827
0.077323
0.002439
0.003007
0.003193
0.002991
0.002953
0.003357
0.003192
0.002337
0.002133
0.00279
0.001389
0.010791
0.014346
0.002697
0.002968
0.002914
0.001319
0.00901
0.002462
0.009447
0.002446
0.059983
0.00207
0.002267
0.003415
0.003125
0.003285
0.003145
0.003483
0.001685
0.002417
0.003538
0.002698
0.002666
0.002637
0.002644
0.007429
0.003283
0.003316
0.017584
0.011515
0.001855
0.057775
0.002061
0.002414
0.003458
0.003231
0.003324
0.003235
0.001862
0.002207
0.003417
0.019154
0.003147
0.012839
0.003696
0.001783
0.001772
0.0119
0.011807
0.008468
0.060068
0.002034
0.002121
0.001768
0.00188
0.001837
0.002086
0.003114
0.001847
0.003307
0.011876
0.003068
0.00547
0.002209
0.005938
0.011456
0.016368
0.001957
0.00533
0.050935
0.002001
0.002011
0.00237
0.001492
0.001858
0.003173
0.002511
0.003168
0.001814
0.001746
0.007939
0.001807
0.004724
0.002239
0.002044
0.001834
0.003744
0.003053
0.008791
0.00491
0.008988
0.044173
0.001992
0.003048
0.002952
0.00294
0.0017
0.003032
0.002911
0.003204
0.003135
0.001738
0.00673
0.001717
0.006017
0.003713
0.003209
0.002761
0.01188
0.00261
0.00409
0.005695
0.025437
0.008422
0.062734
0.001963
0.003138
0.002922
0.003109
0.001827
0.003153
0.00338
0.00333
0.002972
0.002952
0.004281
0.004434
0.005537
0.001888
0.003389
0.003441
0.007472
0.019489
0.008714
0.033437
0.001882
0.003266
0.003126
0.003693
0.002937
0.003595
0.002765
0.003224
0.003683
0.003687
0.003995
0.004012
0.003379
0.003742
0.010389
0.005446
0.010786
0.004194
0.036219
0.001891
0.003809
0.003336
0.004196
0.002319
0.003189
0.002186
0.003942
0.003712
0.001401
0.003752
0.001554
0.038399
0.00162
0.009224
0.001578
0.006005
0.007526
0.0017
0.004405
0.013364
0.001628
0.004795
0.002671
0.003513
0.004203
0.003914
0.001957
0.00879
0.001552
0.005209
0.00687
0.007098
0.00263
0.00226
0.0037
0.002388
0.044637
0.00221
0.00377
0.003937
0.002834
0.002943
0.003623
0.003199
0.00277
0.003163
0.003279
0.005086
0.001136
0.002466
0.001574
0.013918
0.00849
0.00902
0.005885
0.008747
0.007718
0.001856
0.001754
0.008594
0.001414
0.003293
0.001518
0.003948
0.001649
0.01395
0.002482
0.021396
0.007333
0.003341
0.036287
0.002209
0.017606
0.018058
0.004256
0.003513
0.001747
0.005117
0.005894