
2.38444
2.38873
2.42285
2.37761
2.38873
2.38873
2.39531
2.38856
2.41126
2.39336
2.43211
2.3981
2.39539
2.41691
2.38094
2.38708
2.2723
2.30892
2.23477
2.1302
2.07076
1.97405
1.97334
1.8529
1.86123
1.76162
3.83021
3.77075
3.76193
3.72359
0.851114
3.59708
3.50555
3.51814
0.656583
3.37917
3.23591
3.07676
2.94714
2.86858
2.82861
2.7072
2.51425
2.45477
2.40569
2.34984
2.31067
2.24625
2.17491
2.13623
1.64219
1.45927
1.35814
1.25054
1.24074
1.13301
1.09263
1.12403
1.08521
1.06074
1.06104
1.03703
0.99567
0.994093
0.994526
1.00214
0.978904
0.986468
0.986662
0.933775
0.856208
0.856209
0.849543
0.849202
0.84916
0.84916
0.84916
0.855656
0.855656
0.84916
0.84916
0.84916
0.84916
0.84916
0.84916
0.84916
0.848989
0.855443
0.848989
0.848989
0.904271
0.849415
0.849714
0.904996
0.905337
0.850652
0.851078
0.85176
0.883277
0.857999
0.833758
0.8025
0.782305
0.757931
0.711246
0.687931
0.658583
0.666906
0.682681
0.668203