
0.010348
0.014237
0.004117
0.012059
0.022788
0.003598
0.010139
0.007806
0.007212
0.01459
0.012968
0.004643
0.008396
0.011449
0.007705
0.015018
0.005325
0.006079
0.007333
0.003998
0.006668
0.005684
0.00623
0.011637
0.005701
0.009038
0.007622
0.01093
0.017037
0.009094
0.007884
0.005603
0.005626
0.008621
0.012851
0.006185
0.005416
0.005568
0.008357
0.005658
0.004044
0.005048
0.00664
0.008438
0.009779
0.006275
0.005862
0.006355
0.007767
0.006028
0.006977
0.01254
0.009535
0.00608
0.007371
0.006282
0.006227
0.008657
0.010361
0.006355
0.010314
0.005958
0.005912
0.006818
0.005645
0.0115
0.010791
0.011819
0.005944
0.00564
0.006065
0.006515
0.005794
0.0114
0.006446
0.009496
0.006106
0.005187
0.009388
0.005169
0.013162
0.005309
0.009014
0.006638
0.008619
0.010368
0.005792
0.005385
0.004792
0.005601
0.00576
0.005362
0.012964
0.012735
0.005608
0.007869
0.005223
0.004511
0.0052
0.012181
0.005807
0.005552
0.006861
0.01098
0.005432
0.004916
0.005493
0.005662
0.005638
0.010511
0.004579
0.012142
0.005097
0.010063
0.014592
0.004602
0.004696
0.005251
0.005156
0.004572
0.005133
0.005412
0.006479
0.004985
0.005069
0.005988
0.005164
0.005017
0.005967
0.005425
0.004627
0.007716
0.011428
0.013552
0.012113
0.005157
0.004666
0.009573
0.004509
0.009651
0.004674
0.006012
0.007205
0.006303
0.012826
0.005005
0.010881
0.008697
0.00624
0.006294
0.005559
0.011796
0.00583
0.013425
0.007063
0.005277
0.006612
0.004748
0.004893
0.004656
0.00625
0.004533
0.006267
0.009242
0.010172
0.010237
0.004473
0.005022
0.004784
0.005328
0.009612
0.004725
0.009192
0.004578
0.004559
0.011189
0.011976
0.009497
0.008789
0.007838
0.004604
0.005092
0.004633
0.004656
0.004499
0.019265
0.00445
0.00712
0.008166
0.004682
0.011707
0.004799
0.00797
0.008334
0.013312
0.007886
0.011274
0.005947
0.003786
0.004117
0.004571
0.004055
0.004407
0.004174
0.004068
0.004048
0.004583
0.004717
0.004777
0.005365
0.004206
0.004062
0.004967
0.004091
0.005835
0.004351
0.004658
0.004574
0.005077
0.003946
0.005163
0.004186
0.005591
0.004791
0.005161
0.00547
0.004885
0.004549
0.004718
0.004787
0.005983
0.012021
0.004891
0.017977
0.004697
0.004846
0.007763
0.004591
0.010181
0.005126
0.008701
0.005071
0.005221
0.011989
0.003853
0.009869
0.013777
0.011606
0.007175
0.004824
0.009769
0.004568
0.00714
0.0064
0.009825
0.007776
0.003649
0.010149
0.003456
0.009737
0.009689
0.004621
0.006959
0.019293
0.010453
0.005955
0.007261
0.004503
0.004923
0.005039
0.011025
0.007786
0.009951
0.009465
0.004539
0.020328
0.014163
0.013332
0.018662
0.014056
0.006896
0.004642
0.00939
0.005747
0.013896
0.0115
0.004665
0.004514
0.007719
0.015463
0.011986
0.009779
0.010903
0.011996
0.013456
0.005294
0.013623
0.008165
0.018587
0.011411
0.007907
0.007626
0.008754
0.005459
0.01095
0.011478
0.005106
0.015918
0.0082
0.012568
0.008659
0.013682
0.019828
0.004824
0.01253
0.00504
0.020028
0.007647
0.008315
0.009156
0.010603
0.011681
0.021577
0.014231
0.014857
0.005984
0.008246
0.018575
0.022951
0.007847
0.011873
0.008712
0.005016
0.00589
0.009966
0.014006
0.01726
0.008209
0.004236
0.010496
0.013616
0.009847
0.004708
0.005448
0.005278
0.0134
0.005233
0.007396
0.011165
0.012026
0.003852
0.004239
0.008036
0.003786
0.006189
0.007076
0.013286
0.007213
0.003975
0.006978
0.007233
0.007931
0.014186
0.004049
0.007524
0.004936
0.008783
0.003726
0.014124
0.004465
0.011462
0.004811
0.007611
0.013948
0.008618
0.009848
0.016118
0.005001
0.00641
0.009128
0.007385
0.01194
0.008027
0.005422
0.01115
0.009755
0.015981
0.004688
0.004825
0.00435
0.013008
0.004937
0.011016
0.004924
0.005042
0.004508
0.005298
0.012618
0.004213
0.005751
0.004461
0.006828
0.008498
0.007001
0.004177
0.008313
0.003896
0.005447
0.003208
0.003273
0.006581
0.008119
0.006176
0.003028
0.004773
0.003372
0.007854
0.006296
0.008626
0.018054
0.013456
0.015511
0.011102
0.005207
0.003509
0.006617
0.007184
0.006387
0.005291
0.005119
0.010815
0.014369
0.015267
0.005182
0.01664
0.017545
0.017333
0.008866
0.017539
0.010691
0.009503
0.010523
0.012362
0.019391
0.012213
0.010938
0.01326
0.008728
0.012718
0.013274
0.01291
0.012672
0.002642
0.00856
0.006367
0.013159
0.011063
0.005056
0.003797
0.008939
0.01296
0.010665
0.005155
0.00621
0.021831
0.010554
0.012235
0.002267
0.014064
0.002143
0.01163
0.008429
0.00488
0.010687
0.011292
0.00384
0.00575
0.004947
0.009877
0.020212
0.020906
0.002414
0.010813
0.008978
0.002415
0.006628
0.004678
0.011952