
0.0282843
0.060498
0.0745632
0.0897798
0.100604
0.068279
0.114449
0.083789
0.0464559
0.0577474
0.0940361
0.0566114
0.0754711
0.105751
0.0666478
0.0415485
0.0199612
0.00943339
0.0224852
0.0975776
0.0808371
0.0991564
0.0908397
0.0999138
0.0662574
0.0526563
0.0415114
0.03215
0.0148341
0.0286566
0.0116379
0.0782086
0.12027
0.127566
0.127566
0.160402
0.142956
0.295499
0.295499
0.293852
0.295806
0.295526
0.295284
0.295284
0.295162
0.295162
0.296024
0.296024
0.295856
0.295814
1.11022e-16
1.11022e-16
1.11022e-16
0.000170584
0.00021323
0.000170588
4.28732e-05
0.000170683
0.000255964
0.000341252
0.000554481
0.000597127
0.000767711
0.000895648
0.00110887
0.00127945
0.00149267
0.0208225
0.0208225
0.0464021
0.0797223
0.0933908
0.0933908
0.161571
0.161893
0.162217
0.162202
0.162187
0.0639159
0.0639159
0.0883946
0.0882543
0.113977
0.107938
0.123624
0.147369
0.159104
0.181042
0.17658
0.19964
0.19551
0.215315
0.212291
0.248999
0.0315436
0.0375446
0.0531031
0.06208
0.0823791
0.0879534
0.0930693
0.0989685
0.111152
0.113324
0.120676
0.135642
0.139441
0.106516
0.117317
0.128564
0.124667
0.133784
0.066
0.0385914
0.025139
0.0358929
0.0358929
0.0415209
0.0665852
0.052072
0.052072
0.0567102
0.0567102
0.0668853
0.0925807
0.0710833
0.0954729
0.0879308
0.0810358
0.0845795
0.108906
0.108906
0.0612525
0.0343942
0.0516486
0.03818
0.0510988
0.0388599
0.050935
0.0441893
0.0589184
0.0448954
0.0515672
0.076604
0.052027
0.0670501
0.0670501
0.0595119
0.0843846
0.0670194
0.0670194
0.0783661
0.0729586
0.0846619
0.080281
0.0849361
0.102475
0.113342
0.108123
0.118356
0.118356
0.128607
0.0139548
0.0139548
0.0187198
0.0187198
0.0269628
0.0305206
0.0305206
0.0386431
0.0345005
0.0415879
0.0564566
0.173993
0.148625
0.146689
0.146689
0.156354
0.154458
0.154458
0.158186
0.141017
0.156219
0.145071
0.0305634
0.0167244
0.0191631
0.0201026
0.0290608
0.0267797
0.034422
0.034422
0.035882
0.0434749
0.0182051
0.0193484
0.0177879
0.0217088
0.0217088
0.0440327
0.0282811
0.0868038
0.047618
0.0257899
0.0565847
0.0347912
0.0545024
0.0339138
0.0524791
0.0423408
0.0415707
0.0698212
0.0496141
0.0676718
0.0761773
0.0738988
0.0553176
0.0719732
0.0545993
0.00915083
0.0296075
0.0296075
0.0622597
0.0622597
0.0371626
0.0371626