
2e-06
1e-06
1e-06
1e-06
2e-06
1e-06
1e-06
1e-06
2e-06
1e-06
0
1e-06
1e-06
1e-06
1e-06
1e-06
2e-06
1e-06
1e-06
1e-06
1e-06
1e-06
1e-06
1e-06
1e-06
1e-06
1e-06
1e-06
1e-06
1e-06
1e-06
2e-06
2e-06
1e-06
1e-06
1e-06
1e-06
0
1e-06
1e-06
2e-06
1e-06
0
1e-06
1e-06
1e-06
1e-06
1e-06
1e-06
1e-06
0
1e-06
1e-06
1e-06
1e-06
1e-06
1e-06
2e-06
1e-06
1e-06
1e-06
1e-06
1e-06
1e-06
8.9e-05
2e-06
1e-06
2e-06
1e-06
2e-06
1e-06
1e-06
1e-06
1e-06
1e-06
0.019154
0.058168
0.019207
0.019499
0.018952
0.058099
0.01986
0.017834
0.018685
0.018653
2e-06
1e-06
2e-06
1e-06
2e-06
1e-06
2e-06
1e-06
2e-06
1e-06
1e-06
2e-06
2e-06
0.017354
0.01766
0.019325
0.016943
0.054964
0.052438
0.014154
0.014637
2e-06
1e-06
0.01454
1e-06
2e-06
1e-06
2e-06
1e-06
2e-06
1e-06
2e-06
1e-06
2e-06
1e-06
1e-06
2e-06
2e-06
1e-06
1e-06
2e-06
0.054341
0.054306
0.054239
1e-06
0.056006
0.014924
0.027163
0.023321
0.024045
1e-06
2e-06
2e-06
2e-06
2e-06
2e-06
0.020694
0.020165
0.019618
0.020023
1e-06
2e-06
2e-06
1e-06
1e-06
2e-06
1e-06
2e-06
2e-06
1e-06
4e-06
1e-06
2e-06
2e-06
1e-06
2e-06
1e-06
0.018222
1e-06
2e-06
1e-06
2e-06
1e-06
1e-06
0.018773
1e-06
1e-06
1e-06
1e-06
1e-06
0.012948
0.012778
0.012903
0.018296
1e-06
1e-06
1e-06
1e-06
0.013317
0.056471
0.016151
0.015145
0.012067
0.013727
0.017663
0.017477
0.017512
1e-06
0.05503
0.016164
0.015651
0.058043
1e-06
1e-06
1e-06
1e-06
1e-06
2e-06
1e-06
1e-06
1e-06
1e-06
1e-06
1e-06
2e-06
1e-06
1e-06
2e-06
1e-06
2e-06
1e-06
2e-06
1e-06
1e-06
1e-06
1e-06
1e-06
1e-06
0.047944
0.046709
0.046726
0.049207
0.0507
0.046559
0.00974
0.009671
0.049395
0.012178
0.013017
0.013621
0.012188
0.01191
0.01237
0.012288
0.013762
0.020515
0.056416
0.057257
0.018669
0.017966
0.018526
2e-06
1e-06
1e-06
1e-06
2e-06
1e-06
1e-06
1e-06
1e-06
1e-06
4.3e-05
1e-06
1e-06
1e-06
2e-06
2e-06
1e-06
1e-06
1e-06
2e-06
2e-06
1e-06
1e-06
2e-06
2e-06
1e-06
1e-06
1e-06
2e-06
1e-06
2e-06
1e-06
2e-06
0.02016
0.021262
0.020535
0.022032
0.018511
0.019712
0.020869
0.020486
0.020066
0.017561
0.015269
0.015121
0.054394
0.018298
0.020467
0.02041
0.02308
0.061302
0.023001
0.057925
0.05839
0.020897
0.059369
0.020625
0.021308
1e-06
1e-06
0.020015
0.020372
0.023788
0.058133
0.022808
0.020552
0.020478
1e-06
1e-06
1e-06
0.022744
0.023348
1e-06
1e-06
1e-06
2e-06
1e-06
2e-06
2e-06
2e-06
1e-06
2e-06
1e-06
1e-06
2e-06
2e-06
1e-06
2e-06
1e-06
2e-06
1e-06
2e-06
1e-06
2e-06
2e-06
2e-06
1e-06
1e-06
1e-06
1e-06
1e-06
1e-06
1e-06
1e-06
2e-06
1e-06
1e-06
1e-06
1e-06
1e-06
2e-06
1e-06
2e-06
1e-06
1e-06
1e-06
1e-06
1e-06
1e-06
2e-06
2e-06
2e-06
0.019149
0.05896
0.018234
0.051442
0.055141
0.014823
0.016275
0.015439
0.017567
0.059854
0.018142
0.0192
0.020749
0.022697
0.021935
0.060953
0.019776
0.020325
0.021063
0.020815
0.020735
0.060876
0.020912
0.023664
0.023368
0.060029
0.020366
0.020038
0.017543
0.017401
0.056419
0.017291
0.017331
0.017199
0.05638
0.055915
0.05852
0.019558
0.020327
0.020114
0.020438
0.017475
0.017641
0.05512
0.017326
0.017252
0.017301
0.016503
1e-06
0.015854
0.053194
0.016002
0.054714
0.018538
0.018828
0.056314
0.018474
0.017544
0.017659
0.017728
0.055473
0.017123
0.017631
0.019764
0.022927
0.058102
0.019339
0.023147
0.022651
0.022433
0.022259
0.0596
0.023687
0.023828
0.02571
0.025563
0.024693
0.063091
0.025466
0.023318
0.023778
0.024423
0.024736
0.024649
0.024625
0.024299
0.023431
0.062642
0.062346
0.024553
0.022996
0.02267
0.058339
0.062458
0.060444
0.059147
0.021385
0.021282
0.022487
0.023686
0.024654
0.025106
0.025834
0.064961
0.025106
0.025239
0.026093
0.025142
0.062574
0.020994
0.021681
0.020528
0.019558
0.016535
0.016148
0.016516
0.017192
0.016597
0.018112
0.016459