
0.015408
0.017493
0.00597
0.015736
0.029276
0.005621
0.012983
0.009814
0.01032
0.019753
0.01775
0.006953
0.011024
0.015163
0.010438
0.017728
0.00723
0.008659
0.009176
0.006296
0.00856
0.007638
0.007867
0.014727
0.008066
0.011379
0.010398
0.013711
0.020651
0.012208
0.01032
0.007983
0.007905
0.01134
0.016497
0.008691
0.007252
0.007912
0.010883
0.008036
0.006005
0.006894
0.009238
0.01097
0.013572
0.008174
0.008309
0.008976
0.010476
0.008517
0.009424
0.016223
0.013907
0.008477
0.010172
0.008879
0.009064
0.011202
0.016538
0.008848
0.015524
0.008468
0.007532
0.009945
0.008163
0.015716
0.014697
0.016493
0.008574
0.008942
0.008786
0.009165
0.00829
0.016028
0.009019
0.037493
0.071435
0.031322
0.043446
0.030955
0.086338
0.030843
0.035538
0.031961
0.035906
0.019685
0.01328
0.012027
0.012356
0.012885
0.013126
0.013285
0.028855
0.028564
0.011469
0.015448
0.010541
0.009403
0.02907
0.039926
0.033305
0.027463
0.069312
0.069658
0.021923
0.025964
0.008029
0.008144
0.022852
0.018617
0.010958
0.015997
0.011092
0.014632
0.025022
0.007089
0.007694
0.007825
0.007595
0.00726
0.007982
0.010523
0.009443
0.011083
0.010135
0.011174
0.062386
0.061292
0.063514
0.008414
0.063485
0.026266
0.054287
0.042224
0.040669
0.007832
0.007696
0.013571
0.006901
0.013098
0.009835
0.030095
0.03033
0.029496
0.040368
0.009252
0.017807
0.014755
0.009619
0.009593
0.008598
0.016163
0.009399
0.020095
0.009705
0.008207
0.010431
0.010479
0.009932
0.010303
0.013044
0.010117
0.031485
0.016584
0.017221
0.017437
0.009183
0.010225
0.010078
0.030418
0.017451
0.009632
0.016398
0.009188
0.009414
0.031522
0.032515
0.025727
0.030932
0.011133
0.007467
0.00801
0.007477
0.020442
0.063671
0.043075
0.026408
0.025291
0.029593
0.028718
0.04161
0.02855
0.016364
0.071095
0.042475
0.031004
0.078949
0.011637
0.006143
0.006405
0.007432
0.006664
0.006773
0.006597
0.0064
0.006543
0.007051
0.007294
0.007326
0.007966
0.006913
0.006701
0.007823
0.006673
0.008766
0.006994
0.007044
0.006961
0.007859
0.006316
0.007781
0.006481
0.008355
0.055351
0.054347
0.05489
0.056336
0.059089
0.053671
0.016934
0.018407
0.065304
0.019109
0.037593
0.021976
0.019407
0.023609
0.019357
0.028106
0.021533
0.032406
0.064017
0.064186
0.035503
0.024116
0.033103
0.019479
0.017293
0.010339
0.007105
0.013196
0.006713
0.010268
0.009053
0.012572
0.010307
0.005098
0.013405
0.004775
0.013067
0.014673
0.008029
0.009597
0.027021
0.014355
0.008771
0.009759
0.007059
0.007447
0.007153
0.016499
0.01086
0.012633
0.014692
0.006731
0.027367
0.018851
0.01751
0.025466
0.039789
0.030215
0.027983
0.034692
0.026846
0.038024
0.039913
0.02994
0.029329
0.030882
0.034766
0.031421
0.067478
0.032951
0.036804
0.038038
0.030874
0.0809
0.034177
0.081446
0.072742
0.030775
0.069613
0.032631
0.029573
0.013952
0.015055
0.02762
0.042512
0.034967
0.074275
0.034603
0.038375
0.048195
0.007244
0.016667
0.006689
0.049531
0.033656
0.010346
0.012254
0.014203
0.015143
0.027633
0.018611
0.019106
0.008729
0.011134
0.024388
0.030476
0.010727
0.015609
0.011591
0.007444
0.008647
0.013408
0.018209
0.023518
0.011109
0.005806
0.014213
0.017837
0.012828
0.006926
0.007642
0.007986
0.017574
0.007939
0.012033
0.01471
0.019591
0.005888
0.006246
0.010857
0.005706
0.009476
0.009627
0.016621
0.009798
0.005736
0.008958
0.009198
0.010752
0.01855
0.006075
0.014091
0.010502
0.016015
0.009145
0.037696
0.065713
0.035233
0.058476
0.064749
0.037238
0.028107
0.028677
0.039789
0.067288
0.02738
0.032153
0.030986
0.03851
0.032515
0.068827
0.034476
0.03339
0.042333
0.03065
0.027287
0.067105
0.037978
0.031132
0.037528
0.067456
0.027666
0.027152
0.025437
0.033657
0.062726
0.025892
0.02407
0.026842
0.067723
0.064995
0.064054
0.030824
0.026403
0.027947
0.025492
0.022146
0.026715
0.066097
0.026154
0.021747
0.024441
0.021436
0.010584
0.024629
0.064821
0.040315
0.073594
0.038637
0.033095
0.064018
0.023397
0.026882
0.031091
0.026732
0.063175
0.024813
0.032131
0.038631
0.044488
0.065699
0.041895
0.056421
0.057916
0.040016
0.054648
0.07745
0.039645
0.041283
0.047066
0.050849
0.040738
0.076763
0.049043
0.040133
0.040546
0.041774
0.041214
0.041306
0.03038
0.036306
0.032715
0.079867
0.080076
0.036081
0.028065
0.034769
0.075235
0.079545
0.067307
0.068128
0.049518
0.034466
0.038844
0.027187
0.04312
0.028373
0.041305
0.076498
0.032333
0.039025
0.041392
0.031691
0.071177
0.027951
0.035142
0.047273
0.047345
0.020145
0.032191
0.02953
0.020851
0.026333
0.025348
0.032542