
1.51128e+09
0.017083
0.019197
0.007659
0.017415
0.030943
0.007098
0.014324
0.011162
0.011799
0.021244
0.019258
0.00833
0.012485
0.016764
0.012079
0.019306
0.008825
0.010141
0.01066
0.007775
0.01006
0.009127
0.00934
0.0162
0.009464
0.012796
0.01186
0.015167
0.022333
0.013923
0.012229
0.009557
0.009431
0.012894
0.018234
0.010286
0.008849
0.009462
0.012416
0.009616
0.007385
0.008285
0.010492
0.012227
0.014833
0.009437
0.009611
0.010301
0.011791
0.009835
0.01227
0.054615
0.046232
0.053836
0.046173
0.056282
0.043651
0.056433
0.043546
0.057129
0.042896
0.053904
0.046061
0.053931
0.046092
0.053924
0.046311
0.056289
0.043661
0.056397
0.043352
0.056713
0.043438
0.056551
0.219103
0.061762
0.136945
0.058056
0.105226
0.056051
0.1128
0.04621
0.203156
0.057178
0.061963
0.026802
0.062482
0.03057
0.069332
0.03068
0.069651
0.030405
0.107963
0.035882
0.029209
0.224163
0.068213
0.063755
0.043765
0.045502
0.099002
0.035826
0.225967
0.080865
0.042307
0.094684
0.011366
0.088722
0.026222
0.036675
0.042321
0.058727
0.041227
0.09851
0.030112
0.038801
0.032952
0.066052
0.034741
0.05746
0.160298
0.034583
0.048301
0.033737
0.065707
0.034327
0.120091
0.119864
0.085004
0.034008
0.075495
0.179628
0.080462
0.071051
0.058318
0.015839
0.178477
0.03842
0.031568
0.069761
0.030914
0.067765
0.035515
0.064533
0.045296
0.090426
0.040095
0.019404
0.03565
0.105944
0.013147
0.088978
0.032392
0.025088
0.032469
0.061287
0.16578
0.034232
0.032848
0.066872
0.033124
0.06691
0.037757
0.06321
0.033181
0.069593
0.028918
0.058722
0.173651
0.053102
0.032802
0.067581
0.032392
0.058548
0.04182
0.059985
0.040639
0.066236
0.037365
0.064135
0.031291
0.054857
0.128143
0.041264
0.068436
0.096377
0.040299
0.040822
0.065642
0.034323
0.066979
0.034116
0.09787
0.087598
0.048356
0.09788
0.140111
0.023961
0.020853
0.107112
0.014703
0.040986
0.039145
0.059117
0.084309
0.017551
0.03706
0.057442
0.042703
0.063858
0.036437
0.063052
0.036662
0.063238
0.036844
0.057543
0.042437
0.058014
0.04197
0.057085
0.042937
0.057373
0.149717
0.105245
0.103978
0.105474
0.106551
0.108071
0.064995
0.049839
0.042352
0.077589
0.022843
0.058861
0.04067
0.054061
0.045968
0.053923
0.046132
0.177215
0.036793
0.078983
0.118935
0.050548
0.039244
0.097619
0.023013
0.038336
0.040949
0.09774
0.017021
0.045747
0.039545
0.060327
0.039643
0.060853
0.039158
0.054617
0.04537
0.127501
0.036069
0.013661
0.024251
0.067866
0.032603
0.068339
0.031386
0.059854
0.039987
0.060523
0.039374
0.058376
0.041642
0.058241
0.041759
0.05844
0.041547
0.060431
0.03953
0.060334
0.040003
0.052448
0.047236
0.173167
0.042246
0.059971
0.04026
0.059262
0.040593
0.096993
0.084301
0.120135
0.047276
0.041173
0.053625
0.035568
0.096715
0.050375
0.135511
0.2041
0.034925
0.12098
0.047744
0.039488
0.059647
0.040484
0.059969
0.057801
0.039174
0.088702
0.038646
0.052585
0.052205
0.011154
0.060389
0.039332
0.056625
0.134948
0.026487
0.038076
0.100979
0.019237
0.043409
0.036424
0.061656
0.038451
0.10099
0.028938
0.047684
0.022209
0.063517
0.036576
0.101579
0.013095
0.047729
0.037549
0.061677
0.038377
0.053155
0.047218
0.156692
0.01676
0.050115
0.059646
0.040369
0.096458
0.011774
0.088377
0.018471
0.045554
0.039011
0.096688
0.014397
0.085839
0.013055
0.086849
0.0201
0.043179
0.039883
0.09677
0.012599
0.043585
0.046964
0.22433
0.027713
0.040455
0.059762
0.040211
0.059951
0.115985
0.03871
0.064397
0.256342
0.049973
0.04275
0.0586
0.051957
0.070516
0.03973
0.035887
0.041291
0.060195
0.039648
0.081952
0.048005
0.036905
0.055521
0.034202
0.043432
0.08073
0.044711
0.034843
0.228921
0.080402
0.049937
0.040692
0.059402
0.040493
0.073789
0.02895
0.055736
0.041419
0.080666
0.077352
0.067284
0.059456
0.040639
0.096669
0.030473
0.024908
0.047639
0.214336
0.037954
0.04169
0.058236
0.041732
0.058068
0.041902
0.079188
0.043624
0.086341
0.050662
0.041433
0.215885
0.035271
0.041547
0.059414
0.040599
0.074319
0.027664
0.09513
0.052891
0.047476
0.077985
0.213979
0.071064
0.061624
0.053852
0.068386
0.081156
0.06177
0.056397
0.050954
0.057923
0.044758
0.265005
0.052664
0.061127
0.0443
0.056893
0.045106
0.056231
0.036494
0.098797
0.08353
0.296447
0.096498
0.087101
0.031472
0.048752
0.128057
0.093826
0.208921
0.080871
0.052586
0.047296
0.041925
0.059196
0.046502
0.053882
0.044734
0.090616
0.084142
0.053306
0.044637
0.093167
0.084318
0.040129
0.052654
0.050023
0.133516
0.022585
0.050401
0.057699
0.042083
0.058379
0.041619