
0.001095
0.003575
0.003592
0.005992
0.006081
0.006347
0.003564
0.003541
0.003588
0.006151
0.006202
0.006323
0.006276
0.017186
0.058474
0.01964
0.054443
0.017441
0.018788
0.007977
0.017772
0.01841
0.018818
0.018626
0.019
0.057348
0.008982
0.049526
0.047619
0.008865
0.048283
0.00256
0.00749
0.044298
0.044384
0.007387
0.008313
0.048176
0.016629
0.015704
0.007172
0.017888
0.016173
0.015254
0.051646
0.052859
0.015972
0.006725
0.019664
0.020505
0.00897
0.018703
0.019851
0.01754
0.01884
0.054502
0.015932
0.05554
0.05778
0.017496
0.008689
0.017073
0.016432
0.016489
0.017195
0.018899
0.008052
0.016273
0.016837
0.007983
0.0096
0.016471
0.017403
0.004347
0.015691
0.048276
0.008916
0.015695
0.016523
0.048846
0.010437
0.056496
0.054841
0.005026
0.056569
0.010253
0.008695
0.007218
0.007162
0.013451
0.012891
0.013007
0.007266
0.007134
0.006861
0.007127
0.045754
0.045551
0.046467
0.046093
0.045325
0.007777
0.00743
0.008272
0.00902
0.003779
0.003692
0.012162
0.010582
0.050229
0.01064
0.047374
0.008835
0.047453
0.010141
0.010004
0.01016
0.004276
0.01035
0.016331
0.017261
0.01822
0.009483
0.010034
0.007989
0.007882
0.008081
0.009977
0.009847
0.002246
0.009568
0.00936
0.008859
0.046563
0.04813
0.047979
0.009505
0.010512
0.010701
0.011121
0.049276
0.009871
0.046743
0.009645
0.009249
0.009644
0.01043
0.009771
0.009395
0.010003
0.002398
0.010859
0.050428
0.011114
0.011096
0.050529
0.012124
0.012824
0.050847
0.011854
0.011094
0.002664
0.010594
0.009253
0.045979
0.046126
0.01058
0.045828
0.046466
0.046369
0.009735
0.046322
0.002528
0.009369
0.009303
0.00933
0.009541
0.046146
0.00213
0.044923
0.007625
0.008911
0.008465
0.008632
0.009905
0.009225
0.009414
0.009228
0.009521
0.002403
0.009101
0.008932
0.008536
0.007762
0.008171
0.008632
0.008769
0.008917
0.046198
0.001881
0.008046
0.008127
0.007913
0.007746
0.010782
0.008958
0.008362
0.008166
0.008164
0.009028
0.00784
0.046621
0.010324
0.008878
0.010096
0.009849
0.009756
0.011126
0.01077
0.002695
0.013068
0.010492
0.010855
0.010676
0.048193
0.046765
0.050266
0.012241
0.047055
0.010008
0.048705
0.010293
0.009265
0.009404
0.009271
0.01007
0.010496
0.010408
0.048075
0.010572
0.048257
0.009499
0.002267
0.007558
0.007564
0.007836
0.047634