
47
99
105
53
135
77
16
146
97
97
136
100
80
81
148
81
80
137
54
137
72
96
100
45
130
72
130
142
93
72
102
102
132
95
73
73
104
79
143
75
132
102
143
46
72
73
93
127
39
127
97
69
139
91
98
18
21
94
129
127
25
99
92
115
117
158
133
87
108
129
87
117
131
146
140
129
128
147
118
118
129
381
87
117
128
118
118
92
92
118
118
85
127
78
107
10
110
10
10
40
10
80
81
10
147
18
10
10
96
121
146
115
79
161
3
56
358
69
432
346
47
403
75
432
123
70
454
361
122
93
54
139
58
58
458
371
82
480
65
110
282
110
282
35
139
154
157
157
154
126
112
157
99
110
161
157
132
394
112
222
157
140
122
112
48
59
59
66
51
66
51
66
57
104
60
66
32
59
62
61
25
25
31
22
14
16
7
6
41
61
44
61
53
16
55
53
35
30
25
24
18
21
206
18
137
28
270
261
207
85
95
86
88
91
208
126
141
15
135
84
260
20
100
71
108
500
39
35
100
70
39
100
70
100
100
32
100
100
100
26
66
74
97
74
67
74
66
70
89
93
102
131
72
70
99
72
109
80
90
93
93
71
102
72
102
94
116
92
93
95
85
95
116
14
92
92
92
117
87
13
92
92
115
383
85
171
395
14
88
53
92
92
19
111
167
311
24
261
279
378
24
7
127
191
251
109
109
109
127
61
61
167
96
290
206
96
170
96
302
96
170
96
290
206
61
264
61
293
137
72
92
145
500
132
315
148
145
72
127
72
145
72
245
313
72
72
72
500
132
500
449
500
72
483
145
72
279
138
128
82
496
417
132
82
500
82
82
82
489
37
187
38
38
50
489
393
295
352
82
212
417
94
246
113
228
212
352
352
109
100
216
357
119
253
36
413
85
389
216
193
248
100
357
298
133
413
118
235
413
249
118
235
402
215
95
420
118
353
266
153
232
264
344
378
344
378
500
105
344
125
226
344
226
483
282
224
380
237
73
122
301
500
98
486
241
98
374
462
189
115
66
84
464
86
15
370
86
15
64
86
225
86
147
186
464
193
86
86
186
235
497
86
83
83
65
96
28
49
71
65
79
28
53
49
83
43
500
78
90
176
75
186
253
195
94
170
83
94
64
87
83
65
332
79
253
309
417
89
96
195
262
195
393
195
104
359
309
89
417
57
93
89
440
101
344
168
204
104
49
49
426
49
204
441
49
92
93
92
77
350
63
108
91
204
240
204
63
238
79
105
58
58
134
211
81
37
67
41
50
109
41
57
95
41
129
46
104
46
216
143
242
324
266
46
346
341
46
346
103
48
31
110
35
45
51
35
63
98
35
46
163
112
45
141
115
112
340
500
111
344
75
41
500
108
24
119
24
35
58
24
67
55
24
130
30
124
115
114
29
114
30
29
29
39
30
333
265
386
342
21
21
122
21
31
21
21
129
44
21
22
17
121
430
440
440
408
32
215
184
430
10
15
57
15
24
15
15
135
135
15
16
51
41
297
436
16
108
67
342
117
322
13
336
37
442
334
305
125
442
322
342
399
12
500
12
378
225
78
336
322
12
30
138
78
298
342
271
342
342
18
89
154
45
154
18
193
91
434