
261
134
150
160
300
111
152
146
127
127
106
130
145
154
295
106
254
142
123
106
392
195
251
150
311
157
144
139
121
128
92
132
241
158
133
147
108
128
147
117
105
125
86
308
86
111
113
111
140
111
3
130
358
166
432
346
120
403
144
432
141
139
155
155
458
371
82
480
134
110
133
143
143
119
105
382
105
110
125
104
71
67
286
115
100
382
139
72
120
139
88
91
208
126
141
73
135
84
260
75
94
116
92
93
95
85
95
116
87
92
167
311
381
261
279
378
157
7
127
191
145
92
313
145
289
72
93
124
316
72
128
82
496
417
132
82
500
82
82
82
109
100
216
357
119
253
226
413
85
389
93
105
149
249
434
210
378
282
397
314
81
383
370
343
86
489
461
286
86
86
247
247
181
463
263
90
358
203
79
194
253
195
94
170
83
94
344
87
77
65
168
204
104
79
299
426
333
204
441
348
218
56
160
72
50
250
328
147
248
345
112
50
245
321
41
112
343
153
133
338
118
334
253
311
35
119
333
149
419
492
316
331
257
308
31
322
330
271
390
292
31
184
415
303
24
318
324
277
436
287
67
342
117
322
12
336
37
442
334
305
277
154
274
45
18
292
91
154
154
294