
0.05727
0.00299
0.005268
0.01232
0.002764
0.009955
0.01121
0.008105
0.002378
0.008472
0.006165
0.005422
0.007982
0.004044
0.00762
0.003106
0.003299
0.006849
0.0093
0.005846
0.012934
0.003956
0.004747
0.00569
0.002717
0.005307
0.00411
0.004768
0.009833
0.004171
0.007224
0.005887
0.008909
0.014823
0.007286
0.006155
0.004145
0.004185
0.006808
0.010713
0.004767
0.003833
0.004182
0.006759
0.004071
0.002857
0.003767
0.004955
0.006816
0.002777
0.004973
0.004792
0.00437
0.004795
0.006183
0.004448
0.005572
0.010117
0.003987
0.00346
0.004467
0.005617
0.00465
0.004507
0.007022
0.008123
0.004672
0.004073
0.003825
0.004463
0.004345
0.005029
0.004294
0.004031
0.005043
0.003928
0.004706
0.004737
0.004541
0.004346
0.004063
0.004462
0.004866
0.004141
0.004795
0.004242
0.004629
0.040019
0.0039
0.00278
0.003548
0.002342
0.003508
0.002833
0.001635
0.003916
0.003709
0.002801
0.007566
0.003747
0.004353
0.003945
0.003694
0.003146
0.003644
0.003713
0.003636
0.003743
0.003677
0.002969
0.003623
0.006936
0.003007
0.003541
0.003707
0.002079
0.007007
0.003732
0.054824
0.002884
0.003083
0.003166
0.001885
0.004397
0.00313
0.003903
0.004092
0.003057
0.002617
0.004975
0.003384
0.006606
0.003444
0.008342
0.003972
0.004275
0.003524
0.003979
0.003069
0.003334
0.004822
0.004062
0.003313
0.004224
0.002952
0.003992
0.004081
0.004208
0.006236
0.003
0.00374
0.006216
0.004011
0.003402
0.004146
0.004062
0.002182
0.006234
0.002911
0.04556
0.002927
0.003811
0.003761
0.001648
0.003985
0.003248
0.002542
0.004047
0.003011
0.003225
0.003637
0.001786
0.003208
0.001826
0.003797
0.003145
0.010034
0.004063
0.004258
0.003982
0.004076
0.001875
0.004953
0.003272
0.034429
0.003266
0.003273
0.002604
0.003394
0.002635
0.003862
0.004618
0.004025
0.003551
0.003604
0.004006
0.004187
0.003937
0.008617
0.003343
0.003379
0.003551
0.009996
0.003726
0.002625
0.003758
0.004109
0.008014
0.003829
0.003317
0.003149
0.003253
0.003727
0.003744
0.003232
0.003825
0.034045
0.003103
0.003102
0.001527
0.003338
0.001646
0.00147
0.002035
0.001423
0.002443
0.002545
0.003841
0.001456
0.004956
0.003576
0.001752
0.003546
0.001571
0.004484
0.001538
0.003471
0.003594
0.004229
0.003835
0.003017
0.00562
0.062773
0.002437
0.002728
0.002935
0.002857
0.003293
0.005616
0.003819
0.002696
0.011161
0.009966
0.003735
0.003301
0.05477
0.002255
0.002086
0.001936
0.002227
0.007704
0.003129
0.007686
0.003357
0.00166
0.004256
0.005251
0.004588
0.004518
0.005338
0.003675
0.003555
0.004761
0.003365
0.003295
0.004689
0.004586
0.004037
0.00974
0.004129
0.006157
0.004699
0.005569
0.003552
0.004995
0.037325
0.002137
0.002384
0.00247
0.002413
0.00194
0.002597
0.002124
0.002267
0.001991
0.003317
0.003247
0.002276
0.003392
0.002264
0.003204
0.001973
0.004536
0.002629
0.002766
0.002217
0.004586
0.00269
0.007524
0.002058
0.008266
0.001997
0.00815
0.002166
0.003044
0.001404
0.003603
0.001623
0.003482
0.001633
0.04009
0.001389
0.001226
0.002918
0.002384
0.002092
0.002509
0.00308
0.001688
0.002422
0.002299
0.004006
0.002698
0.007828
0.00254
0.00322
0.001456
0.007416
0.002098
0.003233
0.001284
0.003183
0.001749
0.005569
0.00328
0.001339
0.004275
0.005281
0.001401
0.007508
0.006987
0.006171
0.003218
0.003587
0.003274
0.034699
0.001276
0.001375
0.003352
0.00297
0.003481
0.012418
0.003198
0.002688
0.005461
0.002062
0.006302
0.003449
0.003275
0.002778
0.003247
0.006158
0.002166
0.003439
0.003313
0.002764
0.006347
0.003638
0.006447
0.003435
0.00338
0.007672
0.002109
0.003459
0.006294
0.003379
0.00905
0.003426
0.004582
0.002136
0.002627
0.00277
0.003196
0.002764
0.002995
0.002817
0.002962
0.022956
0.002706
0.003235
0.003321
0.003441
0.003831
0.002891
0.002727
0.003679
0.002716
0.004394
0.002973
0.003421
0.003149
0.003842
0.002679
0.00383
0.002861
0.004154
0.027669
0.001249
0.003365
0.003555
0.003798
0.003337
0.003109
0.001382
0.003275
0.003422
0.004307
0.009711
0.003621
0.005075
0.0099
0.003278
0.001253
0.003473
0.002538
0.003498
0.003338
0.008231
0.001454
0.003679
0.055959
0.001538
0.001476
0.007001
0.003525
0.003612
0.003977
0.005867
0.002516
0.002549
0.005305
0.003227
0.008148
0.006045
0.003452
0.005498
0.003411
0.007994
0.003292
0.005501
0.004629
0.008047
0.006086
0.002497
0.007434
0.002377
0.00777
0.04316
0.004591
0.003151
0.003368
0.005335
0.011853
0.004084
0.008497
0.00431
0.005532
0.003022
0.003509
0.003399
0.005188
0.003456
0.006029
0.008059
0.003348
0.003177
0.003178
0.012719
0.004077
0.011799
0.010989
0.012109
0.003363
0.011568
0.005336
0.003207
0.007526
0.004327
0.050659
0.011557
0.003415
0.005764
0.001918
0.003393
0.001881
0.003266
0.001776
0.006246
0.002018
0.013112
0.009853
0.007878
0.008978
0.003309
0.006504
0.010966
0.003821
0.006701
0.004237
0.006572
0.006407
0.009053
0.009157
0.055824
0.001663
0.006171
0.005799
0.007064
0.004063
0.009016
0.009733
0.003673
0.009151
0.003757
0.006518
0.010274
0.006939
0.003742
0.007477
0.010263
0.006273
0.003496
0.010381
0.003665
0.009038
0.007452
0.005965
0.061055
0.006409
0.007108
0.008581
0.009562
0.008638
0.009598
0.011693
0.003632
0.008637
0.00442
0.006528
0.008692
0.00653
0.011471
0.007653
0.0063
0.009706
0.006863
0.003452
0.004422
0.008008
0.01166
0.002965
0.011444
0.006712
0.002859
0.008557
0.011201
0.062213
0.008086
0.003432
0.003787
0.003903
0.010994
0.003885
0.005819
0.001321
0.009149
0.002589
0.007311
0.001203
0.002667
0.002908
0.00639
0.002663
0.004783
0.005463
0.011082
0.005772
0.002717
0.005631
0.005709
0.006412
0.011811
0.002716
0.057007
0.003979
0.003623
0.003278
0.003806
0.002529
0.002906
0.002711
0.003258
0.002418
0.003072
0.005922
0.003164
0.003623
0.00297
0.006934
0.003904
0.002569
0.002994
0.01167
0.003136
0.00431
0.004914
0.003273
0.005788
0.03901
0.002252
0.002595
0.008412
0.002948
0.002741
0.006907
0.008054
0.010112
0.003
0.003407
0.004843
0.007396
0.005836
0.009544
0.006226
0.003832
0.009042
0.007961
0.002925
0.010182
0.003344
0.002176
0.003366
0.002917
0.010566
0.003536
0.008897
0.064067
0.002022
0.001968
0.002085
0.001927
0.003295
0.003411
0.003251
0.003846
0.010663
0.002756
0.004157
0.003115
0.005063
0.006687
0.005185
0.002778
0.006621
0.002732
0.004083
0.002134
0.002141
0.005068
0.006341
0.045577
0.00376
0.002049
0.003381
0.002002
0.001953
0.004373
0.002102
0.003079
0.003834
0.002081
0.00463
0.001881
0.003478
0.001976
0.006128
0.004844
0.006745
0.007587
0.00741
0.001968
0.008888
0.010152
0.002881
0.008863
0.003629
0.045787
0.003239
0.001836
0.004136
0.002094
0.001805
0.002967
0.002102
0.003207
0.004049
0.001959
0.002307
0.005077
0.00352
0.001679
0.002026
0.004963
0.00369
0.003721
0.008779
0.011865
0.004526
0.007999
0.003591
0.001782
0.012171
0.061892
0.004511
0.001839
0.00454
0.001881
0.00174
0.003143
0.001667
0.003425
0.003278
0.001777
0.007252
0.007423
0.004846
0.002013
0.00765
0.006861
0.004744
0.004298
0.007177
0.004462
0.007068
0.007427
0.002094
0.004425
0.008592
0.002189
0.007438
0.002129
0.008659
0.002156
0.001636
0.008464
0.001911
0.001919
0.008627
0.007293
0.009924
0.008652
0.063988
0.002014
0.00164
0.004333
0.001803
0.001657
0.001557
0.001629
0.004437
0.003618
0.001716
0.0084
0.002319
0.001656
0.001599
0.007055
0.00459
0.010483
0.011032
0.010628
0.010498
0.001621
0.001576
0.006452
0.004776
0.010684
0.060124
0.001764
0.001534
0.003809
0.001564
0.001598
0.001593
0.001599
0.004645
0.004587
0.001633
0.008785
0.001911
0.003617
0.003137
0.002635
0.007063
0.010515
0.008469
0.001735
0.003549
0.054464
0.001227
0.00458
0.010684
0.007538
0.008578
0.009968
0.001272
0.011695
0.001148
0.009504
0.006539
0.003554
0.008738
0.007471
0.001293
0.002529
0.004148
0.003701
0.00787
0.00943
0.007572
0.008714
0.008823
0.040293
0.001382
0.003942
0.004752
0.00233
0.00473
0.001404
0.005079
0.003246
0.009756