
0.000873
0.001102
0.001052
0.001172
0.000929
0.001224
0.000853
0.001175
0.001095
0.001118
0.000965
0.001262
0.000997
0.001391
0.001015
0.000955
0.00107
0.0012
0.000867
0.001003
0.001221
0.000966
0.002185
0.001534
0.001147
0.00095
0.000901
0.000858
0.000996
0.001054
0.001007
0.001112
0.000985
0.001816
0.000971
0.001046
0.000951
0.000986
0.001259
0.000908
0.001002
0.001206
0.001034
0.001033
0.00119
0.001253
0.000923
0.00091
0.001504
0.001031
0.001201
0.00101
0.00125
0.002197
0.002473
0.002211
0.001563
0.001242
0.001471
0.002373
0.000993
0.001005
0.002144
0.001836
0.001355
0.001282
0.001951
0.002015
0.001986
0.001689
0.001594
0.001458
0.001502
0.001542
0.001565
0.001152
0.001422
0.00177
0.001609
0.001271
0.001207
0.001428
0.001704
0.001008
0.001025
0.001145
0.001031
0.001171
0.00142
0.001079
0.001289
0.000861
0.00114
0.001035
0.00109
0.001037
0.001067
0.000903
0.001219
0.001453
0.001572
0.000967
0.001147
0.001168
0.000976
0.00102
0.000957
0.001077
0.00116
0.00115
0.001381
0.001314
0.001044
0.001025
0.001055
0.000969
0.001528
0.000961
0.00115
0.000934
0.000949
0.001028
0.001023
0.00106
0.001035
0.001458
0.001538
0.001024
0.000916
0.00102
0.001078
0.001749
0.002325
0.000934
0.001224
0.000995
0.001063
0.003901
0.001262
0.000973
0.003248
0.001428
0.001182
0.000964
0.001268
0.001131
0.001024
0.001028
0.000952
0.000864
0.000999
0.000993
0.001157
0.00092
0.001085
0.000991
0.001288
0.001134
0.001887
0.001351
0.001139
0.001533
0.001712
0.001647
0.001
0.000936
0.001074
0.001
0.002055
0.001088
0.000888
0.001562
0.001055
0.000946
0.000984
0.001081
0.00176
0.001834
0.001759
0.001149
0.003439
0.001148
0.000965
0.001425
0.00139
0.000885
0.001018
0.001069
0.003446
0.001051
0.001386
0.000958
0.001037
0.003221
0.001045
0.001067
0.001179
0.000981
0.000891
0.00249
0.001948
0.003267
0.001098
0.001146
0.001373
0.002497
0.002219
0.001983
0.002231
0.000964
0.001687
0.000951
0.000975
0.00105
0.001042
0.001266
0.000979
0.001833
0.001046
0.001008
0.001057
0.001148
0.001977
0.001574
0.001521
0.001019
0.001675
0.001409
0.001317
0.00099
0.000834
0.001054
0.000969
0.00088
0.000891
0.001423
0.001301
0.001114
0.000937
0.001046
0.001023
0.001101
0.001233
0.001748
0.001079
0.000928
0.000862
0.001053
0.000848
0.000812
0.000915
0.00103
0.00161
0.001067
0.000926
0.001167
0.000933
0.001135
0.001009
0.000928
0.001163
0.001482
0.001339
0.001115
0.001044
0.001095
0.001053
0.001761
0.003872
0.003595
0.001241
0.001206
0.00201