
0.005646
0.010717
0.006497
0.006149
0.005947
0.014049
0.013742
0.007599
0.01833
0.005428
0.005531
0.012544
0.006489
0.005811
0.006589
0.005286
0.011765
0.019687
0.00651
0.006702
0.00657
0.005274
0.007927
0.013515
0.006066
0.006347
0.005221
0.007743
0.005954
0.006475
0.008893
0.00802
0.005475
0.021264
0.005759
0.005171
0.005064
0.005535
0.014329
0.004681
0.01091
0.006001
0.012184
0.012251
0.007202
0.0071
0.006568
0.006761
0.012302
0.005663
0.007972
0.006547
0.008296
0.017177
0.0174
0.014941
0.012625
0.007706
0.007673
0.01292
0.00601
0.006786
0.024612
0.022428
0.01823
0.00735
0.012443
0.016509
0.016232
0.020809
0.008366
0.010812
0.022526
0.023733
0.010532
0.005908
0.012567
0.029476
0.025142
0.008024
0.012157
0.017235
0.006685
0.007825
0.005462
0.0046
0.010473
0.003949
0.005207
0.010923
0.016097
0.004195
0.007918
0.006792
0.015933
0.019241
0.021884
0.005607
0.016738
0.015996
0.011551
0.007655
0.011271
0.020623
0.004736
0.006224
0.004527
0.008631
0.014264
0.014451
0.005639
0.021712
0.009437
0.01267
0.005017
0.02089
0.008106
0.005759
0.009787
0.005021
0.004727
0.00488
0.012809
0.022264
0.011778
0.024025
0.027797
0.009118
0.004847
0.005388
0.021761
0.023487
0.024849
0.011875
0.006048
0.012073
0.007891
0.034533
0.015571
0.010398
0.015723
0.014347
0.00403
0.008891
0.012703
0.011574
0.007954
0.00908
0.006705
0.010814
0.004737
0.00467
0.016475
0.0104
0.009501
0.010205
0.004351
0.004592
0.00973
0.005267
0.010777
0.019265
0.018211
0.014456
0.00928
0.004713
0.00708
0.008776
0.023283
0.011253
0.005025
0.013005
0.010687
0.01247
0.012993
0.004199
0.019967
0.018338
0.027277
0.004864
0.03049
0.007217
0.004715
0.022236
0.015291
0.00363
0.008044
0.004227
0.033496
0.019359
0.017493
0.008839
0.00384
0.035067
0.003941
0.018717
0.004055
0.003731
0.009464
0.010251
0.025372
0.035948
0.006467
0.011992
0.005134
0.013649
0.020132
0.010132
0.032261
0.007781
0.027445
0.004066
0.005298
0.004438
0.005782
0.012367
0.004878
0.038591
0.01214
0.012744
0.014311
0.012272
0.012308
0.012114
0.008718
0.003175
0.010035
0.004444
0.009031
0.013981
0.002721
0.007114
0.004824
0.005419
0.002942
0.012524
0.010097
0.010565
0.009015
0.013083
0.009476
0.009758
0.010739
0.016175
0.007249
0.007581
0.00691
0.008543
0.007382
0.010463
0.002509
0.011152
0.008008
0.010056
0.004644
0.005107
0.004661
0.005867
0.006341
0.006426
0.018789
0.008862
0.008555
0.008965
0.012906
0.004043
0.008917
0.022096
0.036989
0.039162
0.011206
0.008955
0.015163