
0
0
0
0
4.2646e-05
4.2646e-05
0.00021323
0.000213881
0.000213881
0.019312
0.0441829
0.0440687
0.0766267
0.0664802
0.0902761
0.12318
0.168716
0.197791
0.197791
0.1695
0.1695
0.189032
0.156713
0.0556402
0.0483867
0.0605605
0.042209
0.0726347
0.0726347
0.0630123
0.0573097
0.0573097
0.0686496
0.0603801
0.286595
0.243133
0.276096
0.265134
0.2216
0.221759
0.265366
0.243655
0.0120746
0.0299878
0.0501758
0.0511592
0.0376157
0.0410218
0.0294314
0.0389619
0.0284573
0.0582199
0.0373764
0.0673983
0.0875217
0.0455704
0.0753227
0.0448903
0.0448903
0.0539168
0.0539168
0.052815
0.052815
0.0614397
0.0614397
0.102451
0.0719252
0.0775053
0.0490728
0.064168
0.057424
0.057424
0.0631163
0.166569
0.185081
0.185081
0.168408
0.168408
0.175774
0.183197
0.171424
0.178844
0.0481726
0.00881788
0.0110151
0.031337
0.031337
0.041564
0.0101121
0.0108906
0.0146661
0.0082063
0.0537264
0.00451879
0.0328028
0.0054181
0.0408074
0.0164547
0.0086396
0.0283555
0.0263503
0.0240191
0.022524
0.0146046
0.0381469
0.0251711
0.0143651
0.0301231
0.0134597
0.0408307
0.0120364
0.0202222
0.0193211
0.0217286
0.0238694
0.0168228
0.0990011
0.0184819
0.021191
0.0537013
0.0110629
0.0102956
0.0249841
0.00863507
0.00863507
0.00628715
0.0317093
0.00709939
0.0532954
0.00832906
0.0155814
0.0485095
0.0485095
0.00533883
0.00533883
0.0124304
0.0137124
0.0137124
0.0146576
0.0274154
0.00201734
0.0219733
0.00927862
0.00386357
0.00386357
0.0109487
0.00601732
0.00601732
0.0129677
0.00224821
0.00749618
0.00175012
0.00175012
0.0216952
0.0216952
0.00366464
0.0237776
0.0310596
0.00517812
0.0380867
0.0253433
0.0530354
0.00859109
0.0411721
0.00314346
0.0291616
0.0222195