
2e-06
1e-06
1e-06
1e-06
1e-06
1e-06
1e-06
1e-06
2e-06
1e-06
1e-06
1e-06
1e-06
2e-06
1e-06
1e-06
2e-06
1e-06
0
1e-06
2e-06
1e-06
2e-06
1e-06
1e-06
1e-06
1e-06
1e-06
1e-06
1e-06
1e-06
1e-06
2e-06
3e-06
1e-06
1e-06
1e-06
1e-06
2e-06
0
1e-06
1e-06
1e-06
1e-06
1e-06
1e-06
1e-06
0
1e-06
1e-06
1e-06
0
2e-06
4e-06
5e-06
4e-06
2e-06
1e-06
2e-06
5e-06
1e-06
1e-06
3e-06
2e-06
4e-06
2e-06
5e-06
4e-06
2e-06
3e-06
3e-06
2e-06
2e-06
2e-06
2e-06
0.020238
0.060142
0.074152
0.070995
0.039802
0.02659
0.040152
0.072708
0.032506
0.029731
0.029785
0.02492
0.024924
0.062204
0.031963
0.025052
2e-06
1e-06
2e-06
1e-06
1e-06
1e-06
1e-06
1e-06
3e-06
2e-06
2e-06
2e-06
0.026369
0.02686
0.023447
0.023508
0.02307
1e-06
1e-06
1e-06
1e-06
2e-06
0.02795
0.024456
0.022729
0.062456
0.026257
0.019398
0.019324
0.01948
0.01852
0.018371
0.018335
0.021027
0.060393
0.05629
0.019228
0.016239
0.016528
0.016554
0.057765
0.082442
0.025024
0.031783
0.03273
0.033753
0.09272
0.062014
0.021249
0.070309
0.031225
0.023814
0.022877
0.023432
0.024354
0.03175
0.02394
0.02434
0.02358
0.023078
0.023512
0.022291
0.022334
0.025133
0.023706
0.023673
0.023522
0.064759
0.04149
3e-06
2e-06
2e-06
2e-06
0.023341
0.018822
0.018933
0.017377
0.061165
0.021709
0.022312
0.022858
0.023107
0.024216
0.024084
0.022389
0.060406
0.064247
0.077053
1e-06
7e-06
2e-06
1e-06
2e-06
2e-06
1e-06
2e-06
1e-06
5e-06
0.024306
0.043834
0.025171
0.023191
0.069709
0.041541
0.021289
0.023656
0.021734
0.015774
0.059451
0.070103
0.061018
0.013648
0.012172
0.049584
0.056929
0.068528
0.070262
0.075953
0.017229
0.054092
0.017982
0.017373
0.023309
0.02411
0.039763
0.019645
0.069349
0.047347
0.040381
0.026785
0.028594
0.079799
0.0464
0.076094
0.026186
0.058716
0.086097
0.073031
0.022482
0.019881
0.019488
0.019488
0.018653
0.019194
0.057801
0.024827
0.015868
0.015629
0.012269
0.01444
0.030145
0.013512
0.054409
0.025916
0.014918
0.016332
0.016432
0.016494
0.016527
0.018384
0.019813
0.039605
0.017561
0.018293
0.01787
0.026937
0.017135
0.016059
0.016051
0.016497
0.056832
0.060299
0.020184
0.017321
0.020755
0.017027
0.052702
0.071827
0.059602
0.022288
0.017528
0.077476