
0.007566
0.01544
0.009137
0.008631
0.008604
0.019445
0.017446
0.01041
0.024426
0.007752
0.007979
0.016442
0.009027
0.008344
0.009125
0.006908
0.015425
0.025417
0.009355
0.009709
0.009192
0.00701
0.010291
0.018842
0.008707
0.008237
0.006798
0.010998
0.008401
0.009108
0.011802
0.011098
0.008029
0.026522
0.007814
0.007487
0.007564
0.007666
0.017074
0.00703
0.016495
0.008415
0.016507
0.016066
0.010115
0.010161
0.00933
0.009877
0.017491
0.007688
0.010899
0.009115
0.011858
0.023977
0.024629
0.022902
0.017046
0.009521
0.011093
0.017323
0.009093
0.009997
0.03691
0.030569
0.025081
0.010954
0.017167
0.021764
0.020609
0.026413
0.012166
0.014923
0.028304
0.031928
0.015325
0.029116
0.079715
0.114376
0.114492
0.056293
0.043525
0.069979
0.084379
0.04436
0.037684
0.037362
0.03902
0.031331
0.070268
0.046432
0.048282
0.006981
0.011772
0.010239
0.02206
0.026723
0.030096
0.008239
0.021114
0.021628
0.016023
0.01181
0.020557
0.064707
0.037611
0.037472
0.033533
0.042996
0.024098
0.024545
0.013148
0.041476
0.017531
0.050252
0.035092
0.053749
0.079888
0.036921
0.039044
0.026712
0.026716
0.025461
0.041286
0.052683
0.036312
0.096891
0.103626
0.040466
0.026775
0.026668
0.055807
0.096994
0.127354
0.045043
0.040613
0.05358
0.04471
0.131769
0.082721
0.038023
0.091572
0.050325
0.030204
0.034689
0.039671
0.039471
0.042865
0.036333
0.033971
0.038095
0.034123
0.030523
0.045369
0.03655
0.038322
0.037462
0.029576
0.03049
0.089728
0.049407
0.014159
0.025481
0.024501
0.019474
0.038919
0.026042
0.030462
0.029232
0.100341
0.040527
0.032661
0.048017
0.042654
0.045701
0.048672
0.032027
0.092805
0.094903
0.123033
0.011245
0.047831
0.014066
0.009713
0.040045
0.02501
0.0089
0.015581
0.009717
0.043842
0.054371
0.075713
0.040812
0.032601
0.116016
0.050295
0.055148
0.032328
0.029731
0.033627
0.083218
0.112525
0.106625
0.031228
0.031048
0.061573
0.077605
0.095524
0.088163
0.11883
0.028213
0.089177
0.024612
0.025464
0.029917
0.03167
0.061738
0.03088
0.132578
0.066054
0.061945
0.049833
0.049829
0.110402
0.073315
0.102223
0.033305
0.083835
0.097069
0.091756
0.045128
0.026345
0.033714
0.031307
0.030788
0.025889
0.078337
0.049891
0.041466
0.030946
0.037832
0.036524
0.045724
0.033051
0.081153
0.040327
0.0306
0.030469
0.031357
0.031512
0.033466
0.024208
0.038533
0.055429
0.03385
0.029637
0.028928
0.0376
0.028979
0.029356
0.030302
0.050475
0.069818
0.072681
0.035208
0.040429
0.027101
0.032735
0.096885
0.11939
0.105587
0.037691
0.030198
0.098786