
1.5118e+09
0.009305
0.017017
0.010696
0.010144
0.010123
0.020881
0.019044
0.012138
0.026208
0.0095
0.00955
0.018014
0.010643
0.009893
0.010731
0.00849
0.01716
0.027291
0.011258
0.011501
0.010989
0.008874
0.012107
0.02068
0.010566
0.0101
0.008773
0.012887
0.010363
0.010952
0.013649
0.012978
0.009957
0.028352
0.009699
0.009262
0.009337
0.009531
0.018833
0.008788
0.018059
0.009919
0.018026
0.017759
0.011979
0.011758
0.010738
0.011334
0.018893
0.00914
0.013796
0.05238
0.057218
0.046286
0.075376
0.047308
0.024528
0.049404
0.085722
0.034681
0.028531
0.05262
0.058991
0.039529
0.056898
0.045151
0.070669
0.044422
0.034848
0.048949
0.057594
0.041998
0.06189
0.05188
0.14755
0.056702
0.163316
0.152855
0.172964
0.088004
0.104123
0.116171
0.112622
0.212118
0.068392
0.059022
0.061505
0.03643
0.112378
0.072778
0.074962
0.031431
0.085826
0.019562
0.063976
0.032644
0.056905
0.039079
0.069368
0.031917
0.052903
0.242076
0.03924
0.085824
0.054947
0.043004
0.05104
0.048539
0.041711
0.030012
0.032339
0.063844
0.036537
0.059175
0.20595
0.070337
0.086299
0.051669
0.043297
0.040995
0.030876
0.042277
0.045418
0.067525
0.040649
0.240991
0.129042
0.045775
0.045431
0.040391
0.069517
0.162382
0.146356
0.226199
0.115583
0.109921
0.111079
0.148224
0.187455
0.053047
0.151811
0.06824
0.03663
0.061344
0.043618
0.094235
0.046812
0.051436
0.037897
0.052514
0.037911
0.045914
0.049145
0.051975
0.042246
0.052468
0.033517
0.052536
0.376491
0.063751
0.04159
0.070008
0.033934
0.073824
0.053406
0.030588
0.037032
0.054094
0.27962
0.045394
0.061769
0.053011
0.060224
0.05084
0.064954
0.037026
0.120899
0.331412
0.189183
0.081269
0.076312
0.041503
0.038691
0.064036
0.183512
0.023398
0.040453
0.117832
0.067329
0.112043
0.092627
0.048788
0.224442
0.187891
0.06529
0.071111
0.039969
0.166753
0.046859
0.142953
0.120338
0.239633
0.145579
0.036167
0.19812
0.140703
0.161916
0.158043
0.142949
0.039119
0.104579
0.039155
0.062614
0.037974
0.243512
0.074962
0.046169
0.199482
0.121596
0.069492
0.057809
0.263201
0.177863
0.128184
0.119185
0.042475
0.367934
0.124644
0.107633
0.048494
0.048964
0.040569
0.052888
0.206915
0.038406
0.09527
0.061103
0.044439
0.05448
0.042896
0.08154
0.055399
0.035891
0.093159
0.173556
0.041652
0.041826
0.058129
0.041992
0.059412
0.040756
0.101104
0.067438
0.050305
0.040943
0.057444
0.175916
0.039398
0.042528
0.058575
0.053362
0.088749
0.089551
0.03802
0.058695
0.040279
0.188692
0.154943
0.24871
0.120526
0.040725
0.097999