
0.001121
0.003039
0.024411
0.008874
0.027631
0.010034
0.008765
0.00642
0.01991
0.009406
0.007741
0.011356
0.010599
0.021905
0.073598
0.023809
0.043874
0.024811
0.053147
0.035285
0.014379
0.021992
0.014278
0.014161
0.032383
0.01994
0.018471
0.031661
0.019195
0.010616
0.017056
0.003151
0.012348
0.014826
0.011348
0.011318
0.011565
0.013138
0.002875
0.011489
0.009819
0.009448
0.009251
0.00987
0.003344
0.013825
0.008917
0.00908
0.055745
0.005588
0.061687
0.051064
0.059532
0.010817
0.003599
0.010636
0.052751
0.012369
0.01067
0.048331
0.010577
0.010044
0.010897
0.010899
0.01055
0.002651
0.068986
0.009312
0.018071
0.023886
0.009458
0.002961
0.010449
0.01063
0.011859
0.010695
0.017531
0.005967
0.05388
0.061231
0.015931
0.010374
0.012885
0.009721
0.063875
0.015686
0.051781
0.011431
0.002786
0.06367
0.010082
0.010844
0.002559
0.008905
0.050441
0.002798
0.002648
0.001715
0.001708
0.054474
0.057898
0.058741
0.014706
0.007366
0.009901
0.01154
0.002667
0.009131
0.057899
0.050603
0.002726
0.002864
0.059551
0.050402
0.005773
0.002297
0.062818
0.019047
0.011142
0.008978
0.002511
0.008913
0.011841
0.007831
0.006718
0.025655
0.00666
0.005203
0.007899
0.00766
0.008751
0.049888
0.008534
0.008612
0.004691
0.007375
0.008122
0.013398
0.012041
0.009269
0.002657
0.052425
0.002813
0.010727
0.04918
0.054756