
16
196
158
19
158
19
187
122
202
139
147
202
147
406
108
110
391
130
35
210
500
111
339
440
138
352
385
121
391
27
138
88
319
35
35
352
397
91
83
208
111
111
352
500
138
186
500
144
500
296
192
162
91
48
58
114
91
58
102
58
108
59
118
65
107
47
104
30
30
96
64
64
96
77
102
52
88
68
83
59
79
110
93
38
22
61
44
57
79
500
89
27
78
23
105
108
105
123
410
123
393
439
51
13
81
69
81
76
29
12
65
29
15
90
89
21
72
20
106
87
87
89
88
64
15
99
81
76
12
11
64
81
81
135
82
129
407
382
26
87
365
61
267
400
373
200
265
173
351
123
88
135
378
332
277
319
61
82
30
17
20
13
65
65
108
65
50
58
65
68
340
349
310
217
65
88
44
57
251
105
44
9
9
11
53
53
96
53
40
24
24
34
20
46
31
59
76
46
34
101
59
34
52
339
27
27
52
93
52
14
23
40
30
94
21
66
25
66
53
30
15
19
23
24
49
87
24
83
19
59
87
66
87
23
24
80
73
24
24
19
33
19
71
22
46
82
21
15
15
19
34
15
71
17
29
15
41
22
71
14
44
77
33
14
18
16
81
77
78
45
16
49
20
73
40
79
75
88
40
25
79
77
41
51
19
73
40
76
75
40
40
26
76
33
40
79
8
21
60
78
64
60
60
98
78
98
221
60
393
98
63
423
60
74
63
98
53
43
14
24
20
56
52
23
53
52
95
62
55
14
25
21
42
30
67
40
496
23
40
15
49
72
106
62
58
52
61
57
72
63
50
63
63
69
15
63
404
41
76
33
69
63
41
65
30
41
63
68
32
70
75
494
42
43
33
82
42
75
70
35
22
38
70
43
76
29
28
38
76
38
28
82
25
43
59
16
47
58
22
25
13
47
22
83
99
89
23
98
22
26
22
79
22
47
47
47
38
10
85
56
16
19
110
56
38
104
30
85
85
56
20
110
112
19
109
23
17
36
46
14
39
17
15
39
64
36
13
40
47
13
117
106
247
117
113
5
39
109
111
39
386
214
215
209