
0.056396
0.00423
0.004379
0.004034
0.004835
0.004404
0.004461
0.001954
0.009493
0.011528
0.00572
0.010164
0.004918
0.003797
0.003975
0.004377
0.00547
0.004852
0.003902
0.004915
0.003862
0.009543
0.004284
0.012144
0.004943
0.004988
0.004707
0.003837
0.005041
0.005021
0.005389
0.004375
0.004745
0.00385
0.005994
0.004376
0.004782
0.007087
0.006228
0.003933
0.005315
0.011822
0.004241
0.003665
0.003637
0.003998
0.011622
0.003353
0.003862
0.00477
0.00423
0.003813
0.005983
0.009873
0.005308
0.005144
0.004944
0.005107
0.004621
0.004816
0.003995
0.006098
0.004902
0.006198
0.013468
0.013011
0.011195
0.009833
0.005835
0.005467
0.00941
0.004463
0.005118
0.010707
0.008815
0.007085
0.011103
0.007476
0.007471
0.005356
0.009361
0.013031
0.01272
0.016988
0.006018
0.008152
0.018675
0.006974
0.012563
0.007834
0.042055
0.001517
0.00149
0.001671
0.004213
0.005473
0.004199
0.024817
0.020965
0.006509
0.006094
0.003591
0.009771
0.01403
0.004728
0.004514
0.005963
0.07374
0.001531
0.003907
0.00308
0.008455
0.002541
0.003432
0.008769
0.009635
0.003335
0.002922
0.005915
0.005167
0.00413
0.009063
0.01175
0.004128
0.006362
0.012136
0.004177
0.013914
0.013005
0.008824
0.005911
0.066181
0.003018
0.003125
0.003242
0.003594
0.002774
0.003178
0.003557
0.003149
0.003431
0.00262
0.009064
0.003732
0.011487
0.005495
0.003513
0.00351
0.003325
0.002329
0.004598
0.003605
0.003191
0.002103
0.002925
0.003721
0.002009
0.003455
0.011623
0.003531
0.011757
0.003709
0.003763
0.003408
0.006608
0.01121
0.003352
0.003946
0.007492
0.002875
0.010393
0.003372
0.003514
0.002321
0.056713
0.002851
0.002568
0.002881
0.00336
0.002786
0.001975
0.001467
0.00318
0.002233
0.00239
0.004188
0.013545
0.002757
0.005815
0.003861
0.004254
0.001698
0.00416
0.003367
0.002379
0.001375
0.003641
0.003334
0.00341
0.010466
0.004501
0.009914
0.008773
0.003354
0.009585
0.012826
0.0069
0.002808
0.045556
0.001744
0.002394
0.002669
0.002561
0.002691
0.001894
0.001561
0.002101
0.001838
0.001232
0.023169
0.006349
0.004281
0.002818
0.003268
0.001844
0.003494
0.002418
0.003895
0.001541
0.008232
0.010066
0.003702
0.002985
0.019325
0.005403
0.020084
0.007466
0.009761
0.002994
0.047494
0.002358
0.0016
0.004244
0.00254
0.002596
0.001244
0.001295
0.002142
0.002612
0.002721
0.004285
0.009882
0.003063
0.006186
0.028639
0.012763
0.056614
0.008442
0.001597
0.011269
0.011513
0.002536
0.007108
0.010208
0.009324
0.006139
0.007232
0.005106
0.00887
0.003334
0.003403
0.003293
0.004078
0.009467
0.008468
0.007557
0.008237
0.002755
0.003069
0.006827
0.004762
0.056321
0.001977
0.001745
0.001234
0.002579
0.002561
0.003154
0.002623
0.002484
0.002425
0.002509
0.003478
0.008631
0.015813
0.014771
0.011534
0.007435
0.002274
0.003367
0.002775
0.002593
0.006994
0.008616
0.009868
0.057032
0.00186
0.001566
0.001564
0.002505
0.0024
0.003356
0.0023
0.002115
0.001435
0.001439
0.009103
0.002459
0.003679
0.002108
0.003918
0.006233
0.00237
0.002819
0.008579
0.003492
0.010254
0.003163
0.003782
0.006858
0.002299
0.001978
0.002812
0.002948
0.016256
0.004776
0.014749
0.00452
0.062605
0.002649
0.001948
0.001879
0.002539
0.002916
0.002413
0.001587
0.001922
0.002223
0.02256
0.005096
0.003357
0.003387
0.024982
0.005468
0.005413
0.002853
0.003334
0.001924
0.005883
0.01241
0.00366
0.003225
0.012405
0.002818
0.051817
0.001886
0.00173
0.001965
0.001828
0.002449
0.002664
0.001788
0.001619
0.002387
0.002472
0.002962
0.006344
0.003747
0.002842
0.002944
0.028067
0.00311
0.012172
0.00389
0.001861
0.006903
0.007456
0.002919
0.001786
0.00714
0.002411
0.002524
0.001818
0.056354
0.002923
0.001677
0.002761
0.001933
0.002299
0.002847
0.001831
0.001673
0.001636
0.001803
0.029633
0.003312
0.002609
0.001652
0.011633
0.003805
0.002813
0.001835
0.002596
0.001725
0.00247
0.001626
0.041108
0.003117
0.001461
0.002794
0.001624
0.002119
0.00265
0.003104
0.00164
0.001695
0.001779
0.007694
0.003721
0.00699
0.007239
0.004441
0.016526
0.004601
0.003228
0.030812
0.003035
0.035258
0.003343
0.001768
0.003286
0.002745
0.002321
0.003827
0.002857
0.001853
0.002261
0.002533
0.00237
0.003089
0.030335
0.003512
0.001763
0.002831
0.002771
0.002535
0.002891
0.00281
0.001827
0.009677
0.001734
0.003369
0.003623
0.032636
0.001272
0.001378
0.002274
0.009826
0.016107
0.006916
0.026743
0.003772
0.002286
0.022909
0.002795
0.003856
0.003071
0.004236
0.051816
0.003421
0.002926
0.001654
0.002134
0.001417
0.002158
0.003105
0.001865
0.003154
0.003162
0.004028
0.005923
0.003363
0.00348
0.003194
0.020876
0.011483
0.003055
0.003378
0.009937
0.001692
0.010491
0.003069
0.011808
0.002339
0.009922
0.003474
0.06449
0.003089
0.001511
0.002788
0.001757
0.001862
0.003368
0.00325
0.00322
0.003559
0.005632
0.003538
0.005469
0.003437
0.00592
0.003358
0.003652
0.006423
0.007729
0.001979
0.001908
0.007439
0.008036
0.055105
0.003559
0.003478
0.00162
0.003524
0.001945
0.00345
0.002826
0.003343
0.003195
0.002749
0.003122
0.006561
0.004455
0.011553
0.002188
0.001724
0.00189
0.005251
0.003723
0.003448
0.003656
0.004075
0.003235
0.053487
0.003814
0.003524
0.003033
0.002909
0.001671
0.003639
0.002922
0.003579
0.003484
0.0019
0.001807
0.009981
0.002172
0.003894
0.00386
0.0034
0.003909
0.002949
0.005421
0.003995
0.003962
0.007263
0.00196
0.006914
0.003712
0.002092
0.003072
0.00367
0.003794
0.003539
0.002927
0.007879
0.002126
0.008505
0.003906
0.012978
0.002889
0.005413
0.003167
0.040446
0.00343
0.001266
0.00327
0.003271
0.001742
0.001478
0.001258
0.003151
0.001744
0.00378
0.006009
0.004181
0.005448
0.003811
0.006735
0.001824
0.005899
0.004013
0.008719
0.002079
0.001476
0.00154
0.009053
0.002424
0.005675
0.004112
0.008065
0.001879
0.003289
0.003157
0.003503
0.003016
0.003305
0.002877
0.043548
0.003074
0.001579
0.003627
0.003214
0.001662
0.001409
0.00329
0.00288
0.004075
0.004251
0.002657
0.004695
0.003798
0.004857
0.003958
0.003396
0.012253
0.003641
0.001968
0.0066
0.006491
0.007062
0.001858
0.010576
0.004394
0.002705
0.00708
0.002512
0.042116
0.003012
0.003051
0.001576
0.00275
0.001677
0.00138
0.002884
0.003826
0.002818
0.001702
0.007578
0.010376
0.005606
0.005714
0.030934
0.003033
0.027849
0.001206
0.03322
0.008943
0.006777
0.011533