
117
196
158
200
158
288
187
122
202
139
500
111
339
440
138
352
385
121
391
225
130
126
500
431
130
500
177
315
147
191
151
109
420
429
410
97
77
320
261
187
75
398
408
427
115
86
70
139
99
100
102
73
325
422
115
125
69
137
398
278
130
67
322
415
103
113
400
126
373
267
57
321
48
271
359
108
395
122
374
261
231
314
451
260
348
96
384
110
97
49
324
339
241
350
348
93
383
85
94
120
218
91
349
348
346
87
345
83
89
159
219
330
224
349
342
82
339
46
86
280
72
79
488
43
341
77
77
43
84
281
75
76
492
57
79
75
294
57
88
79
77
75
491
57
76
75
57
57
88
76
79
64
384
60
78
64
60
60
98
78
105
124
379
407
393
56
78
374
105
78
218
496
487
419
389
49
412
106
112
83
91
82
487
91
404
41
417
108
82
91
98
89
494
114
487
33
426
114
89
98
154
225
92
115
250
25
237
92
231
95
289
219
169
99
285
19
110
99
237
202
114
213
239
114
281
15
116
106
108
260
117
106
247
117
113
5
39
109
111
39