
0.015489
0.001118
0.000856
0.002321
0.000873
0.001847
0.000745
0.001131
0.001239
0.001361
0.001182
0.000905
0.001096
0.001386
0.000899
0.001196
0.001087
0.001494
0.001223
0.001445
0.000872
0.000904
0.001843
0.002473
0.001197
0.001233
0.000871
0.001226
0.001202
0.000927
0.001058
0.002143
0.000887
0.000764
0.001509
0.000896
0.001452
0.001175
0.001075
0.001123
0.002102
0.001146
0.000888
0.001055
0.001198
0.002134
0.000995
0.001529
0.001189
0.001073
0.00119
0.000908
0.001356
0.000896
0.000905
0.001492
0.00145
0.001157
0.000884
0.001193
0.001222
0.00484
0.005544
0.001942
0.002111
0.002126
0.001585
0.00478
0.004469
0.006606
0.002034
0.003547
0.000914
0.001034
0.002203
0.001837
0.0017
0.004936
0.003114
0.003464
0.002084
0.00161
0.001979
0.002299
0.002744
0.006512
0.007222
0.001789
0.00108
0.001002
0.00488
0.003886
0.003974
0.001353
0.001544
0.007661
0.003133
0.004512
0.001651
0.018437
0.000794
0.000658
0.000482
0.00085
0.000859
0.000503
0.000697
0.000744
0.000768
0.00086
0.002919
0.000805
0.001166
0.000675
0.000422
0.003009
0.000901
0.001174
0.001162
0.000479
0.001191
0.001074
0.000819
0.000752
0.000869
0.002731
0.000478
0.001167
0.001912
0.002032
0.001604
0.001081
0.001602
0.001503
0.001031
0.001922
0.000691
0.000432
0.001172
0.001056
0.00047
0.000994
0.000707
0.016994
0.000203
0.00119
0.003413
0.001426
0.002439
0.001194
0.001071
0.002995
0.00118
0.000956
0.000973
0.005301
0.00393
0.002118
0.001088
0.002983
0.001654
0.003932
0.002435
0.004535
0.001626
0.002373
0.001794
0.001421
0.002569
0.003573
0.001281
0.002258
0.002188
0.001838
0.004964
0.001585
0.001477
0.001976
0.00163
0.023449
0.001235
1.8e-05
0.00118
0.001839
2.2e-05
0.000788
0.004095
3.2e-05
0.004023
0.005169
2.5e-05
0.001872
3.5e-05
0.006563
0.000893
0.002471
1.9e-05
0.003047
3.1e-05
0.011452
2.6e-05
0.001717
0.001725
1.8e-05
0.000694
0.001253
3.3e-05
0.004247
0.000476
2.7e-05
0.004195
3.3e-05
0.003444
0.002437
0.004187
0.017873
0.00051
0.000183
0.000179
0.000493
0.001492
0.000235
0.00579
0.003417
3.7e-05
0.001675
0.00198
3e-05
0.005336
0.000376
0.001967
0.001093
2.6e-05
0.003473
0.00536
3.1e-05
0.000905
0.001108
0.00145
0.000929
1.7e-05
0.005311
0.001916
2.6e-05
0.001008
0.00286
0.000549
0.00071
0.017749
0.00133
0.000559
0.00046
0.000458
0.000792
0.000429
0.000593
0.000613
0.000468
0.000161
0.001026
0.000586
1.5e-05
0.002734
0.00048
0.001031
0.000563
1.5e-05
0.000821
0.000986
0.002237
0.000479
1.8e-05
0.001238
0.003159
0.001434
0.000372
0.002979
0.000852
1.6e-05
0.00553
0.002526
2.7e-05
0.001003
0.000905
0.023881
0.00146
0.000582
0.000507
0.000454
0.001077
0.000459
0.001425
0.000453
0.000436
0.000137
2e-05
0.00064
0.000503
0.006962
0.00158
4.7e-05
0.001201
0.000458
1.6e-05
0.006106
0.003279
2.7e-05
0.002472
0.002985
0.01403
1.8e-05
0.000675
1.6e-05
0.001337
0.000644
0.000984
0.001934
3.8e-05
0.001844
4.1e-05
0.006777
3.2e-05
0.010457
5.9e-05
0.001056
0.000256
0.00169
1.9e-05
0.001047
0.002076
2.6e-05
0.002988
0.002122
2.6e-05
0.002307
0.001728
0.00121
0.002137
5.9e-05
0.002297
0.019191
0.000133
1.6e-05
0.002788
0.000923
0.000274
1.6e-05
0.00284
0.002914
3.9e-05
0.002111
0.001065
3e-05
0.002535
0.005672
2.4e-05
0.002978
0.000201
0.001488
0.000294
2.7e-05
0.003511
0.001714
4.2e-05
0.002884
0.007498
0.000633
2.6e-05
0.001917
2.8e-05
0.00606
3.4e-05
0.002145
0.01602
0.001207
0.000882
0.000588
0.001501
0.00139
0.000369
0.000193
0.000215
0.000545
0.000709
1.6e-05
0.001371
0.000657
0.001319
0.000751
0.0009
0.000254
2e-05
0.002867
0.001478
1.9e-05
0.002286
0.001475
0.000675
0.000918
1.7e-05
0.00068
0.000936
0.002512
0.00064
0.001266
0.000947
1.6e-05
0.001266
0.000654
0.000903
0.000507
0.001589
0.002528
3.7e-05
0.014827
0.001317
0.000866
0.000586
0.000445
0.001382
0.000165
0.000582
0.000512
0.000661
0.001771
0.00084
2.7e-05
0.001501
0.001863
3.3e-05
0.002764
0.000555
1.7e-05
0.003129
0.004108
3e-05
0.002039
0.000497
1.6e-05
0.002242
0.000937
0.014724
0.001383
0.000893
0.000539
0.000459
0.000486
0.000683
0.000167
0.000654
0.000573
0.000708
0.000665
0.001016
0.000888
0.000392
1.6e-05
0.001674
0.00502
0.001494
0.00126
2.3e-05
0.000746
0.000574
0.002267
0.000758
1.8e-05
0.000736
0.000572
0.012844
0.000103
0.00088
1.5e-05
0.001144
0.000765
0.001681
0.001105
1.7e-05
0.002676
0.000674
1.8e-05
0.001187
0.003325
5.7e-05
0.003848
2.2e-05
0.002829
2e-05
0.00117
0.000947
2.3e-05
0.001857
4.5e-05
0.001608
4.1e-05
0.003408
3.8e-05
0.000669
0.015555
0.000343
0.000441
0.000322
0.000336
0.000323
0.000806
1.9e-05
0.000934
2.4e-05
0.002368
0.004526
2.9e-05
0.003489
0.00149
1.6e-05
0.005148
3.6e-05
0.001212
2.1e-05
0.000904
0.001926
6.3e-05
0.003128
0.001527
2e-05
0.000918
0.001368
0.002448
0.001496
0.000773
0.001153
0.018071
0.000392
0.000263
0.000294
0.00027
0.000306
0.001426
0.000297
0.000145
0.001246
0.000381
0.002245
0.001596
0.00205
0.000396
0.001317
0.000453
0.009055
0.002121
0.002097
0.001092
0.003442
0.001674
0.001582
0.000239
0.004896
0.000734
0.001113
0.004388
0.001415
0.0006
0.002095
0.005588
0.002763
0.000762
0.001468
0.002482
0.000451
0.00037
0.001826
0.000632
0.004165
0.001129
0.025851
0.001681
0.000446
0.001932
0.00166
0.001685
0.0006
0.001655
0.001723
0.001641
0.002425
0.004907
0.001436
0.002546
0.00131
0.003412
0.003436
0.003052
0.002925
0.002885
0.001231
0.013144
0.003286
0.018477
0.001404
0.001419
0.001376
0.001247
0.000656
0.000719
0.000593
0.001385
0.000439
0.000776
0.001358
0.000755
0.001353
0.001823
0.000693
0.005824
0.00745
0.003969
0.003553
0.003233
0.001308
0.015095
0.001593
0.001349
0.001318
0.001369
0.001264
0.00036
0.000415
0.000597
0.001441
0.001305
0.009717
0.001681
0.002561
0.001438
0.001069
0.001308
0.001111
0.001676
0.012755
0.001447
0.001426
0.001395
0.001474
0.00036
0.000413
0.000602
0.001501
0.001371
0.002372
0.001458
0.000367
0.000437
0.000472
0.003279
0.000489
0.001727
0.00155
0.001824
0.011018
0.001605
0.001372
0.00138
0.001614
0.00149
0.000339
0.000406
0.000628
0.001546
0.001411
0.002827
0.00145
0.000374
0.001263
0.000424
0.001547
0.013831
0.001527
0.001402
0.001498
0.00154
0.001539
0.000388
0.000395
0.000635
0.001445
0.001384
0.002561
0.000629
0.001081
0.001573
0.013358
0.001533
0.001375
0.001489
0.001607
0.001501
0.000536
0.000425
0.000754
0.001448
0.001382
0.004907
0.003727
0.002396
0.000664
0.001474
0.001912
0.001802
0.001514
0.010494
0.007165
0.020314
0.001518
0.000632
0.001739
0.001607
0.001534
0.000576
0.000378
0.000631
0.001699
0.0017
0.002518
0.000478
0.00103
0.000342
0.001525
0.000358
0.015882
0.001548
0.000613
0.001737
0.000466
0.001533
0.000898
0.000352
0.001486
0.001728
0.001705
0.002279
0.000199
0.002589
0.000214
0.001432
0.00165
0.001961
0.001515
0.016101
0.001549
0.000594
0.00144
0.000192
0.000928
0.000375
0.0015
0.001633
0.001778
0.000936
0.001525
0.004484
0.003317
0.016136
0.001883
0.000585
0.001501
0.001285
0.000915
0.000323
0.001519
0.001508
0.001732
0.002231
0.001692
0.002231
0.001695
0.019456
0.001747
0.000575
0.001632
0.001341
0.000949
0.000387
0.001474
0.001678
0.001744
0.002736
0.000534
0.001301
0.001296
0.019094
0.001774
0.000566
0.00173
0.001274
0.000895
0.000326
0.001435
0.001646
0.000497
0.001062
0.00108
0.017752
0.0004
0.000468
0.001708
0.001345
0.001643
0.000301
0.001485
0.00161
0.000414
0.002241
0.001685
0.00234
0.002743
0.001874
0.000292
0.002216
0.000289
0.002619
0.00102
0.00275
0.001111
0.003803
0.001141
0.000303
0.003684
0.000332
0.000377
0.002787
0.019076
0.000405
0.00193
0.001458
0.001903
0.000242
0.001262
0.00135
0.001607
0.001225
0.002156
0.001646
0.00106
0.000732
0.001922
0.00086
0.001029
0.008021
0.002373
0.014144
0.000213
0.002242
0.002693
0.004366
0.001758
0.000314
0.000318
0.004003
0.003398
0.003092
0.002116
0.000303
0.003682
0.002134
0.003559
0.001167
0.002145
0.024633
0.000159
0.00322
0.001228
0.004495
0.002717
0.001234
0.002125
0.001315
0.003558
0.002818
0.001508
0.001397
0.001603
0.001357