
0.000932
0.000497
0.000519
0.000666
0.000571
0.000775
0.000615
0.00061
0.000562
0.000552
0.000843
0.000649
0.000608
0.000537
0.00059
0.000685
0.000565
0.000643
0.000577
0.000616
0.000748
0.000547
0.000537
0.000587
0.000548
0.000566
0.000548
0.00065
0.000556
0.000587
0.000544
0.00058
0.000776
0.000688
0.000759
0.000577
0.0007
0.000601
0.000597
0.000624
0.000544
0.000638
0.000568
0.000556
0.000544
0.000562
0.000554
0.000589
0.000618
0.000644
0.000548
0.00056
0.000575
0.000549
0.000541
0.000691
0.000608
0.000571
0.000536
0.000549
0.000576
0.000607
0.000579
0.000635
0.000567
0.000549
0.000599
0.00056
0.000546
0.000595
0.000755
0.000616
0.000545
0.000553
0.000541
0.000714
0.000557
0.000571
0.000586
0.000632
0.000608
0.000533
0.000544
0.000549
0.000545
0.000538
0.00054
0.00053
0.000556
0.00055
0.000579
0.000546
0.000546
0.000582
0.00061
0.000545
0.00055
0.000528
0.000583
0.000668
0.000574
0.000549
0.000583
0.000542
0.000563
0.000544
0.000554
0.000544
0.000735
0.000539
0.000542
0.000603
0.000601
0.000575
0.000542
0.000538
0.000539
0.000552
0.000548
0.000545
0.000541
0.000549
0.000541
0.000539
0.000583
0.000556
0.000551
0.000543
0.000799
0.000541
0.000642
0.000576
0.000546
0.000542
0.00055
0.000549
0.000548
0.000557
0.000574
0.000599
0.000541
0.000546
0.000589
0.000544
0.000544
0.000555
0.000769
0.000775
0.000542
0.000539
0.000749
0.000562
0.000648
0.000544
0.000538
0.000543
0.000543
0.000547
0.000548
0.000546
0.000552
0.000553
0.000542
0.000578
0.000637
0.000552
0.00058
0.000639
0.000623
0.000544
0.000539
0.000552
0.000609
0.000539
0.000544
0.000606
0.000631
0.00061
0.000552
0.000764
0.000568
0.00071
0.000594
0.000548
0.000537
0.000532
0.000558
0.000551
0.000537
0.000775
0.000559
0.000543
0.00058
0.000642
0.000565
0.000546
0.000543
0.000758
0.00055
0.000538
0.000549
0.000541
0.000562
0.000835
0.000549
0.000539
0.000542
0.000716
0.000581
0.000574
0.000567
0.000579
0.000571
0.000549
0.000541
0.000537
0.000543
0.000539
0.000543
0.000788
0.000538
0.000545
0.000541
0.000545
0.000534
0.000821
0.000551
0.000543
0.000546
0.000624
0.000556
0.000544
0.000548
0.000543
0.000604
0.000542
0.000544
0.000541
0.000542
0.000542
0.000546
0.000546
0.000714
0.000537
0.000735
0.000542
0.000765
0.000584
0.000541
0.000535
0.000543
0.000779
0.000626
0.000549
0.000555
0.000545
0.000621
0.000556
0.000548
0.000579
0.000553
0.000539
0.000561
0.000532
0.000559
0.000656
0.000584
0.000589
0.00054
0.000544
0.000589
0.000547
0.000582
0.000555
0.000532
0.000544
0.000616
0.000545
0.000579
0.000545
0.000543
0.000555
0.000549
0.000542
0.000547
0.000535
0.000546
0.000545
0.000541
0.000559
0.000545
0.000556
0.000615
0.00059
0.000597
0.00054
0.000634
0.000555
0.000548
0.000539
0.000574
0.000551
0.000584
0.000595
0.000547
0.000582
0.000557
0.000539
0.000735
0.000592
0.000534
0.000597
0.000548
0.000547
0.000591
0.000556
0.000539
0.000549
0.000579
0.000548
0.000545
0.000551
0.000608
0.00055
0.000571
0.000564
0.000542
0.00077
0.000562
0.000544
0.000549
0.000548
0.00054
0.000589
0.000563
0.00055
0.000547
0.000571
0.000566
0.000537
0.000533
0.000548
0.000589
0.00062
0.000618
0.000543
0.000541
0.000536
0.000547
0.000621
0.000545
0.000551
0.000772
0.000543
0.00054
0.00056
0.000553
0.000573
0.000602
0.000546
0.000547
0.000559
0.000544
0.000547
0.00055
0.000546
0.00054
0.000546
0.000633
0.000583
0.000544
0.00055
0.000546
0.000585
0.000591
0.000594
0.000537
0.000535
0.00056
0.000542
0.000556
0.00055
0.000545
0.000564
0.000633
0.000652
0.000572
0.000541
0.000618
0.000588
0.000605
0.000592
0.000557
0.000763
0.00055
0.000543
0.000574
0.000558
0.000545
0.000542
0.000544
0.000532
0.000557
0.000549
0.000674
0.000552
0.000558
0.000554
0.000565
0.000541
0.000625
0.000554
0.00063
0.000545
0.000545
0.000617
0.000575
0.000586
0.000782
0.000569
0.000558
0.000568
0.00057
0.000568
0.000656
0.000576
0.000579
0.000631
0.000649
0.000575
0.000594
0.000566
0.000604
0.000576
0.000621
0.00056
0.000574
0.00067
0.00057
0.000606
0.000603
0.00062
0.00079
0.000641
0.000771
0.0008
0.000555
0.000563
0.000596
0.000673
0.000568
0.000552
0.000569
0.000705
0.000535
0.000642
0.000594
0.000607
0.000618
0.000555
0.000589
0.000666
0.000577
0.000572
0.000578
0.0008
0.000555
0.000814
0.000574
0.00057
0.000568
0.000605
0.000568
0.000593
0.00057
0.000571
0.000602
0.000555
0.000589
0.000554
0.000558
0.000619
0.000691
0.00056
0.000561
0.000631
0.000554
0.000631
0.000605
0.000559
0.000568
0.00058
0.000551
0.000554
0.000556
0.000553
0.000562
0.000581
0.000565
0.00057
0.000552
0.000605
0.000613
0.000569
0.00057
0.000578
0.000565
0.00057
0.000549
0.000692
0.000549
0.000609
0.000653
0.000559
0.000553
0.000618
0.000704
0.000551
0.000555
0.000595
0.00054
0.000553
0.000542
0.000552
0.000553
0.000595
0.000551
0.000549
0.000574
0.000614
0.000544
0.000538
0.000552
0.000657
0.000558
0.000549
0.000537
0.000552
0.000697
0.000543
0.000629
0.000555
0.000609
0.000574
0.000629
0.000544
0.000535
0.00055
0.000582
0.000583
0.000538
0.000665
0.000596
0.000827
0.000838
0.000539
0.000569
0.000554
0.000547
0.000551
0.000556
0.000549
0.000534
0.00055
0.000545
0.000749
0.000569
0.000564
0.000554
0.000559
0.000761
0.000547
0.000609
0.000538
0.000567
0.000649
0.000546
0.000572
0.00054
0.00054
0.000641
0.000606
0.000535
0.000544
0.00054
0.000575
0.000591
0.000543
0.000553
0.000541
0.000559
0.000587
0.000617
0.000676
0.000549
0.000633
0.000555
0.000588
0.000555
0.000567
0.00077
0.000565
0.000575
0.000544
0.000548
0.000557
0.000558
0.000587
0.000548
0.000555
0.000548
0.000553
0.000621
0.000537
0.000595
0.000844
0.000642
0.000587
0.000641
0.00061
0.000663
0.000536
0.00077
0.000568
0.000582
0.000561
0.000551
0.000544
0.000537
0.000554
0.000771
0.00055
0.000543
0.000772
0.000765
0.000572
0.000543
0.000559
0.000622
0.000798
0.000557
0.000581
0.000548
0.000609
0.000604
0.000537
0.000563
0.000598
0.000746
0.000546
0.000563
0.000548
0.000539
0.000603
0.000589
0.000617
0.000572
0.000606
0.000539
0.000539
0.00054
0.000537
0.000551
0.000543
0.000541
0.000577
0.000615
0.000564
0.00078
0.000546
0.000546
0.000541
0.000729
0.000621
0.00074
0.000543
0.00054
0.000545
0.000577
0.000567
0.000553
0.000547
0.000544
0.000776
0.000549
0.00078
0.000612
0.00055
0.000552
0.000544
0.000565
0.000575
0.00055
0.000636
0.000549
0.000541
0.00057
0.000609
0.000624
0.000633
0.000633
0.000612
0.000749
0.000559
0.000562
0.00055
0.000551
0.000593
0.000561
0.000558
0.00061
0.000568
0.000605
0.000548
0.00055
0.000601
0.00054
0.000619
0.000621
0.000544
0.000575
0.000545
0.000632
0.000544
0.000555
0.000661
0.000759
0.000776
0.000555
0.000549
0.000545
0.000776
0.000547
0.000636
0.000555
0.0006
0.000542
0.000647
0.000556
0.000558
0.000551
0.000579
0.000556
0.000569
0.000546
0.000545
0.000546
0.000634
0.000668
0.000538
0.000545
0.00064
0.000594
0.000545
0.000584
0.000565
0.000609
0.000745
0.000541
0.000545
0.000587
0.000543
0.00054
0.00056
0.000565
0.000577
0.000585
0.00054
0.000609
0.000546
0.000539
0.00054
0.000552
0.000784
0.000537
0.000546
0.000547
0.000571
0.000541
0.000552
0.000547
0.000585
0.000616
0.000549
0.000614
0.000769
0.000553
0.000538
0.000556
0.000544
0.000757
0.000553
0.000539
0.000546
0.00054
0.000552
0.000552
0.000599
0.000664
0.000539
0.000541
0.000607
0.000546
0.000556
0.000565
0.00054
0.00061
0.000551
0.00056
0.000559
0.000551
0.000541
0.000554
0.00055
0.00054
0.000552
0.000547
0.000546
0.000569
0.000544
0.000539
0.000546
0.000691
0.000563
0.000706
0.000605
0.000548
0.000591
0.000777
0.000561
0.000537
0.00053
0.000626
0.000539
0.000593
0.000593
0.00054
0.000546
0.000613
0.000568
0.000598
0.000544
0.000574
0.000585
0.000568
0.000627
0.000642
0.000674
0.000678
0.000715
0.000655
0.000902
0.000666
0.00065
0.000663
0.000659
0.000641
0.000632
0.000672
0.00086
0.000671
0.000754
0.000668
0.000686
0.000653
0.000703
0.000661
0.000696
0.000674
0.000659
0.000639
0.00066
0.000676
0.000641
0.000654
0.000857
0.000683
0.000654
0.000668
0.000662
0.00067
0.000714
0.000656
0.000725
0.000671
0.000681
0.000637
0.000666
0.000676
0.000911
0.000672
0.000677
0.000669
0.000746
0.000639
0.000673
0.000673
0.000686
0.0007
0.000733
0.000673
0.000711
0.000744
0.00069
0.000781
0.000676
0.00067
0.000666
0.000672
0.000727
0.000693
0.000695
0.000682
0.000676
0.000673
0.000667
0.000666
0.000664
0.000667
0.000694
0.000886
0.000653
0.000696
0.000659
0.000669
0.002556
0.002907
0.001178
0.002641
0.003701
0.000779
0.001188
0.001195
0.002825
0.001301
0.00132
0.002568
0.002955
0.001933
0.000791
0.00252
0.000669
0.000654
0.00066
0.000682
0.000693
0.000817
0.000659
0.001301
0.000728
0.001045
0.000662
0.000718
0.000722
0.000731
0.000726
0.002991
0.002643
0.000984
0.000996
0.000899
0.001594
0.001845
0.001053
0.00264
0.001164
0.001201
0.000857
0.001438
0.002766
0.002733
0.002708
0.002018
0.000828
0.002012
0.002689
0.002688
0.000682
0.0008
0.001495
0.001244
0.001044
0.000809
0.001464
0.001716
0.001114
0.001114
0.001816
0.002622
0.000736
0.000843
0.002506
0.00067
0.000716
0.000756
0.000704
0.000699
0.000704
0.000836
0.001226
0.001236
0.001662
0.000725
0.000682
0.001518
0.001898
0.001041
0.002996
0.002034
0.002031
0.000674
0.000687
0.001717
0.002201
0.001427
0.002624
0.00282
0.001157
0.003215
0.000702
0.000741
0.000923
0.00116
0.000686
0.00082
0.002812
0.000905
0.00069
0.002729
0.001908
0.001406
0.001347
0.001104
0.001103
0.001528
0.002771
0.002807
0.000922
0.001432
0.003293
0.003224
0.000696
0.000742
0.000705
0.000746
0.000949
0.000748
0.000705
0.000692
0.001146
0.00184
0.00068
0.000698
0.001234
0.001583
0.002254
0.00096
0.003319
0.000693
0.000703
0.000694
0.001371
0.001308
0.00075
0.001086
0.000698
0.000687
0.002714
0.000683
0.001452
0.001447
0.000846
0.000732
0.001067
0.00117
0.001743
0.001063
0.003125
0.001474
0.001344
0.000678
0.002876
0.000925
0.001121
0.001233
0.000689
0.000857
0.001159
0.0021
0.00091
0.003131
0.000843
0.00096
0.00111
0.000787
0.002594
0.000591
0.000556
0.000816
0.002191
0.001568
0.000589
0.001035
0.00103
0.002014
0.000915
0.000927
0.000922
0.000701
0.002278
0.001599
0.000686
0.001104
0.002601
0.002779
0.000747
0.001971
0.001372
0.002179
0.000572
0.000554
0.000901
0.001614
0.000696
0.001061
0.000582
0.002128
0.001193
0.002028
0.000575
0.000633
0.000552
0.000574
0.000563
0.00066
0.000663
0.000592
0.000586
0.002194
0.000567
0.000552
0.000834
0.000685
0.001214
0.000624
0.000738
0.00111
0.002542
0.00056
0.000535
0.000567
0.00056
0.000916
0.000724
0.000572
0.00056
0.001055
0.000567
0.000554
0.000539
0.000543
0.000559
0.00062
0.001231
0.000544
0.000559
0.000566
0.001044
0.000542
0.00087
0.000554
0.001841
0.001447
0.000622
0.000644
0.00059
0.000619
0.000629
0.001125
0.00062
0.001399
0.002246
0.002403
0.000555
0.000595
0.00072
0.001449
0.002523
0.000905
0.000782
0.000649
0.00093
0.001285
0.00139
0.000639
0.001782
0.001988
0.000546
0.000628
0.000996
0.000548
0.000895
0.00181
0.000648
0.000787
0.000622
0.000692
0.000634
0.000667
0.000666
0.001004
0.002533
0.002593
0.002507
0.002499
0.002455
0.002526
0.002533
0.002436
0.002495
0.00241
0.002437
0.002395
0.002437
0.002424
0.002419
0.002442
0.002455
0.002464
0.002433
0.00247
0.002382
0.002467
0.002544
0.002446
0.002424
0.002416
0.00241
0.002374
0.002431
0.002444
0.002385
0.002477
0.002202
0.002455
0.002381
0.002438
0.002587
0.002529
0.002465
0.00248
0.002449
0.00244
0.002456
0.002472
0.002455
0.002471
0.002502
0.002423
0.002423
0.002565
0.002487
0.002466
0.002579
0.002494
0.002406
0.002397
0.002527
0.00241
0.002458
0.002415
0.002731
0.002443
0.002492
0.002197
0.002442
0.002492
0.002679
0.002563
0.00247
0.002511
0.002415
0.002486
0.002386
0.002491
0.002491
0.002769
0.001619
0.002719
0.002481
0.002301
0.00245
0.002538
0.002415
0.002638
0.002559
0.002397
0.002457
0.002432
0.00169
0.000558
0.000884
0.000605
0.000536
0.00055
0.00055
0.000541
0.000587
0.000718
0.000693
0.000692
0.000732
0.000548
0.000553
0.000574
0.000562
0.000552
0.000557
0.000553
0.000554
0.000554
0.000555
0.000558
0.000577
0.000558
0.000551
0.001314
0.000556
0.000551
0.000548
0.00055
0.000553
0.000552
0.000554
0.000577
0.000561
0.000548
0.000549
0.000544
0.00065
0.000557
0.000562
0.000562
0.000549
0.000549
0.000819
0.000815
0.000542
0.000544
0.000561
0.000559
0.000552
0.000552
0.000557
0.000557
0.000595
0.000561
0.000545
0.000639
0.000553
0.000555
0.000546
0.000546
0.000559
0.000567
0.000557
0.00056
0.000551
0.00056
0.000545
0.000549
0.000555
0.000553
0.000553
0.000548
0.000549
0.000546
0.000553
0.000561
0.000547
0.000552
0.000546
0.000546
0.000545
0.000551
0.00055
0.000546
0.000562
0.000545
0.000541
0.000555
0.000569
0.000567
0.000559
0.000544
0.000552
0.000559
0.000563
0.00055
0.00056
0.000545
0.000555
0.000551
0.000561
0.000551
0.000555
0.000554
0.00054
0.000554
0.000548
0.00056
0.000551
0.000554
0.000564
0.000575
0.000561
0.000839
0.000607
0.000556
0.000596
0.000561
0.000574
0.000563
0.00055
0.000552
0.000552
0.00057