
2.1435e-05
3.5666e-05
3.5208e-05
2.1128e-05
3.465e-05
4.6034e-05
3.565e-05
2.7838e-05
2.5454e-05
3.353e-05
1.7411e-05
2.1361e-05
1.6945e-05
3.117e-05
3.3582e-05
2.1894e-05
1.5091e-05
2.5309e-05
1.9932e-05
2.8234e-05
2.522e-05
3.3026e-05
3.3431e-05
2.2521e-05
1.5629e-05
3.0055e-05
1.9519e-05
1.4083e-05
2.174e-05
2.5337e-05
1.3635e-05
3.2166e-05
2.0502e-05
2.6844e-05
2.9636e-05
3.3079e-05
3.2822e-05
3.2066e-05
1.9023e-05
2.1424e-05
2.8631e-05
2.537e-05
4.2239e-05
3.3515e-05
3.1075e-05
2.6988e-05
2.6496e-05
3.7683e-05
2.9147e-05
1.9279e-05
2.8953e-05
2.7101e-05
0.00010316
4.3771e-05
4.5874e-05
4.5958e-05
0.000150544
4.2492e-05
2.2031e-05
1.6073e-05
3.6893e-05
2.9409e-05
7.8072e-05
7.4489e-05
4.6312e-05
2.477e-05
6.3566e-05
0.000181778
2.123e-05
1.6256e-05
0.000121923
4.9427e-05
1.9615e-05
0.000113965
7.6918e-05
4.0483e-05
3.0142e-05
2.2587e-05
2.9606e-05
4.0647e-05
2.2269e-05
8.2527e-05
6.3105e-05
3.243e-05
5.0935e-05
4.1303e-05
4.9616e-05
2.294e-05
2.9824e-05
2.1927e-05
4.356e-05
0.0001761
3.8032e-05
3.6195e-05
4.7766e-05
6.3598e-05
2.9553e-05
7.5963e-05
8.748e-05
6.869e-05
5.437e-05
4.3922e-05
3.5396e-05
5.4371e-05
4.6629e-05
2.7114e-05
2.2447e-05
2.5901e-05
3.8782e-05
0.000102213
0.000225709
8.3016e-05
5.3485e-05
3.7567e-05
3.9392e-05
0.000110277
0.000137227
2.3125e-05
2.1586e-05
2.6411e-05
3.5864e-05
4.4574e-05
3.9021e-05
8.0422e-05
3.7853e-05
5.4766e-05
3.1261e-05
7.1762e-05
2.9949e-05
0.000108752
1.4385e-05
2.7786e-05
3.2883e-05
4.5767e-05
1.9704e-05
3.5844e-05
1.9745e-05
1.6925e-05
2.2382e-05
4.5621e-05
3.685e-05
8.6321e-05
3.8088e-05
2.8893e-05
4.6627e-05
2.0476e-05
8.1869e-05
5.5713e-05
2.242e-05
2.568e-05
4.4774e-05
3.4829e-05
9.6616e-05
0.000112359
0.000145926
1.9462e-05
2.2434e-05
3.5507e-05
3.5782e-05
6.4348e-05
4.2748e-05
3.7129e-05
2.1925e-05
2.8953e-05
4.1944e-05
3.4747e-05
6.2383e-05
4.0846e-05
5.0297e-05
5.4035e-05
6.7089e-05
3.7091e-05
3.8414e-05
5.0398e-05
3.927e-05
0.000151653
4.4838e-05
7.1743e-05
2.9732e-05
3.2305e-05
2.7515e-05
1.8407e-05
3.5439e-05
2.0752e-05
1.7617e-05
1.5196e-05
3.7809e-05
2.3148e-05
2.4684e-05
3.9994e-05
4.8443e-05
3.4375e-05
3.9131e-05
7.0311e-05
2.9949e-05
3.6077e-05
4.0833e-05
7.4111e-05
2.2298e-05
2.2084e-05
2.1095e-05
1.7544e-05
4.1383e-05
3.6829e-05
4.2208e-05
3.6219e-05
2.7921e-05
3.0023e-05
2.698e-05
3.7476e-05
2.1133e-05
4.0256e-05
6.5476e-05
5.8924e-05
1.7548e-05
2.0462e-05
4.2359e-05
2.5248e-05
3.7763e-05
4.5605e-05
3.1098e-05
0.000105265
2.9508e-05
2.8786e-05
2.4187e-05
3.4152e-05
3.635e-05
2.7744e-05
4.8853e-05
4.0748e-05
2.138e-05
5.4815e-05
3.142e-05
2.7929e-05
2.4856e-05
0.000140521
7.698e-05
3.2276e-05
3.3661e-05
6.2116e-05
7.6772e-05
0.000164671
7.7443e-05
3.8912e-05
4.7369e-05
5.0463e-05
4.064e-05
4.0129e-05
3.7405e-05
2.8466e-05
0.000116329
3.3315e-05
2.7897e-05
2.8574e-05
0.000163747
0.000136277
2.1637e-05
2.1489e-05
4.9207e-05
0.000105179
2.7922e-05
5.036e-05
9.0519e-05
2.0602e-05
3.1713e-05
3.8995e-05
3.2103e-05
1.4906e-05
3.9036e-05
3.0456e-05
2.0615e-05
4.7999e-05
2.5795e-05
3.5528e-05
3.4538e-05
2.2712e-05
3.3801e-05
3.0706e-05
8.02e-05
2.7926e-05
3.3596e-05
2.8069e-05
3.4142e-05
3.4035e-05
2.0902e-05
3.1517e-05
3.8306e-05
2.6945e-05
2.7054e-05
4.1396e-05
3.3749e-05
3.5709e-05
1.7776e-05
2.7004e-05
2.8531e-05
5.1627e-05
3.1883e-05
2.9411e-05
3.5379e-05
3.2922e-05
3.3154e-05
4.2073e-05
3.2433e-05
5.0093e-05
2.6829e-05
3.1732e-05
3.0062e-05
3.5767e-05
2.5468e-05
5.4543e-05
0.000111505
2.7098e-05
4.218e-05
3.2294e-05
6.2305e-05
3.8232e-05
3.364e-05
3.1361e-05
3.9875e-05
2.323e-05
3.0431e-05
3.6748e-05
2.9765e-05
5.9405e-05
2.3165e-05
3.7768e-05
0.000101555
2.0608e-05
4.1891e-05
4.3717e-05
2.4839e-05
2.9493e-05
3.0965e-05
2.372e-05
3.3017e-05
3.2439e-05