
4.33074
4.29449
4.31872
4.30034
4.29934
4.29565
4.24491
4.26425
4.29086
4.33032
4.24491
4.32708
4.28822
4.33172
4.34651
4.23528
4.26321
4.28402
4.12303
4.01887
3.92832
3.93379
3.80428
3.66643
3.55785
3.46058
3.36115
3.16679
3.27795
3.1995
3.18469
3.18337
3.15269
3.12567
3.1066
3.09432
3.08837
3.05992
3.04909
3.03372
3.02474
3.02062
2.99612
2.98924
2.95638
2.93062
2.90948
2.88713
2.86575
2.8509
2.82185
2.80206
2.76544
2.75615
2.72136
2.69071
2.67604
2.63823
2.6314
2.60371
2.57411
2.53932
2.51172
2.50493
2.47894
2.47217
2.4456
2.43918
2.42486
2.40533
2.37908
2.36443
2.34155
2.31705
2.30743
2.30622
2.30508
2.30655
2.3054
2.29848
2.27909
2.26043
2.23895
2.22442
2.18838
2.15108
2.11533
2.11784
2.08374
2.06221
2.04237
2.01618
2.01618
2.00336
1.97798
1.95332
1.9543
1.93518
1.91167
1.88315
1.8775
1.8541
1.83997
1.82274
1.81138
1.7841
1.78059
1.76865
1.75062
1.68986