
0.003736
0.003386
0.005268
0.003463
0.004634
0.005918
0.007853
0.003494
0.00323
0.006787
0.003245
0.003672
0.003575
0.00415
0.003938
0.00438
0.003115
0.003237
0.004589
0.005479
0.003602
0.005944
0.003553
0.003789
0.003326
0.003615
0.004927
0.003395
0.00281
0.004101
0.0032
0.004106
0.003159
0.003519
0.003756
0.005116
0.00634
0.003336
0.003787
0.004951
0.003715
0.004331
0.006741
0.003837
0.003608
0.003849
0.003328
0.006779
0.003777
0.003621
0.00324
0.003855
0.01525
0.007206
0.006417
0.005891
0.02791
0.007986
0.00387
0.004006
0.005964
0.005774
0.009415
0.009189
0.005864
0.005827
0.007735
0.031262
0.00372
0.003786
0.012807
0.008396
0.004648
0.017672
0.013959
0.006263
0.003074
0.006594
0.003542
0.006078
0.005738
0.011614
0.005187
0.003109
0.003598
0.003757
0.010636
0.005797
0.0034
0.006354
0.006327
0.02532
0.003824
0.006651
0.00855
0.014165
0.00553
0.008801
0.009072
0.005135
0.005862
0.005231
0.004552
0.005117
0.005263
0.004335
0.004092
0.005546
0.003735
0.012928
0.023487
0.007674
0.012515
0.003777
0.005485
0.010779
0.022623
0.004229
0.004255
0.002899
0.004714
0.009467
0.009006
0.01402
0.009457
0.012388
0.005865
0.011002
0.006068
0.011053
0.003299
0.004159
0.011095
0.008725
0.003483
0.006677
0.003268
0.003277
0.005127
0.010213
0.006965
0.011421
0.004577
0.002998
0.014916
0.004255
0.01631
0.008686
0.002819
0.003861
0.00557
0.006722
0.007401
0.016443
0.022074
0.003588
0.004272
0.003832
0.005617
0.012375
0.005439
0.006927
0.00501
0.005525
0.008757
0.005962
0.010611
0.005991
0.004359
0.007341
0.011877
0.006701
0.005164
0.007797
0.005523
0.02451
0.006198
0.016935
0.005307
0.004119
0.004016
0.003262
0.006303
0.005172
0.002919
0.00315
0.007698
0.00398
0.003196
0.006277
0.005555
0.005953
0.00634
0.012054
0.004629
0.005047
0.005563
0.015489
0.003089
0.005081
0.003022
0.003471
0.005812
0.007658
0.008188
0.003543
0.007288
0.008718
0.006286
0.00411
0.004243
0.007928
0.006483
0.009267
0.003467
0.003807
0.003676
0.005802
0.009582
0.007624
0.004167
0.012252
0.004025
0.003625
0.00501
0.006928
0.004285
0.003413
0.004855
0.00473
0.003154
0.004599
0.00507
0.00466
0.004803
0.018867
0.007396
0.007426
0.004696
0.01035
0.013212
0.020365
0.010454
0.005443
0.008771
0.007264
0.00466
0.008625
0.007155
0.007646
0.011635
0.006852
0.007513
0.004079
0.025757
0.009753
0.002966
0.002903
0.005599
0.025534
0.006959
0.0047
0.019776
0.005707
0.003849
0.003802
0.005454
0.002384
0.008808
0.004417
0.005874
0.005296
0.005419
0.003466
0.010063
0.005388
0.004364
0.004354
0.021302
0.005378
0.00503
0.004821
0.005442
0.004167
0.004538
0.003415
0.009673
0.004754
0.004897
0.006136
0.003721
0.00509
0.005079
0.00511
0.005838
0.00602
0.006527
0.005354
0.003142
0.006013
0.003579
0.00847
0.003417
0.008943
0.005993
0.004266
0.004936
0.004189
0.004745
0.007335
0.016759
0.004982
0.007394
0.009366
0.007147
0.008355
0.007226
0.006927
0.005297
0.007979
0.006124
0.007767
0.003873
0.006717
0.006867
0.003805
0.012567
0.005761
0.008037
0.00457
0.007481
0.00612
0.003858
0.004365
0.004476
0.004439