
0.0282843
0.0282843
0.0515424
0.0845424
0.0584856
0.0914856
0.0691394
0.103286
0.116286
0.0856302
0.0856302
0.0226535
0.00163237
0.0225064
0.0121865
0.178464
0.214086
0.19393
0.21033
0.213912
0.195355
0.219382
0.242202
0.229308
0.218669
0.226104
0.223523
0.066
0.0326566
0.0221704
0.0435898
0.0227739
0.0329232
0.0166255
0.0334806
0.043448
0.0545285
0.00608753
0.0178316
0.0116672
0.0259012
0.00954185
0.0027319
0.0078914
0.0078914
0.0175185
0.0363667
0.0437094
0.0299511
0.0192829
0.0505836
0.0278014
0.0379058
0.0269006
0.0360869
0.0360869
0.0454415
0.0209606
0.0737663
0.0750445
0.0744742
0.06517
0.06517
0.06517
0.0872734
0.120288
0.120288
0.125218
0.125218
0.135944
0.124694
0.102664
0.0788785
0.0272109
0.0398465
0.0519182
0.0532873
0.0863
0.0116936
0.0128193
0.0138301
0.0468251
0.0146042
0.0330153
0.0105022
0.0225488
0.0338672
0.0228007
0.0231523
0.0126443
0.0454411
0.0346134
0.0454606
0.0237448
0.067423
0.0309047
0.0518173
0.0240133
0.0386169
0.0301796
0.0500106
0.286927
0.0911407
0.0911407
0.0218501
0.00781042
0.00781042
0.0153476
0.0480115
0.0242385
0.0124556
0.0333521
0.0182294
0.0182294
0.0420833
0.00604167
0.0538912
0.0262429
0.0140879
0.0103841
0.00250966
0.0295424
0.00696603
0.0745654
0.037852
0.0132602
0.034054
0.0536755
0.00468443
0.0413936
0.00786882
0.0167443
0.0167443
0.0412653
0.00395564
0.0452214
0.0573753
0.0492381
0.0409303
0.0533828
0.0451606
0.0576983
0.0576983
0.0413395
0.0413395
0.0206241
0.0328191
0.0164884
0.00386771
0.00858956
0.00764627
0.00350171
0.0238768
0.01664
0.00807652
0.0127277
0.0173062
0.0173062
0.0218774
0.0218774
0.0137413
0.00599114
0.0355034
0.00699346
0.032279
0.0119057
0.015593
0.015593
0.0360122
0.0438512
0.0187761
0.0391525
0.0139086
0.0469063
0.00882978
0.041824
0.0164951
0.0494922