
2e-06
1e-06
1e-06
1e-06
2e-06
1e-06
1e-06
1e-06
2e-06
1e-06
1e-06
1e-06
1e-06
1e-06
1e-06
1e-06
2e-06
1e-06
1e-06
1e-06
1e-06
1e-06
1e-06
1e-06
1e-06
1e-06
1e-06
1e-06
1e-06
1e-06
1e-06
1e-06
2e-06
1e-06
1e-06
1e-06
1e-06
1e-06
1e-06
1e-06
1e-06
1e-06
1e-06
1e-06
1e-06
1e-06
1e-06
1e-06
1e-06
1e-06
0
1e-06
6e-06
5e-06
2e-06
3e-06
5e-06
2e-06
1e-06
1e-06
2e-06
2e-06
6e-06
3e-06
3e-06
2e-06
2e-06
5e-06
1e-06
1e-06
6e-06
2e-06
1e-06
7e-06
2e-06
0.025264
0.027237
0.026484
0.02647
0.024094
0.021896
0.063431
0.060957
0.022951
0.021259
0.020869
0.020833
0.021426
0.023283
0.022175
2e-06
4e-06
2e-06
1e-06
1e-06
2e-06
2e-06
2e-06
4e-06
2e-06
3e-06
1e-06
3e-06
1e-06
2e-06
1e-06
2e-06
2e-06
2e-06
5e-06
7e-06
5e-06
4e-06
1e-06
1e-06
7e-06
7e-06
0.017932
0.014839
0.018086
0.057485
0.027815
0.026427
3e-06
2e-06
5e-06
4e-06
4e-06
0.062556
0.078593
0.014585
0.012214
0.054201
0.018088
0.019111
0.01898
0.019388
0.019522
0.017654
0.018389
0.020534
0.077059
0.076067
0.019815
0.056415
0.025938
0.064083
0.063332
0.01386
0.012997
0.012794
0.051047
0.068371
0.075829
0.0574
0.015242
0.010897
0.013864
0.015632
0.020759
0.017605
0.014636
0.01256
0.034223
0.01502
2e-06
4e-06
3e-06
2e-06
4e-06
2e-06
3e-06
2e-06
3e-06
2e-06
7e-06
0.061857
0.087755
0.018707
0.017515
0.015906
0.018149
0.020907
0.019655
0.017148
0.016206
0.016627
0.017116
0.015938
0.058653
0.055983
0.06082
0.035617
0.065422
0.014966
0.014514
0.015507
0.025732
0.016309
0.014813
0.016134
0.01361
0.013509
0.013538
0.033536
0.015274
0.053519
0.036046
0.018874
0.019859
0.055637
0.066274
0.080785
0.061748
0.026984
0.044474
1e-06
2e-06
3e-06
0.026899
0.018979
0.06623
2e-06
2e-06
1e-06
3e-06
1e-06
2e-06
2e-06
2e-06
1e-06
3e-06
1e-06
1e-06
1e-06
7e-06
4e-06
3e-06
1e-06
4e-06
2e-06
6e-06
3e-06
2e-06
2e-06
4e-06
0.037013
1e-06
1e-06
1e-06
5e-06
1e-06
3e-06
1e-06
7e-06
4e-06
4.5e-05
1e-06
3e-06
4e-06
0.017246
0.054653
0.066187
0.015112
0.012647
0.01472
0.011365
0.01213
0.014249
0.014302
0.011888
0.012347
0.012111
0.013582
0.053892
0.024979
0.016788
0.017244
0.065002
0.015609
0.016556
0.016624
0.016402
0.018643
0.021647
0.01571
0.055885
0.015953
0.016714
0.018342
0.018737
0.058216
0.01675
0.017038
0.018818
0.060445
0.024819
0.017006
0.017697
0.01715
0.017351
0.043924
0.019355
0.019146
0.019594
0.018607
0.016409
0.056331
0.035482
0.077289
0.064792
0.013129
0.05167
0.074796
0.022078
0.017705
0.019143
0.017751
0.058238
0.079129
0.061777
0.041512
0.015765
0.058622
0.013145
0.015389
0.06502
0.020606
0.016426
0.02273
0.023859
0.018797
0.02114
0.022243
0.021162
0.024739