
0.005423
0.005643
0.008168
0.005088
0.007398
0.01078
0.011382
0.005741
0.005377
0.010984
0.005286
0.005854
0.005273
0.006813
0.006168
0.006035
0.005291
0.005312
0.00657
0.007388
0.006017
0.00976
0.005581
0.006081
0.005105
0.006159
0.007544
0.005413
0.004832
0.006753
0.005057
0.006815
0.005017
0.005732
0.006235
0.00789
0.009808
0.005552
0.006059
0.007295
0.006117
0.006968
0.010637
0.006247
0.00581
0.006291
0.005296
0.011571
0.005919
0.005823
0.005241
0.006531
0.02666
0.010849
0.011091
0.010243
0.046677
0.011848
0.005879
0.006263
0.010609
0.009695
0.015457
0.015572
0.010285
0.008998
0.013365
0.049349
0.005912
0.00614
0.02175
0.012908
0.007001
0.02704
0.021178
0.038985
0.034656
0.040583
0.035242
0.041166
0.033966
0.097702
0.074689
0.030573
0.029849
0.030257
0.039111
0.030632
0.029374
0.032435
0.012268
0.048039
0.00725
0.011147
0.014261
0.024265
0.009042
0.016735
0.016082
0.00904
0.011483
0.009031
0.008161
0.009282
0.009669
0.007776
0.006869
0.008822
0.006698
0.023026
0.041971
0.014303
0.019128
0.006548
0.008892
0.019444
0.036788
0.025036
0.021902
0.023542
0.06664
0.04663
0.039312
0.023559
0.013777
0.027545
0.016095
0.020219
0.077029
0.108405
0.023393
0.022536
0.086941
0.039053
0.026776
0.031934
0.02668
0.028113
0.027775
0.041864
0.034805
0.101883
0.088621
0.027214
0.086117
0.034792
0.100832
0.088
0.018959
0.019392
0.023555
0.062924
0.081707
0.101836
0.092565
0.022804
0.018007
0.020423
0.024967
0.040313
0.026347
0.025542
0.020476
0.042474
0.031254
0.00951
0.018885
0.010161
0.007923
0.012304
0.018649
0.013078
0.011467
0.012725
0.00943
0.044677
0.072572
0.116197
0.026733
0.02681
0.025341
0.025332
0.034555
0.030264
0.024463
0.023553
0.035251
0.026135
0.02353
0.076037
0.068858
0.075275
0.047501
0.095777
0.024657
0.025595
0.02921
0.062558
0.02415
0.025273
0.023246
0.018718
0.02281
0.02709
0.047166
0.021437
0.065849
0.048938
0.029024
0.026961
0.062122
0.078646
0.094316
0.077186
0.032058
0.050198
0.0066
0.009493
0.014988
0.038871
0.025934
0.086963
0.007029
0.006671
0.008091
0.011036
0.006853
0.006188
0.009332
0.008222
0.005601
0.008883
0.011619
0.009189
0.010199
0.036167
0.017762
0.015061
0.009089
0.020928
0.031916
0.04978
0.023458
0.012282
0.018487
0.024249
0.044528
0.013257
0.011374
0.011958
0.020613
0.010992
0.010928
0.006888
0.039901
0.015451
0.007147
0.007105
0.012934
0.054889
0.028072
0.063213
0.105892
0.028149
0.021575
0.024792
0.023269
0.017827
0.036342
0.025533
0.024369
0.026423
0.023365
0.022817
0.078129
0.036505
0.028341
0.027296
0.112472
0.026393
0.029501
0.025961
0.026834
0.029232
0.031891
0.024726
0.078518
0.027176
0.027959
0.030607
0.027638
0.071503
0.028074
0.025239
0.027793
0.071812
0.036646
0.025322
0.02295
0.026813
0.023525
0.056689
0.024712
0.037853
0.028838
0.028298
0.027793
0.067265
0.041908
0.094419
0.096902
0.021051
0.064724
0.0894
0.036895
0.030716
0.0302
0.028384
0.069654
0.090781
0.072015
0.053262
0.022141
0.069939
0.024
0.022006
0.086072
0.02943
0.029926
0.030197
0.036393
0.028539
0.027434
0.028956
0.028988
0.032097