
1.50471e+09
0.007028
0.007135
0.009583
0.00651
0.00884
0.012257
0.01284
0.007113
0.006779
0.012408
0.006637
0.007199
0.006649
0.008204
0.007503
0.007369
0.00662
0.006623
0.007911
0.008703
0.007394
0.01103
0.006687
0.007183
0.006211
0.007234
0.008663
0.006531
0.005888
0.007933
0.006237
0.008078
0.00627
0.006986
0.007441
0.009128
0.011038
0.006835
0.007349
0.008616
0.007402
0.008257
0.011942
0.007534
0.007081
0.007559
0.006564
0.012869
0.007198
0.00713
0.011913
0.075345
0.045417
0.0366
0.041084
0.075658
0.068275
0.016848
0.037968
0.062086
0.039353
0.076902
0.026561
0.056252
0.039579
0.061706
0.044059
0.067995
0.02555
0.078595
0.032318
0.045953
0.049879
0.057711
0.155078
0.069344
0.043104
0.070454
0.062795
0.048745
0.060894
0.134207
0.098895
0.046329
0.039321
0.156969
0.04423
0.068331
0.034542
0.064634
0.038339
0.08834
0.012566
0.067578
0.026385
0.073029
0.026856
0.08816
0.025618
0.059254
0.027259
0.101222
0.014404
0.045882
0.097835
0.062364
0.013778
0.030266
0.040595
0.107569
0.113393
0.048468
0.026206
0.01429
0.109922
0.099691
0.073677
0.029597
0.060692
0.037253
0.097062
0.072131
0.054834
0.03119
0.179017
0.057864
0.049585
0.029087
0.143769
0.142841
0.027568
0.062597
0.111858
0.149285
0.045954
0.037634
0.062707
0.036473
0.063219
0.047541
0.095508
0.124734
0.248724
0.032324
0.160642
0.052727
0.125202
0.156972
0.031588
0.022662
0.036728
0.131311
0.155539
0.169047
0.129715
0.025798
0.057799
0.03895
0.065863
0.060265
0.031082
0.042489
0.069377
0.130266
0.047828
0.046192
0.076259
0.019151
0.070198
0.029261
0.066723
0.032525
0.068027
0.031921
0.121204
0.076396
0.152595
0.139334
0.153379
0.032161
0.050738
0.065736
0.055347
0.036864
0.053604
0.037924
0.061491
0.038544
0.050347
0.205984
0.095385
0.150403
0.102631
0.131778
0.035272
0.143228
0.087295
0.087111
0.034078
0.056592
0.108785
0.031864
0.026678
0.093115
0.062595
0.039211
0.13507
0.067811
0.049659
0.037326
0.084783
0.155485
0.135536
0.09975
0.153744
0.069761
0.050594
0.037771
0.070524
0.046341
0.081226
0.124412
0.042061
0.034206
0.093238
0.019179
0.050681
0.037493
0.080486
0.017081
0.05426
0.169244
0.021578
0.044719
0.083024
0.046016
0.039804
0.030202
0.064955
0.036896
0.108078
0.119304
0.033962
0.018589
0.209693
0.096571
0.056203
0.051425
0.041702
0.129876
0.047672
0.041633
0.03936
0.060423
0.052453
0.175267
0.010493
0.063016
0.041333
0.067166
0.033133
0.29074
0.128173
0.041032
0.04341
0.155154
0.026196
0.050538
0.052871
0.147655
0.029406
0.174812
0.028841
0.157
0.102176
0.049618
0.03206
0.05303
0.26715
0.039458
0.160149
0.038058
0.04178
0.054277
0.154077
0.029958
0.19778
0.032775
0.164118
0.036789
0.167341
0.200476
0.039405
0.041974
0.059532
0.093314
0.039618
0.036939
0.025936
0.0446
0.105929
0.069676
0.043199
0.047214
0.159237
0.039225
0.042114
0.130948
0.092668
0.108314
0.190155
0.023161
0.128052
0.104375
0.050556
0.038127
0.059303
0.04062
0.134744
0.106152
0.138112
0.064949
0.044191
0.19045
0.026233
0.062463
0.110896
0.031851
0.057807
0.041037
0.058253
0.041994
0.060018
0.039625
0.062014