
0.004981
0.020861
0.008466
0.019646
0.007921
0.010035
0.020603
0.009317
0.010172
0.008576
0.02087
0.006415
0.011954
0.021071
0.020811
0.019085
0.018836
0.02141
0.01129
0.007757
0.016705
0.017508
0.016854
0.024319
0.023151
0.022579
0.036419
0.022254
0.045847
0.010148
0.048986
0.014082
0.060644
0.05735
0.020503
0.058193
0.061352
0.016738
0.012282
0.020028
0.017501
0.007534
0.020152
0.019561
0.058294
0.016986
0.011537
0.008606
0.012771
0.012753
0.012552
0.053902
0.01068
0.013485
0.059062
0.012338
0.008207
0.009617
0.009114
0.059889
0.064633
0.053442
0.024249
0.010864
0.015191
0.013838
0.014683
0.010768
0.011076
0.028594
0.020133
0.016903
0.017387
0.067304
0.016062
0.069468
0.007318
0.011306
0.01488
0.013637
0.011639
0.011143
0.012039
0.017475
0.061049
0.048654
0.016713
0.004917
0.052337
0.014251
0.005708
0.008976
0.05549
0.010612
0.059327
0.012545
0.012301
0.015565
0.063109
0.020317
0.010254
0.012535
0.012896
0.01889
0.048755
0.018287
0.015273
0.033403
0.012926
0.02857
0.002897
0.006404
0.026161
0.01231
0.013076
0.056574
0.054305
0.003491
0.058076
0.007585
0.008579
0.072287
0.013961
0.010219
0.006081
0.006247
0.010851
0.003298
0.056015
0.012054
0.006873
0.006191
0.002649
0.001826
0.002048
0.016441
0.009121
0.002731
0.008362
0.008833
0.0084
0.003158
0.001932
0.002039
0.002436
0.004583
0.008073
0.009169
0.015096
0.008255
0.054277
0.009312
0.00234
0.007856
0.057638
0.047005
0.004272
0.006557
0.056231
0.010725
0.009686
0.009254
0.058248
0.011107
0.059239
0.008359
0.002354
0.006644
0.011247
0.016821
0.008778
0.008248
0.009905
0.011453