
95
67
34
109
146
35
75
88
95
111
91
21
111
26
78
147
28
84
29
55
18
24
73
340
381
75
411
12
117
124
146
126
61
389
189
271
58
389
159
117
169
117
78
382
365
88
446
88
169
58
108
75
108
67
58
128
72
122
145
151
57
122
122
82
56
263
57
270
57
303
128
128
47
62
29
241
135
144
241
79
25
13
13
84
25
35
84
84
23
43
128
27
52
47
134
96
59
31
59
48
45
27
27
88
21
52
52
24
16
46
28
45
127
27
58
52
106
49
25
54
47
34
20
89
20
61
22
19
10
28
34
19
89
123
70
152
60
128
122
52
114
122
31
130
89
210
130
130
104
104
130
116
94
228
126
190
244
209
7
93
60
131
118
335
28
318
118
141
57
151
319
8
17
195
133
118
8
129
151
232
33
103
50
77
45
11
21
23
39
65
58
69
22
35
36
106
106
37
106
52
24
106
44
100
49
20
49
133
14
47
35
64
25
100
23
101
32
62
50
99
31
21
25
62
10
51
33
66
99
14
80
62
35
63
35
106
323
184
116
70
224
97
115
3
70
106
116
70
184
134
237
97
115
205
323
231
74
97
97
42
125
97
70
47
96
47
40
47
47
216
50
144
96
72
166
257
303
168
122
89
60
110
210
79
79
99
114
79
60
12
31
38
31
33
56
38
12
37
12
86
14
33
16
16
85
22
14
79
38
79
22
33
22
13
67
44
111
9
84
47
54
71
44
50
35
35
111
273
124
336
153
67
212
212
64
392
89
57
38
43
34
104
57
68
40
62
16
43
43
16
62
34
208
78
57
45
43
41
38
53
64
36
63
38
18
62
38
56
65
52
50
110
65
50
60
40
62
45
59
61
61
62
88
68
55
52
90
68
49
59
42
61
48
61
60
68
69
56
69
91
69
47
58
42
62
50
39
93
69
55
69
93
69
33
54
40
58
49
115
39
109
44
101
73
37
113
97
73
22
51
43
105
120
19
73
51
76
34
113
17
76
90
48
67
112
123
20
19
113
65
79
33
67
105
17
91
47
68
115
115
81
115
117
32
69
38
270
91
45
70
82
117
111
109
119
30
112
41
282
92
43
71
110
118
22
41
121
29
113
44
305
92
41
72
112
20
20
13
22
108
38
299
109
35
66
106
14
109
249
315
130
33
221
201
52
318
134
376
52
34
12
327
70
13
432
149
62
149
28
33
40
330
33
97
16
70
28
37
128
80
156
332
146
216
17
35
90
148
216
48
303
48
17
345
357
345
15
303
35
338
149
149
161
314
171
161
158
165
6
71
102
44
434
159
171
277
159
217
84
337
333
77
161
179
177