
0.019289
0.002257
0.001759
0.003585
0.001857
0.002922
0.001619
0.002192
0.002311
0.003167
0.002145
0.001828
0.002083
0.002344
0.001816
0.00218
0.002068
0.002571
0.002246
0.002615
0.001795
0.001837
0.002933
0.003586
0.002198
0.002171
0.002014
0.002161
0.002279
0.001902
0.00214
0.003253
0.001872
0.001595
0.002485
0.00182
0.002532
0.002024
0.00202
0.002182
0.003227
0.002209
0.001782
0.001904
0.0023
0.003224
0.002025
0.002631
0.002283
0.002181
0.002246
0.001914
0.002351
0.00187
0.001883
0.002561
0.002445
0.00216
0.001799
0.002242
0.009197
0.003952
0.003804
0.003398
0.007883
0.010772
0.005129
0.002095
0.002175
0.003464
0.003353
0.005721
0.005686
0.003351
0.00359
0.004563
0.010111
0.01103
0.00217
0.002024
0.007349
0.005587
0.00271
0.011502
0.00648
0.003147
0.022689
0.002241
0.001685
0.001348
0.001842
0.001872
0.001484
0.001656
0.001707
0.001616
0.001868
0.004117
0.001977
0.001575
0.001265
0.004371
0.001913
0.002136
0.001307
0.002075
0.001744
0.001637
0.001925
0.003888
0.001524
0.00349
0.00382
0.003493
0.00284
0.002907
0.002233
0.001643
0.00131
0.00204
0.001392
0.002022
0.001726
0.020981
0.00128
0.004737
0.002608
0.003892
0.001978
0.00428
0.001949
0.002111
0.008896
0.007296
0.002201
0.004315
0.005723
0.003687
0.006415
0.003602
0.003141
0.002677
0.00562
0.002901
0.003763
0.003209
0.002866
0.002937
0.003089
0.027939
0.00245
0.002436
0.003155
0.002025
0.007533
0.007349
0.00838
0.004226
0.008834
0.00217
0.003647
0.006276
0.01547
0.002725
0.002807
0.001621
0.002721
0.006263
0.00188
0.006036
0.005485
0.004322
0.006173
0.021197
0.001707
0.001158
0.00108
0.001439
0.002495
0.001168
0.008334
0.005365
0.003395
0.003658
0.007465
0.001962
0.003632
0.002481
0.006493
0.008281
0.001834
0.002188
0.002502
0.001841
0.007435
0.004242
0.002022
0.004035
0.001554
0.001659
0.021422
0.002439
0.001414
0.001295
0.00129
0.001649
0.001135
0.001454
0.001584
0.001339
0.000987
0.00197
0.001516
0.004062
0.001323
0.001945
0.001397
0.001862
0.002006
0.003358
0.001571
0.002435
0.004504
0.002464
0.001748
0.004608
0.001888
0.007643
0.004069
0.002399
0.002245
0.028005
0.002601
0.001425
0.001348
0.001283
0.002169
0.001334
0.002314
0.001327
0.001163
0.001041
0.001518
0.001572
0.009948
0.003692
0.002355
0.001437
0.010192
0.00694
0.004866
0.005651
0.017124
0.001622
0.002297
0.001624
0.002027
0.003929
0.004066
0.010668
0.014789
0.002081
0.001134
0.002751
0.002131
0.003419
0.004811
0.003618
0.003583
0.002721
0.002218
0.003325
0.003496
0.023002
0.000967
0.004036
0.001981
0.001133
0.003994
0.005996
0.003671
0.00237
0.004484
0.007907
0.004506
0.001411
0.002937
0.001656
0.005108
0.00327
0.006101
0.010964
0.003456
0.003511
0.010228
0.003325
0.019781
0.002542
0.001939
0.001593
0.002396
0.002262
0.001174
0.001098
0.001044
0.001565
0.00158
0.002464
0.001526
0.002415
0.001668
0.001871
0.001082
0.004275
0.002662
0.00346
0.00265
0.001599
0.001831
0.001896
0.001799
0.003609
0.001645
0.002238
0.001934
0.002253
0.001567
0.001853
0.001353
0.003481
0.004961
0.01819
0.002331
0.001846
0.001425
0.001331
0.002196
0.001059
0.001394
0.001326
0.001481
0.003294
0.002184
0.003331
0.003671
0.004203
0.001715
0.006646
0.007716
0.003084
0.001641
0.0033
0.001821
0.01819
0.002352
0.001771
0.001573
0.001281
0.001376
0.001608
0.000939
0.001499
0.00143
0.001656
0.001662
0.001976
0.001838
0.001196
0.003466
0.007178
0.003222
0.002955
0.001657
0.00152
0.003365
0.00167
0.001721
0.00137
0.015718
0.000852
0.001823
0.002174
0.001761
0.002901
0.002135
0.003908
0.001654
0.00208
0.004683
0.005585
0.004151
0.00239
0.002215
0.00435
0.003522
0.005733
0.001824
0.018759
0.001143
0.001255
0.00123
0.001213
0.001172
0.001992
0.001952
0.003667
0.006475
0.004953
0.002558
0.00778
0.002326
0.001972
0.003098
0.004438
0.002627
0.001952
0.002679
0.002839
0.001776
0.002569
0.021552
0.001699
0.001094
0.001537
0.001091
0.001186
0.002209
0.00104
0.000989
0.002008
0.001253
0.00338
0.00269
0.003021
0.001318
0.002637
0.001781
0.01296
0.005207
0.004189
0.003249
0.004961
0.00281
0.002696
0.001076
0.007146
0.002287
0.002841
0.006415
0.002997
0.002044
0.004854
0.008874
0.005779
0.003224
0.002891
0.004073
0.001958
0.00168
0.003313
0.002114
0.006022
0.002561
0.030418
0.002938
0.001446
0.00311
0.002707
0.002726
0.001636
0.002574
0.00281
0.002704
0.004403
0.007251
0.002711
0.00373
0.002328
0.004898
0.005064
0.006573
0.004399
0.005465
0.002332
0.017353
0.005799
0.022366
0.002462
0.002474
0.002307
0.002081
0.001502
0.001579
0.001476
0.002253
0.001281
0.001828
0.002173
0.001763
0.002277
0.003341
0.002213
0.008335
0.010434
0.006135
0.005601
0.004766
0.002597
0.018946
0.002807
0.002332
0.002165
0.002115
0.002092
0.001259
0.001333
0.001431
0.002313
0.002188
0.013545
0.004466
0.003776
0.002517
0.002018
0.002366
0.00224
0.002639
0.016089
0.002551
0.00231
0.002209
0.00237
0.00112
0.00124
0.00138
0.002396
0.002447
0.003531
0.00241
0.001205
0.00123
0.001387
0.004838
0.002881
0.002834
0.002749
0.002887
0.013909
0.002646
0.002267
0.002336
0.002538
0.00245
0.001246
0.0013
0.001437
0.002485
0.002277
0.003962
0.002255
0.00111
0.002112
0.00114
0.002438
0.017034
0.002578
0.002233
0.002386
0.002489
0.002397
0.001212
0.001191
0.001525
0.002243
0.002126
0.003642
0.001459
0.00195
0.002476
0.016512
0.002662
0.002275
0.002351
0.002485
0.002365
0.001384
0.001226
0.001596
0.002374
0.002175
0.006834
0.00569
0.003613
0.00185
0.002639
0.002958
0.002809
0.002479
0.014697
0.010909
0.024204
0.002803
0.001588
0.002648
0.002444
0.002386
0.001457
0.001347
0.001499
0.002692
0.002782
0.003616
0.001292
0.001967
0.001162
0.002395
0.001227
0.019298
0.004089
0.001494
0.003038
0.001554
0.002562
0.001868
0.001137
0.002338
0.002751
0.002704
0.003216
0.000991
0.003688
0.001061
0.002566
0.002605
0.002974
0.002369
0.019678
0.002835
0.001679
0.002421
0.001069
0.001885
0.001205
0.002299
0.002624
0.002662
0.001917
0.00248
0.006556
0.004975
0.019812
0.003238
0.001461
0.002542
0.002145
0.001815
0.001214
0.002295
0.002424
0.002685
0.003236
0.002584
0.003234
0.002616
0.023028
0.00292
0.001546
0.002581
0.002198
0.001879
0.001327
0.002413
0.002609
0.002685
0.003987
0.001498
0.002225
0.002146
0.023073
0.003068
0.001466
0.002669
0.003394
0.001898
0.001212
0.002304
0.002509
0.001309
0.002639
0.002716
0.021483
0.001701
0.001279
0.002728
0.002379
0.002673
0.00122
0.002392
0.002569
0.001356
0.003378
0.002615
0.003479
0.003947
0.003533
0.001319
0.003323
0.001255
0.003697
0.001969
0.003992
0.002061
0.005459
0.002047
0.00112
0.005166
0.001317
0.001121
0.004029
0.022941
0.001409
0.002922
0.002343
0.002852
0.001148
0.002162
0.002274
0.002678
0.002121
0.00324
0.002669
0.002319
0.002231
0.003126
0.003564
0.003709
0.01155
0.005375
0.01719
0.000969
0.003366
0.004718
0.006259
0.003179
0.001519
0.001752
0.005637
0.004953
0.004475
0.003446
0.001903
0.005425
0.003901
0.005084
0.002202
0.003835
0.029631
0.000853
0.004598
0.002243
0.007594
0.003914
0.002304
0.003226
0.002634
0.005023
0.004175
0.002441
0.002573
0.002628
0.002567