
329
160
106
395
146
97
164
180
325
450
340
381
75
411
62
117
124
146
126
61
156
56
82
82
269
151
145
46
292
122
79
119
74
74
84
112
172
84
84
54
220
134
236
279
178
111
333
290
133
51
382
396
192
50
179
106
167
322
128
47
122
60
193
52
187
94
167
324
130
6
228
126
190
244
209
90
93
60
131
118
150
103
174
254
208
104
106
235
224
137
163
100
172
105
212
133
102
107
219
136
165
99
179
107
183
217
100
109
217
138
106
323
184
116
70
224
97
115
58
70
70
301
96
184
112
203
217
216
50
144
43
91
245
106
103
89
205
265
140
43
124
111
202
273
114
257
71
124
153
48
97
80
69
148
104
68
68
123
158
94
98
139
69
79
104
64
64
118
161
104
104
146
75
110
104
61
60
120
186
110
106
149
77
132
106
60
59
122
188
112
108
150
108
133
108
58
58
122
189
114
110
151
110
130
110
179
54
120
190
115
114
198
171
133
114
180
51
124
225
258
117
195
174
255
117
207
48
137
234
261
119
195
161
105
272
208
47
137
236
175
257
193
163
106
270
209
45
139
108
177
259
190
229
108
282
210
43
140
225
178
262
189
230
111
305
210
41
141
227
318
36
183
231
111
299
221
35
141
227
311
70
65
432
328
143
386
28
143
83
330
128
80
156
332
146
216
17
35
90
148
161
314
171
161
158
165
6
71
102
44