
1.86327
1.84897
1.84897
1.86546
1.86546
1.93557
1.84897
1.84897
1.93557
1.92955
1.8554
1.8554
1.93557
1.93557
1.84287
1.84287
1.87019
1.84897
1.93557
1.93557
1.93557
1.93557
1.86093
1.92213
1.90015
1.90706
1.88265
1.8686
1.85694
1.82144
1.7951
1.70649
1.70649
1.70366
1.70143
1.68619
1.99592
1.97875
1.91153
1.78544
1.72706
1.73578
1.70816
1.56884
1.4081
1.39934
1.199
1.18168
1.14847
1.12233
1.82014
1.82014
1.00281
1.83229
1.72194
1.7217
1.70593
1.6759
1.707
1.70499
1.68483
1.59241
1.57992
1.63948
1.62032
1.61067
1.61067
1.59158
1.5726
1.63681
1.58032
1.51905
1.3544
1.44947
1.43599
1.38048