
0.00601
0.007517
0.011425
0.006708
0.009582
0.006422
0.004086
0.004998
0.006482
0.004506
0.004968
0.004031
0.004273
0.005131
0.005548
0.00917
0.005097
0.004886
0.005038
0.00528
0.004676
0.006362
0.006304
0.006474
0.006665
0.013343
0.004992
0.005593
0.005638
0.017221
0.005306
0.005609
0.005042
0.005735
0.00517
0.005007
0.014298
0.005352
0.00616
0.005336
0.005105
0.005356
0.00903
0.008584
0.005904
0.006102
0.005108
0.010232
0.004986
0.005366
0.006856
0.010534
0.008132
0.010138
0.012185
0.005524
0.007869
0.017548
0.014155
0.006977
0.008784
0.008595
0.016326
0.00471
0.011149
0.013597
0.005751
0.005418
0.014716
0.009147
0.006496
0.012634
0.008583
0.005947
0.00643
0.011619
0.009544
0.006667
0.004297
0.004764
0.005035
0.004813
0.006592
0.004921
0.005384
0.006027
0.00426
0.005493
0.005609
0.006002
0.007161
0.010318
0.005739
0.004931
0.011549
0.007219
0.007008
0.012349
0.005557
0.005554
0.011948
0.006701
0.005155
0.005689
0.00593
0.015726
0.005246
0.005483
0.006541
0.004233
0.011671
0.00962
0.006145
0.006701
0.008471
0.036509
0.005793
0.006234
0.00712
0.006702
0.015374
0.011365
0.006819
0.005042
0.007175
0.005426
0.006427
0.019425
0.006397
0.005714
0.00581
0.006135
0.006389
0.011686
0.005335
0.009884
0.022583
0.01757
0.007018
0.007269
0.035884
0.006609
0.005046
0.018023
0.00645
0.008355
0.015327
0.015944
0.006467
0.016385
0.016985
0.006082
0.010151
0.017438
0.005307
0.009821
0.005127
0.004874
0.004613
0.00796
0.005594
0.004461
0.01301
0.008546
0.013466
0.019812
0.011203
0.006009
0.007767
0.004044
0.017493
0.007765
0.004371
0.005881
0.007637
0.017313
0.005851
0.004265
0.012109
0.014123
0.009083
0.005635
0.007955
0.005972
0.016005
0.007252
0.007985
0.004164
0.005683
0.009575
0.004248
0.010445
0.003405
0.007034
0.003558
0.013609
0.009735
0.00853
0.011933
0.003271
0.010498
0.01186
0.00836
0.007645
0.007048
0.007759
0.013963
0.007764
0.015631
0.009815
0.014962
0.016685
0.010163
0.005319
0.023657
0.005141
0.01127
0.014006
0.0105
0.010278
0.023051
0.009244
0.007043
0.005636
0.006492
0.011356
0.040496
0.012758
0.013839
0.013094
0.01085
0.011583
0.013311
0.013132
0.003913
0.013369
0.01179
0.014969
0.00612
0.005957
0.008698
0.017657
0.006889
0.005536
0.013278
0.010751
0.003616
0.012234
0.00855
0.018214
0.019715
0.013275
0.002404
0.006199
0.014824
0.010264
0.014101
0.014208
0.018592
0.038026
0.004303
0.006843
0.005218
0.013258
0.019098
0.009815
0.017771
0.03535
0.007132
0.020498
0.002216
0.009345
0.013279
0.014303
0.011175
0.012463