
0.0009
0.000886
0.0009
0.000941
0.00134
0.000935
0.000918
0.001052
0.002432
0.000873
0.000908
0.000892
0.000915
0.000894
0.000879
0.000982
0.000889
0.000981
0.001166
0.000952
0.000868
0.001267
0.00103
0.000961
0.001205
0.001073
0.001137
0.00102
0.001123
0.001048
0.001004
0.001054
0.00107
0.000862
0.001029
0.001209
0.001094
0.001154
0.001007
0.001032
0.001108
0.001041
0.000862
0.000938
0.001257
0.000934
0.001105
0.000967
0.000989
0.001107
0.000839
0.000961
0.001238
0.002115
0.00195
0.001116
0.001036
0.001531
0.001467
0.001276
0.001328
0.001393
0.001111
0.001124
0.001876
0.001463
0.0012
0.001348
0.001122
0.001358
0.001041
0.001193
0.001621
0.00106
0.00121
0.002717
0.001089
0.001034
0.001084
0.000955
0.001025
0.001226
0.001386
0.001186
0.001052
0.000952
0.000975
0.001034
0.001159
0.001009
0.000937
0.00098
0.00105
0.001069
0.001175
0.001269
0.001162
0.001243
0.00098
0.000903
0.001198
0.001125
0.001022
0.001116
0.001007
0.001369
0.001003
0.001106
0.001065
0.001182
0.001149
0.001053
0.000988
0.001242
0.001368
0.003554
0.001101
0.000978
0.001173
0.001041
0.001478
0.001181
0.001034
0.001182
0.001248
0.001136
0.000971
0.002185
0.001498
0.001092
0.001175
0.001063
0.001508
0.001553
0.001375
0.001205
0.002369
0.001453
0.001098
0.00126
0.001952
0.000903
0.000965
0.002008
0.001283
0.001376
0.00338
0.001397
0.001242
0.003191
0.003066
0.00112
0.001637
0.001383
0.000882
0.001628
0.000886
0.001241
0.000974
0.000991
0.001035
0.00105
0.001125
0.001316
0.002196
0.00163
0.001793
0.00141
0.000984
0.000942
0.001413
0.001508
0.001042
0.001019
0.00141
0.001725
0.001097
0.001074
0.002069
0.0013
0.001306
0.001401
0.001474
0.001717
0.001358
0.001089
0.001049
0.000929
0.0011
0.001009
0.000891
0.001059
0.000951
0.001036
0.001035
0.001304
0.00103
0.001125
0.001392
0.000929
0.001279
0.001317
0.000949
0.000992
0.001173
0.001039
0.001377
0.001478
0.001194
0.001095
0.001134
0.001043
0.001204
0.001199
0.001397
0.001259
0.001194
0.001034
0.001124
0.001037
0.001792
0.001121
0.000957
0.00094
0.001093
0.001437
0.002161
0.000972
0.001231
0.000923
0.000936
0.001156
0.001231
0.001032
0.001103
0.000905
0.0016
0.001216
0.000867
0.000916
0.000855
0.001762
0.001128
0.000919
0.001017
0.000999
0.001454
0.001748
0.00154
0.001307
0.001706
0.000977
0.000882
0.001195
0.001149
0.001129
0.001493
0.001559
0.002137
0.003637
0.000992
0.001215
0.000948
0.001035
0.001355
0.000966
0.001397
0.002409
0.001133
0.001075
0.000891
0.001134
0.001087
0.000949
0.001533
0.000945