
0.0282843
0.0519688
0.0581871
0.0911871
0.0632541
0.096254
0.0309316
0.0138432
0.130238
0.119475
0.138035
0.154602
0.140089
0.0229503
0.0229503
0.0340535
0.0806529
0.0101577
0.0228381
0.0166412
0.0317139
0.0972631
0.119021
0.0892359
0.1197
0.130499
0.110191
0.100174
0.11856
0.139894
0.119892
0.0235574
0.0984115
0.108222
0.030816
0.0161383
0.00513869
0.0145541
0.00908056
0.0121619
0.0121619
0.00693483
0.00693483
0.0282498
0.0163516
0.0137848
0.00193009
0.0219862
0.0117984
0.0301296
0.0650477
0.0399689
0.0172369
0.0127754
0.00162657
0.00899019
0.00545136
0.0133662
0.0241205
0.00964282
0.0160073
0.0498322
0.0704228
0.0458626
0.0873416
0.0379357
0.0583504
0.0540053
0.0869941
0.0623143
0.0334124
0.0127954
0.025026
0.0292184
0.0210954
0.0255845
0.0697376
0.0410741
0.0365907
0.032363
0.032363
0.0404149
0.00335358
0.0173043
0.0440244
0.0369076
0.000745158
0.00895857
0.00357973
0.0161601
0.0168399
0.0121834
0.0202783
0.0345277
0.0345277
0.00451115
0.000675463
0.00709343
0.00322625
0.0110641
0.0352011
0.0149154
0.0325341
0.0325341
0.0246148
0.0374059
0.0297453
0.0345774
0.0480837
0.00490835
0.0122901
0.00122713
0.0326005
0.0071671
0.0023327
0.0346542
0.0422404
0.0370117
0.0116161
0.0190029
0.0392479
0.0149302
0.0350893
0.0222233
0.0500548