
2e-06
1e-06
1e-06
1e-06
1e-06
1e-06
1e-06
2e-06
3e-06
1e-06
1e-06
1e-06
1e-06
1e-06
1e-06
1e-06
2e-06
1e-06
1e-06
0
1e-06
1e-06
1e-06
1e-06
2e-06
1e-06
1e-06
1e-06
1e-06
1e-06
1e-06
1e-06
2e-06
1e-06
1e-06
1e-06
1e-06
2e-06
1e-06
1e-06
1e-06
1e-06
1e-06
1e-06
1e-06
1e-06
1e-06
1e-06
1e-06
1e-06
1e-06
1e-06
1e-06
3e-06
2e-06
1e-06
1e-06
2e-06
1e-06
2e-06
1e-06
1e-06
2e-06
1e-06
4e-06
2e-06
1e-06
1e-06
1e-06
1e-06
1e-06
1e-06
3e-06
1e-06
2e-06
0.066961
0.0246
0.028943
0.026024
0.025308
0.023995
0.023535
0.02924
1e-06
1e-06
1e-06
1e-06
2e-06
2e-06
2e-06
2e-06
1e-06
2e-06
2e-06
2e-06
2e-06
2e-06
2e-06
1e-06
1e-06
1.9e-05
2e-06
2e-06
1e-06
1e-06
2e-06
0.023796
0.01998
0.019897
0.019992
0.018512
0.016148
0.017615
0.023379
1e-06
8e-06
2e-06
1e-06
1e-06
1e-06
1e-06
2e-06
2e-06
2e-06
2e-06
1e-06
1e-06
3e-06
3e-06
1e-06
0.023208
0.01724
0.066263
0.02759
0.037583
1e-06
3e-06
2e-06
2e-06
2e-06
2e-06
1e-06
1e-06
3e-06
2e-06
1e-06
4e-06
1e-06
2e-06
7e-06
7e-06
0.022003
3e-06
0.029033
0.01917
0.076769
0.019065
0.01744
0.018077
0.020963
0.017342
0.017574
1e-06
3e-06
4e-06
2e-06
3e-06
0.021778
1e-06
2e-06
3e-06
3e-06
1e-06
2e-06
3e-06
3e-06
2e-06
2e-06
5e-06
2e-06
2e-06
3e-06
3e-06
0.073219
0.032484
0.015353
0.015876
0.016713
0.019446
0.016956
0.018465
0.017357
0.016064
0.015987
0.016427
0.016943
0.016584
0.016262
0.073855
0.017433
0.017579
0.033204
0.020312
0.019672
0.022337
0.019275
0.056991
0.067807
0.029021
0.021019
0.020247
0.020371
0.020549
0.020241
0.057255
0.044489
0.023143
0.023607
0.020568
0.026694
0.061197
0.024125
0.025345
0.024419
0.033685
0.06412
0.093989
0.023622
0.064463
0.030494
0.025671
0.024939
0.026789
0.027341
0.032557
0.02569
0.070216
0.022426
0.01684
0.017153
0.016083
0.057194
0.025593
0.020878
0.01299
0.018852
0.04264
0.056402
0.062004
0.052554
0.057476
0.01659
0.019081
0.043046
0.018214
0.018554
0.060388
0.061035
0.065901
0.06782
0.017721
0.024854
0.01657
0.019206
0.060386
0.029317
0.021583
0.066452
0.023181
0.023255
0.025242
0.024919
0.025126
0.024589
0.066762
0.041081