
0.008413
0.010113
0.015758
0.009523
0.012508
0.009171
0.005767
0.007402
0.00893
0.006955
0.007453
0.005618
0.006624
0.00746
0.008011
0.012286
0.007486
0.007369
0.007494
0.007658
0.006769
0.008902
0.009051
0.009173
0.009438
0.01686
0.007315
0.007488
0.008302
0.023146
0.007776
0.00817
0.00753
0.008809
0.007566
0.00705
0.020019
0.007316
0.008968
0.007915
0.007732
0.007869
0.011958
0.013052
0.008243
0.008846
0.007553
0.014944
0.007197
0.007815
0.009698
0.014042
0.011592
0.014869
0.017433
0.00925
0.0117
0.02832
0.023095
0.01059
0.012799
0.012666
0.0233
0.007082
0.014646
0.018881
0.008304
0.008672
0.02039
0.013826
0.009552
0.01829
0.012878
0.009178
0.009946
0.087923
0.04245
0.042198
0.034627
0.034676
0.034606
0.031085
0.039698
0.008078
0.008965
0.012634
0.010458
0.00917
0.008803
0.00945
0.010426
0.018671
0.011971
0.007791
0.017241
0.011591
0.010723
0.019369
0.008806
0.008987
0.020564
0.014626
0.010841
0.011523
0.008902
0.026441
0.032358
0.028633
0.029484
0.026759
0.03576
0.02909
0.026409
0.032496
0.012415
0.04493
0.008935
0.008985
0.011023
0.01073
0.021356
0.015334
0.009967
0.007484
0.010568
0.008516
0.009418
0.024266
0.009636
0.012155
0.035474
0.025926
0.075087
0.043343
0.044771
0.013395
0.027559
0.02436
0.010492
0.010576
0.046863
0.009056
0.00753
0.026698
0.012128
0.011975
0.023733
0.021615
0.00905
0.020994
0.023749
0.034036
0.01525
0.063862
0.029745
0.096212
0.030229
0.026891
0.02425
0.031101
0.0254
0.024015
0.018444
0.012221
0.020285
0.027926
0.015648
0.030514
0.011759
0.005932
0.023937
0.011521
0.006604
0.008223
0.011072
0.023303
0.008297
0.006471
0.016429
0.018606
0.013119
0.008045
0.014174
0.088111
0.061368
0.029174
0.03091
0.025791
0.032921
0.033016
0.027159
0.03338
0.024397
0.028775
0.024346
0.042492
0.037164
0.031925
0.099734
0.025276
0.035741
0.053735
0.035187
0.034748
0.036246
0.03432
0.082718
0.083966
0.057135
0.036521
0.042991
0.0495
0.039595
0.033477
0.095793
0.0556
0.041994
0.053033
0.036973
0.04345
0.098116
0.039023
0.039158
0.036668
0.049225
0.086684
0.166226
0.044361
0.086244
0.052008
0.043272
0.043471
0.048329
0.051512
0.041922
0.047508
0.092454
0.045534
0.029233
0.028991
0.032638
0.086229
0.040038
0.033194
0.037345
0.036563
0.049877
0.082765
0.082117
0.082578
0.102573
0.034114
0.024642
0.052245
0.039991
0.038755
0.079916
0.084758
0.093377
0.111958
0.023888
0.034404
0.024541
0.037137
0.086203
0.0426
0.046833
0.109295
0.033453
0.051077
0.030291
0.03718
0.042308
0.043437
0.083563
0.058241