
1.5163e+09
0.009731
0.011478
0.017131
0.010942
0.013982
0.010671
0.007586
0.008894
0.010351
0.008337
0.008813
0.006987
0.007976
0.008816
0.009292
0.013665
0.008899
0.008747
0.008874
0.009063
0.008207
0.010327
0.010455
0.010638
0.010924
0.01848
0.008833
0.009014
0.009853
0.024871
0.009466
0.009942
0.00923
0.010588
0.009242
0.00865
0.021753
0.009011
0.01074
0.009514
0.009221
0.009202
0.013232
0.014347
0.009543
0.01024
0.008927
0.01632
0.008552
0.009095
0.012457
0.053497
0.054039
0.056081
0.0609
0.037822
0.053439
0.051152
0.048264
0.051743
0.050043
0.045839
0.046085
0.064457
0.043286
0.051712
0.044498
0.053144
0.050811
0.046278
0.052538
0.056981
0.041353
0.04568
0.200567
0.121326
0.079921
0.073651
0.066093
0.054155
0.18781
0.071746
0.081025
0.01509
0.092127
0.053291
0.051315
0.042146
0.041532
0.016148
0.047373
0.053629
0.04958
0.050594
0.093816
0.046334
0.046967
0.038698
0.015641
0.042246
0.207523
0.048542
0.05041
0.043354
0.062266
0.059518
0.057984
0.052973
0.05473
0.040782
0.153293
0.034198
0.071269
0.089196
0.08579
0.069673
0.048875
0.053445
0.049961
0.090951
0.046494
0.035453
0.030962
0.025815
0.062663
0.048982
0.062134
0.030697
0.230113
0.193512
0.128115
0.081856
0.101522
0.112933
0.060711
0.076193
0.045407
0.040221
0.028436
0.071876
0.063306
0.013384
0.083009
0.049767
0.017717
0.123627
0.054303
0.030621
0.288189
0.091808
0.056421
0.087413
0.039445
0.079956
0.089391
0.118999
0.042828
0.049548
0.069447
0.037433
0.033582
0.154315
0.072151
0.074783
0.045732
0.049203
0.045514
0.044362
0.052386
0.052389
0.065506
0.030816
0.050136
0.053369
0.088484
0.041123
0.011355
0.104911
0.024091
0.022955
0.047775
0.298989
0.064685
0.101376
0.228892
0.041451
0.041621
0.061329
0.04777
0.050632
0.043263
0.190274
0.037499
0.049645
0.050757
0.049185
0.043637
0.281825
0.265496
0.040144
0.251035
0.221555
0.195387
0.248239
0.049928
0.049896
0.101815
0.107048
0.071922
0.050633
0.056636
0.212753
0.053107
0.049821
0.160109
0.070708
0.057514
0.066633
0.092036
0.050492
0.289822
0.05518
0.054812
0.090055
0.066163
0.150991
0.348434
0.060301
0.106427
0.067807
0.059194
0.060833
0.066797
0.070465
0.049818
0.295864
0.112464
0.057503
0.040936
0.044356
0.050286
0.148477
0.047407
0.170443
0.04881
0.093634
0.063619
0.090036
0.245402
0.091494
0.278256
0.048123
0.092714
0.065045
0.05237
0.052443
0.099586
0.101307
0.260877
0.124159
0.063442
0.046289
0.031126
0.061612
0.107909
0.05681
0.060468
0.129025
0.047717
0.065986
0.046684
0.193793
0.057024
0.058627
0.154137