
0.00106
0.001406
0.002531
0.009281
0.021664
0.010793
0.013029
0.01464
0.012936
0.014722
0.014827
0.011268
0.007501
0.019033
0.01411
0.015861
0.011161
0.013575
0.014239
0.01146
0.013308
0.018852
0.012069
0.006403
0.006553
0.022949
0.028521
0.022181
0.022098
0.009949
0.009718
0.033198
0.033765
0.071305
0.033036
0.033253
0.025813
0.025754
0.026447
0.026771
0.02642
0.02673
0.068162
0.024837
0.028119
0.01205
0.010165
0.026258
0.026082
0.026453
0.020071
0.03121
0.026159
0.018377
0.017727
0.018636
0.007553
0.01082
0.020294
0.051501
0.064466
0.017998
0.017176
0.020199
0.020119
0.060856
0.016465
0.013551
0.014101
0.012368
0.011577
0.016095
0.026759
0.008866
0.006337
0.050902
0.018532
0.061035
0.010935
0.029942
0.012365
0.01106
0.020409
0.011421
0.025604
0.015642
0.066829
0.017168
0.003077
0.071287
0.060179
0.016601
0.048354
0.015791
0.010781
0.0499
0.014357
0.008293
0.009073
0.021013
0.00209
0.002341
0.049946
0.056892
0.016285
0.015009
0.012788
0.008257
0.01006
0.01213
0.022979
0.008841
0.009092
0.01176
0.050433
0.011578
0.056865
0.002875
0.002802
0.050314
0.046386
0.003847
0.002995
0.008184
0.010365
0.008765
0.009183
0.002599
0.002497
0.008881
0.008387
0.008879
0.002557
0.002118
0.0082
0.002773
0.009308
0.004224
0.002305
0.002342
0.011081
0.009509
0.009297
0.013013
0.015897
0.009861
0.009561
0.009384
0.009565
0.009384
0.009133
0.057225
0.010507
0.010882
0.009429
0.050393
0.002514
0.010854
0.011372
0.011039
0.048863
0.011897
0.057657
0.003732
0.011321
0.014234
0.011166
0.011024
0.012486
0.013572
0.013289
0.003065
0.063529
0.013827
0.008257
0.008135
0.00809
0.008556
0.055312
0.002706
0.007016
0.007952
0.050891
0.009654
0.00276
0.003422
0.003382
0.008161
0.010501
0.051934
0.009073
0.008831
0.009854
0.013431
0.011676
0.048317
0.008757
0.018926
0.008165
0.010786
0.016184
0.009892
0.009963
0.013642
0.010537
0.010971
0.012233
0.01224
0.010875
0.011304
0.063494
0.052177