
87
101
12
83
12
89
101
50
17
101
23
102
45
17
19
20
76
92
220
163
128
208
92
107
161
92
100
193
119
160
80
75
166
163
185
121
93
80
161
160
161
185
201
228
161
161
155
185
161
69
50
20
87
116
79
44
62
162
107
79
25
17
156
44
119
158
158
178
82
149
231
196
216
162
14
193
187
35
188
147
220
327
220
196
175
93
187
141
187
187
168
332
319
133
50
168
115
160
316
115
169
56
41
12
57
72
20
61
119
62
57
52
56
41
127
58
70
17
60
56
64
66
154
132
186
132
320
320
252
191
171
176
238
322
176
132
96
132
38
167
88
378
132
236
307
376
129
232
66
65
66
35
120
129
129
77
149
43
49
69
16
34
38
129
236
124
52
172
300
334
100
228
5
163
165
135
128
221
179
165
117
247
100
128
133
100
97
100
100
221
128
86
128
67
261
121
101
195
268
179
100
68
32
61
95
43
49
63
50
61
45
61
98
76
69
36
63
93
46
51
59
48
71
46
66
64
20
63
22
15
22
21
52
69
89
70
101
60
44
68
53
90
52
90
68
90
90
52
77
65
54
82
87
75
38
58
190
65
57
87
59
36
57
84
84
77
41
55
88
63
60
84
78
43
61
88
81
82
48
80
92
61
65
62
43
61
61
81
82
48
80
92
61
65
39
48
63
58
78
85
86
81
94
58
68
97
43
59
49
71
92
44
97
90
49
64
64
90
77
12
71
51
16
49
49
58
51
67
42
62
42
51
100
98
313
73
117
59
117
53
44
117
57
17
46
40
8
61
37
56
37
56
103
79
37
32
7
65
48
77
94
36
65
75
69
31
47
31
103
31
83
31
24
34
33
33
33
33
33
130
30
33
82
75
30
41
30
33
30
30
30
30
13
14
30
27
45
29
75
30
20
84
20
36
40
41
20
39
20
137
149
22
36
41
16
84
23
90
23
33
47
47
23
155
23
32
18
155
42
87
42
26
44
153
42
10
42
50
484
25
96
247
147
47
347
27
184
154
160
163
14
155
250
163
154
103
192
500
37
155
121
500
497
345
103
500
500
201
201
500
14
233
500
500
118
4
208
110
500
500
110
208
400
498
173
500