
0.038188
0.004314
0.005985
0.004184
0.004819
0.00505
0.007369
0.004769
0.00275
0.003448
0.003523
0.003136
0.003529
0.002723
0.002938
0.00367
0.004103
0.007226
0.003649
0.003376
0.003349
0.003781
0.003289
0.004426
0.004623
0.004754
0.004701
0.011122
0.003475
0.003938
0.003944
0.004595
0.009537
0.003733
0.003962
0.003446
0.004183
0.003597
0.003423
0.007667
0.003702
0.003658
0.004424
0.003747
0.003496
0.003797
0.007242
0.003359
0.003204
0.004059
0.004484
0.003478
0.003753
0.004149
0.003542
0.003688
0.005204
0.003339
0.0046
0.005998
0.006892
0.008984
0.003892
0.005894
0.006783
0.006718
0.004824
0.005994
0.00496
0.006457
0.006364
0.007795
0.00548
0.003106
0.008199
0.010805
0.003928
0.00352
0.011958
0.006692
0.00472
0.010033
0.006185
0.004224
0.004426
0.048201
0.002863
0.002935
0.002055
0.002736
0.001865
0.002543
0.003047
0.002226
0.001741
0.003115
0.007848
0.004051
0.007527
0.003088
0.00498
0.003156
0.002852
0.001253
0.003309
0.001246
0.003483
0.00178
0.044087
0.002172
0.002343
0.002265
0.00246
0.003177
0.004522
0.003269
0.003784
0.004353
0.00246
0.002876
0.001984
0.00388
0.003883
0.004327
0.005736
0.008184
0.002359
0.004044
0.002057
0.003372
0.004112
0.004859
0.005092
0.005025
0.005106
0.004502
0.004017
0.004049
0.004732
0.004426
0.038497
0.002176
0.002508
0.001826
0.002633
0.004109
0.002632
0.003049
0.001715
0.003758
0.004823
0.002799
0.003613
0.001884
0.004016
0.001853
0.004361
0.008218
0.004553
0.003165
0.003676
0.003798
0.004898
0.0027
0.00328
0.005944
0.036374
0.001146
0.007599
0.004475
0.00464
0.006171
0.017907
0.01174
0.004045
0.004531
0.005117
0.004707
0.012285
0.00905
0.005101
0.003498
0.005128
0.00369
0.004782
0.015353
0.004314
0.048391
0.002496
0.002258
0.001295
0.003264
0.002516
0.002166
0.002431
0.00362
0.004062
0.00248
0.045886
0.003511
0.002326
0.002154
0.003449
0.003237
0.002599
0.001861
0.002391
0.002414
0.003443
0.004043
0.002538
0.043693
0.004513
0.004291
0.009199
0.003509
0.007723
0.01848
0.008393
0.005628
0.005108
0.005188
0.013143
0.016766
0.005055
0.003564
0.007228
0.006564
0.00456
0.002153
0.006132
0.010448
0.012487
0.004607
0.057156
0.002034
0.002063
0.001485
0.011959
0.012133
0.004271
0.002668
0.00739
0.004624
0.009496
0.003969
0.003906
0.003843
0.002176
0.00705
0.003464
0.003745
0.002817
0.003154
0.001698
0.003227
0.006228
0.004055
0.003112
0.046048
0.001194
0.005827
0.004551
0.006281
0.009899
0.011683
0.004171
0.008488
0.004006
0.002414
0.003537
0.002715
0.004379
0.009925
0.005499
0.002925
0.0043
0.005685
0.014024
0.004257
0.002781
0.008885
0.011372
0.006772
0.003714
0.039175
0.003873
0.002669
0.003418
0.002204
0.003021
0.003271
0.002314
0.003239
0.003327
0.003567
0.005952
0.003365
0.003728
0.004391
0.013002
0.004809
0.049799
0.00369
0.002858
0.003377
0.002181
0.002921
0.003028
0.002257
0.003156
0.002386
0.003374
0.005564
0.003339
0.006276
0.003492
0.002846
0.001745
0.004084
0.003608
0.007636
0.001893
0.002976
0.001625
0.008435
0.002065
0.042253
0.001707
0.003112
0.003759
0.002106
0.003372
0.00244
0.002961
0.002456
0.003322
0.002163
0.00241
0.005462
0.003238
0.002148
0.002215
0.00827
0.002375
0.002615
0.002321
0.002138
0.005689
0.002322
0.003479
0.00666
0.00344
0.049763
0.003196
0.003821
0.002255
0.003332
0.002757
0.002297
0.002292
0.003756
0.002732
0.006401
0.003227
0.003076
0.046275
0.003212
0.003367
0.003791
0.002074
0.00337
0.002947
0.002173
0.003865
0.002533
0.003683
0.002089
0.002197
0.008196
0.00269
0.0511
0.003473
0.003707
0.003986
0.002288
0.003549
0.002947
0.002762
0.003788
0.002414
0.003438
0.009323
0.002799
0.049328
0.003222
0.003576
0.002505
0.002111
0.003534
0.003247
0.002574
0.003794
0.002647
0.003373
0.006634
0.00283
0.047026
0.003305
0.003185
0.002449
0.002354
0.00377
0.002783
0.003709
0.002408
0.003642
0.005949
0.003722
0.048529
0.003516
0.00329
0.002079
0.00227
0.003634
0.003212
0.003661
0.003734
0.002219
0.003678
0.005286
0.003494
0.005997
0.003859
0.011077
0.005052
0.0056
0.003458
0.002161
0.010493
0.002094
0.00224
0.00775
0.001217
0.012352
0.002491
0.008479
0.005205
0.002204
0.003471
0.049225
0.0039
0.003404
0.00196
0.001834
0.002215
0.003402
0.003953
0.003547
0.008037
0.004177
0.003649
0.004691
0.020193
0.006017
0.003484
0.003116
0.008927
0.002292
0.007308
0.0041
0.004134
0.003572
0.008395
0.001364
0.008387
0.002251
0.019108
0.003715
0.055651
0.001973
0.003438
0.002145
0.001725
0.001992
0.003345
0.003748
0.001948
0.001894
0.007195
0.001281
0.005475
0.003439
0.004175
0.003317
0.004785
0.004435
0.008853
0.005535
0.020317
0.01265
0.004221
0.007528
0.055803
0.003984
0.003251
0.001944
0.001734
0.001848
0.00403
0.001979
0.003824
0.001947
0.001872
0.010527
0.002304
0.011222
0.002543
0.010713
0.002534
0.008775
0.002141
0.009321
0.002007
0.010623
0.002083
0.010695
0.00443
0.002536
0.002789
0.011005
0.002137
0.036641
0.003833
0.003681
0.002624
0.001644
0.002867
0.002808
0.002638
0.002668
0.002789
0.002832
0.008973
0.003268
0.012191
0.001876
0.004631
0.002743
0.004483
0.002577
0.006817
0.003248
0.013889
0.003643
0.005081
0.004398
0.004094
0.003019
0.031371
0.002041
0.003762
0.001799
0.001447
0.003023
0.003123
0.002165
0.002828
0.001784
0.010897
0.004861
0.008708
0.001913
0.001984
0.001812
0.005078
0.004343
0.004137
0.0023
0.006111
0.006081
0.04195
0.002187
0.003886
0.001925
0.001387
0.003391
0.00548
0.002026
0.004567
0.001934
0.002185
0.014959
0.003135
0.015311
0.012016
0.040203
0.003285
0.003951
0.003024
0.001423
0.003219
0.004487
0.003238
0.001875
0.003008
0.003116
0.010907
0.001365
0.001503
0.004472
0.007002
0.004949
0.007952
0.003496
0.01115
0.011172
0.003936
0.013528
0.034861
0.001369
0.032078
0.003072
0.005026
0.003773
0.010781
0.015525
0.007822
0.003523
0.01084
0.03002
0.005237
0.005234
0.011781
0.001232
0.00137
0.007467
0.057103
0.001183
0.011011
0.011914
0.008263
0.010062