
205
372
166
105
166
193
375
174
238
260
196
362
220
163
128
208
365
107
161
250
189
134
140
164
194
188
332
180
162
222
196
216
162
130
193
187
35
188
147
220
169
308
281
129
207
158
212
178
119
332
193
308
282
127
209
156
208
176
148
335
175
309
284
132
214
164
50
191
145
142
236
307
376
129
232
156
65
157
125
120
172
300
334
100
228
102
163
165
135
128
102
129
103
95
81
166
183
183
103
154
103
135
105
93
83
168
182
184
380
156
67
161
109
89
219
101
183
188
379
164
65
160
243
87
223
126
185
190
374
167
66
164
245
84
225
132
185
219
372
170
72
166
248
81
230
140
341
222
372
175
71
166
390
81
230
140
341
222
372
175
75
168
386
78
233
86
343
224
368
178
76
170
375
71
234
86
352
228
357
181
85
177
370
62
491
92
356
98
313
190
316
121
362
56
490
98
103
400
370
283
179
131
357
47
489
249
365
141
365
280
186
137
154
41
154
52
154
154
154
154
143
144
143
36
133
60
143
143
143
137
144
149
144
33
65
65
144
482
144
90
157
152
157
26
69
339
157
380
157
104
154
160
163
14
155
250
163
154
103
192
500
500
118
4
208
110
500
500
110
208