
0.000988
0.001141
0.00099
0.001059
0.000937
0.001434
0.00109
0.00093
0.001239
0.001025
0.001028
0.000848
0.000884
0.001216
0.00078
0.001116
0.001018
0.000992
0.00118
0.000921
0.001082
0.000865
0.001177
0.000984
0.000955
0.000993
0.000997
0.00097
0.000957
0.001026
0.001007
0.001175
0.001118
0.000965
0.001033
0.001001
0.001043
0.001341
0.001084
0.000902
0.000981
0.001081
0.001102
0.000888
0.001238
0.001118
0.00137
0.001002
0.00111
0.000983
0.000995
0.001175
0.001545
0.003144
0.001146
0.001605
0.001915
0.002102
0.001592
0.001439
0.001717
0.002484
0.002018
0.00163
0.001496
0.001469
0.001549
0.002296
0.001477
0.00116
0.001227
0.001099
0.001108
0.000952
0.001718
0.001056
0.001256
0.001189
0.001089
0.001179
0.001172
0.001233
0.000946
0.001052
0.001025
0.001071
0.001304
0.00095
0.000935
0.000892
0.001451
0.001309
0.00129
0.001032
0.001125
0.001227
0.001333
0.00127
0.001206
0.001212
0.001557
0.00144
0.001776
0.00134
0.002661
0.001207
0.001008
0.001539
0.001896
0.000914
0.001235
0.000987
0.001232
0.001651
0.001255
0.001303
0.002886
0.001589
0.001539
0.001552
0.001434
0.00126
0.001379
0.00126
0.001302
0.001136
0.001749
0.002003
0.001595
0.001042
0.001185
0.001701
0.001111
0.001285
0.00107
0.001114
0.001163
0.001272
0.002233
0.001129
0.00124
0.002931
0.001039
0.001044
0.001384
0.001577
0.001539
0.001481
0.001146
0.001238
0.001111
0.001144
0.001192
0.003161
0.000833
0.001016
0.00092
0.000867
0.000878
0.000976
0.001142
0.000966
0.001081
0.00091
0.001255
0.001272
0.001297
0.00121
0.001587
0.002967
0.000954
0.000909
0.001061
0.000917
0.001038
0.001003
0.00115
0.001083
0.000857
0.000963
0.000941
0.000933
0.001055
0.000967
0.001004
0.000936
0.001303
0.000904
0.001041
0.001104
0.002076
0.00138
0.001702
0.002241
0.001133
0.000981
0.003371
0.001087
0.000938
0.000803
0.00165
0.001565
0.001018
0.000931
0.000962
0.000862
0.001024
0.000807
0.000918
0.001037
0.003468
0.001175
0.00112
0.001795
0.001969
0.001743
0.001494
0.001317
0.003072
0.001159
0.001103
0.001236
0.002076
0.002275
0.002042
0.0009
0.001134
0.001409
0.0011
0.001055
0.000953
0.000939
0.000998
0.000843
0.001285
0.000975
0.001034
0.001016
0.001032
0.00118
0.000918
0.001924
0.00112
0.000946
0.001113
0.001073
0.00095
0.001807
0.001523
0.001546
0.001027
0.001052
0.000992
0.001041
0.001038
0.001082
0.001213
0.001223
0.00106
0.00144
0.001275
0.00192
0.002019
0.001257
0.001006
0.001184
0.002541
0.001063
0.00105
0.00098
0.002003
0.001013
0.001579
0.000926
0.000881
0.001087
0.000987
0.000972
0.000947
0.000922
0.001711
0.00111
0.001531
0.001682
0.000947
0.000907
0.001127
0.000991
0.001042
0.001054
0.001223
0.001129
0.000956
0.001139
0.001212
0.001083
0.002595
0.001207
0.00183
0.001132
0.001088
0.001711
0.001837
0.002906
0.000905
0.000857
0.001215
0.001522
0.000903
0.001384
0.001106
0.001135
0.001183
0.001066
0.003716
0.001096
0.001083
0.00105
0.001288
0.000919
0.000901
0.00115
0.00127
0.000823
0.001187
0.001081
0.001033
0.001155
0.000926
0.001208
0.00108
0.000989
0.001207
0.001607
0.001315
0.001046
0.001688
0.001918
0.003128
0.001905
0.003523
0.001275
0.000893
0.001113
0.001268
0.003356
0.001313
0.002581
0.003353