
0.004732
0.005772
0.005968
0.005751
0.006537
0.013193
0.006716
0.007103
0.00754
0.009725
0.005971
0.006363
0.005322
0.005188
0.005817
0.017972
0.00536
0.007489
0.005391
0.011394
0.00711
0.006858
0.010943
0.006101
0.005928
0.007039
0.005376
0.005067
0.006863
0.007068
0.007882
0.005378
0.005993
0.010875
0.005912
0.007338
0.013368
0.010427
0.011815
0.005417
0.005315
0.007427
0.014464
0.006361
0.009547
0.005642
0.0073
0.012673
0.005695
0.007498
0.011571
0.007637
0.010121
0.014113
0.007343
0.028402
0.02064
0.025548
0.009438
0.006279
0.009121
0.011762
0.023699
0.017923
0.022268
0.011054
0.008152
0.01236
0.009481
0.018678
0.017783
0.006654
0.006321
0.007176
0.019181
0.005981
0.005791
0.005653
0.010068
0.005371
0.005964
0.00675
0.00634
0.009481
0.006179
0.0115
0.011282
0.017114
0.005853
0.006405
0.007938
0.008355
0.012365
0.006197
0.008147
0.012092
0.006565
0.00722
0.006282
0.00798
0.016494
0.007921
0.01186
0.012967
0.009607
0.009194
0.004893
0.009739
0.018788
0.005537
0.00919
0.005749
0.007495
0.008036
0.009186
0.00797
0.018589
0.009318
0.01153
0.008964
0.012044
0.005599
0.022267
0.007024
0.013141
0.00689
0.026224
0.036834
0.009245
0.005934
0.017688
0.019128
0.004739
0.011638
0.00846
0.013895
0.007027
0.004623
0.011495
0.008482
0.010504
0.025243
0.008255
0.008844
0.012834
0.013143
0.01254
0.010643
0.008275
0.008167
0.01053
0.008441
0.009352
0.03176
0.007813
0.008614
0.006238
0.008171
0.008295
0.0084
0.008236
0.007825
0.008772
0.008267
0.012703
0.011825
0.018877
0.012315
0.016489
0.016017
0.004719
0.005453
0.010653
0.007496
0.00536
0.018698
0.009947
0.003567
0.003189
0.00542
0.004958
0.013875
0.00488
0.010109
0.007802
0.008587
0.010754
0.010924
0.011202
0.007351
0.030782
0.02048
0.014542
0.02988
0.013846
0.004977
0.034867
0.012655
0.011264
0.007129
0.009713
0.014142
0.01174
0.010915
0.007661
0.004997
0.010965
0.004392
0.005408
0.004793
0.016857
0.005428
0.004338
0.018786
0.01038
0.028287
0.007771
0.00811
0.041659
0.014333
0.005123
0.012359
0.02084
0.018741
0.021681
0.006523
0.008209
0.0069
0.006269
0.019369
0.010531
0.006042
0.00415
0.00599
0.006236
0.017644
0.008082
0.008955
0.006174
0.019326
0.003875
0.020561
0.014892
0.004194
0.004083
0.006721
0.007237
0.007507
0.014823
0.017883
0.004069
0.007603
0.008622
0.008236
0.008857
0.004535
0.016132
0.007448
0.00654
0.01206
0.012263
0.017363
0.012857
0.005112
0.00702
0.012769
0.02503
0.010731
0.005299
0.009113
0.019774
0.007163
0.024947
0.003397
0.008075
0.013257
0.00821
0.007211
0.006776
0.010992
0.016674
0.005483
0.009972
0.010239
0.011631
0.006271
0.003456
0.004173
0.012735
0.003725
0.008605
0.010404
0.006175
0.008033
0.003755
0.007145
0.02048
0.007395
0.01018
0.004875
0.009971
0.016886
0.022912
0.027417
0.008501
0.003198
0.01216
0.005165
0.005771
0.014518
0.008417
0.008763
0.010601
0.003866
0.029547
0.009969
0.006181
0.010286
0.003413
0.009996
0.002604
0.006396
0.00847
0.005286
0.006845
0.011393
0.002777
0.005555
0.004223
0.012847
0.006706
0.006396
0.005313
0.009773
0.008604
0.011951
0.011911
0.012877
0.019937
0.022071
0.031704
0.005515
0.002477
0.010332
0.003134
0.019932
0.01156
0.01974
0.020587