
0.060498
0.0509027
0.0749044
0.0783081
0.0676895
0.089858
0.0917711
0.0948358
0.0337488
0.0338378
0.0137429
0.0349362
0.186987
0.18549
0.201414
0.187925
0.194119
0.27999
0.27999
0.27999
0.27999
0.27999
0.27999
0.280021
0.27999
0.27999
0.128843
0.128843
0.128885
0.12897
0.129013
0.128928
0.128842
0.128588
0.128588
0.128546
0.128586
0.128666
0.128784
0.128932
0.128757
0.128688
0.128754
0.128754
0.128754
0.121744
0.121744
0.0531232
0.0825128
0.0766038
0.182555
0.193177
0.169294
0.190221
0.180658
0.0368054
0.0333761
0.044092
0.0652895
0.0338426
0.0542043
0.0436948
0.0436948
0.0437045
0.0750937
0.0536871
0.0634937
0.0634937
0.0530065
0.0738346
0.0581269
0.0572375
0.0724996
0.00893532
0.0037412
0.0189402
0.0403851
0.0164875
0.0488788
0.0361584
0.0361584
0.0458406
0.0315314
0.0035083
0.0035083
0.0072498
0.00670759
0.00670759
0.00595562
0.0148883
0.0469109
0.0680591
0.0205208
0.0297529
0.0179916
0.0151469
0.0131182
0.0099828
0.0099828
0.018575
0.0156314
0.0156314
0.0506333
0.0266392
0.0473882
0.0234186
0.0443363
0.0323843
0.0532685
0.0174432
0.0260142
0.0346411
0.0434932
0.029268
0.00768464
0.00294051
0.0109976
0.00396766
0.00396766
0.00750448
0.00722623
0.0156549
0.00552439
0.00576566
0.0205537
0.0536378
0.0216684
0.0216684
0.00792395
0.0266049
0.00664632
0.0310539
0.0354777
0.00920007
0.0100945
0.00575463
0.00849446
0.0660004
0.00388934
0.0243074
0.012112
0.0202496
0.017162
0.0163986
0.0120944
0.0198821
0.0277518
0.0155963
0.00332896
0.00950686
0.0111819
0.00690226
0.0146245
0.0146245
0.0101957
0.00512777
0.0177872
0.00919354
0.0254238
0.0133527
0.00364946
0.00364946
0.0236833
0.0112278
0.0190737
0.00711241
0.015294
0.00775895
0.0216123
0.010771
0.00965208
0.00965208
0.03289
0.00741548
0.0354165
0.00574889
0.00574889
0.0206166