
2e-06
1e-06
1e-06
1e-06
1e-06
1e-06
1e-06
1e-06
2e-06
1e-06
1e-06
1e-06
1e-06
1e-06
1e-06
1e-06
2e-06
1e-06
1e-06
1e-06
1e-06
1e-06
1e-06
1e-06
0
1e-06
1e-06
1e-06
1e-06
1e-06
1e-06
1e-06
4e-06
1e-06
0
1e-06
1e-06
1e-06
1e-06
1e-06
1e-06
1e-06
1e-06
1e-06
1e-06
1e-06
2e-06
1e-06
1e-06
1e-06
0
1e-06
2e-06
5e-06
1e-06
1e-06
2e-06
2e-06
2e-06
1e-06
2e-06
4e-06
3e-06
1e-06
3e-06
1e-06
2e-06
3e-06
1e-06
1e-06
2e-06
1e-06
1e-06
1e-06
2e-06
0.029413
0.029057
0.026627
0.025654
0.025987
0.025843
0.045664
0.023394
0.023786
0.025045
0.025134
0.023072
1e-06
2e-06
1e-06
2e-06
1e-06
2e-06
1e-06
2e-06
1e-06
2e-06
1e-06
2e-06
1e-06
2e-06
1e-06
4e-06
2e-06
3e-06
1e-06
2e-06
3e-06
3e-06
2e-06
0.016372
2e-06
1e-06
3e-06
1e-06
3e-06
5e-06
3e-06
2e-06
3e-06
2e-06
2e-06
2e-06
2e-06
1e-06
2e-06
2e-06
4e-06
5e-06
2e-06
1e-06
3e-06
2e-06
0.024002
0.023372
0.023728
0.026708
1e-06
1e-06
2e-06
1e-06
6e-06
1e-06
1e-06
2e-06
2e-06
2e-06
2e-06
1e-06
1e-06
1e-06
1e-06
2e-06
6e-06
1e-06
0.019963
0.019817
0.019071
0.019498
0.01947
0.022644
0.020024
0.019752
0.019439
0.032393
0.033476
0.082262
0.028015
0.064552
0.089044
0.02349
0.021922
0.020572
0.022356
0.040005
0.022715
0.04011
0.053726
0.021257
0.02405
0.023115
0.021276
0.03719
0.023043
0.021384
0.023814
0.024777
0.023676
1e-06
1e-06
5e-06
2e-06
2e-06
5e-06
3e-06
1e-06
8e-06
2e-06
1e-06
2e-06
2e-06
4e-06
2e-06
2e-06
2e-06
0.021003
0.020639
0.021299
0.021596
0.0193
0.099084
3e-06
2e-06
2e-06
4e-06
3e-06
2e-06
1e-06
4e-06
1e-06
1e-06
1e-06
3e-06
4e-06
3e-06
1e-06
2e-06
0.035199
0.026163
0.017056
0.019203
0.017885
0.02943
0.016336
0.040659
0.016593
0.0195
0.017015
0.01695
0.016428
0.018294
0.05289
0.025425
0.016055
0.017459
0.016434
0.016371
0.075053
0.027598
0.054535
0.020956
0.016162
0.015256
0.012559
0.012969
0.016108
0.015828
0.013679
0.013316
0.02103
0.018255
0.058587
0.086133
0.028639
0.013582
0.013143
0.069906
0.016413
0.014089
0.014151
0.056618
0.016557
0.056485
0.013391
0.012817
0.012952
0.012957
0.014481
0.013588
0.014401
0.053056
0.036527
0.051323
0.061034
0.01418
0.013823
0.014449
0.015353
0.015151
0.014534
0.031732
0.013764
0.01289
0.013713
0.014026
0.020377
0.081944
0.021757
0.06765
0.01688
0.01265
0.050055
0.054949
0.07572
0.017966
0.01464
0.021845
0.021343
0.01651
0.014077
0.017549
0.018195
0.024307
0.017802
0.059667
0.0371
0.018275
0.017415
0.01886
0.015833
0.0163
0.019964
0.040426
0.014488
0.013825
0.015005
0.014467
0.014503
0.014142
0.020341
0.019352
0.013047
0.013194
0.019448
0.01886
0.014185
0.054368
0.075525
0.070633
0.070844
0.065711
0.018405
0.013543
0.017002
0.078548
0.074686
0.017606
0.056319
0.067791