
0.00656
0.008312
0.008573
0.007638
0.009314
0.018514
0.008635
0.010101
0.010439
0.012812
0.008431
0.008222
0.007418
0.007338
0.008259
0.024069
0.00702
0.010287
0.00779
0.014632
0.009996
0.009773
0.01609
0.008481
0.008662
0.00977
0.007147
0.007514
0.008909
0.010027
0.010005
0.007785
0.008538
0.015159
0.008586
0.010403
0.01726
0.015543
0.017015
0.007143
0.006962
0.01028
0.020689
0.009066
0.012838
0.008037
0.010041
0.016055
0.008135
0.010456
0.015767
0.010389
0.014594
0.017821
0.01028
0.035011
0.029039
0.034965
0.014706
0.010429
0.016219
0.016837
0.030492
0.024413
0.02931
0.016131
0.012224
0.018404
0.013142
0.027015
0.065341
0.009591
0.008809
0.009999
0.024145
0.04368
0.040896
0.039392
0.044988
0.036264
0.038664
0.059852
0.03658
0.03709
0.034771
0.043459
0.039717
0.024933
0.009115
0.009792
0.012344
0.012942
0.019749
0.010251
0.012478
0.01713
0.010429
0.011329
0.010321
0.011358
0.025061
0.012891
0.025331
0.023651
0.020315
0.017751
0.00775
0.015967
0.02981
0.008516
0.031397
0.008697
0.011231
0.01116
0.013511
0.012255
0.024351
0.014157
0.01543
0.012121
0.016905
0.008408
0.031242
0.010305
0.018806
0.009018
0.035407
0.051008
0.013399
0.012052
0.030888
0.033902
0.009837
0.039853
0.035179
0.042389
0.037196
0.007249
0.015824
0.01193
0.015068
0.032531
0.011713
0.012198
0.018197
0.018476
0.017745
0.014392
0.011983
0.011444
0.015517
0.011923
0.016039
0.045018
0.011113
0.031653
0.028796
0.030333
0.030947
0.030988
0.033899
0.030666
0.03099
0.030992
0.04909
0.048814
0.107352
0.044291
0.086601
0.11328
0.029883
0.029963
0.034997
0.032552
0.048174
0.048187
0.055308
0.059405
0.02601
0.032329
0.029636
0.039474
0.044633
0.036622
0.032089
0.035447
0.03878
0.039463
0.015089
0.010366
0.040196
0.027275
0.01975
0.03991
0.017963
0.007194
0.048318
0.016946
0.020052
0.008922
0.014123
0.018348
0.014727
0.019997
0.020579
0.032574
0.038751
0.031009
0.032946
0.02643
0.125037
0.007013
0.007159
0.025925
0.014164
0.037899
0.011444
0.011311
0.047362
0.01899
0.007471
0.016829
0.028377
0.025111
0.026649
0.012832
0.014707
0.045589
0.038725
0.043038
0.035113
0.026619
0.035691
0.024371
0.049311
0.049303
0.030574
0.029071
0.025416
0.042417
0.027517
0.080102
0.044782
0.021863
0.026249
0.032306
0.03118
0.091291
0.056508
0.086309
0.029882
0.030844
0.03439
0.028356
0.028274
0.025454
0.048644
0.027828
0.02267
0.043931
0.039069
0.09263
0.114693
0.038999
0.027607
0.036482
0.116323
0.03398
0.025894
0.029092
0.095662
0.032092
0.100186
0.021105
0.029077
0.038016
0.02912
0.029373
0.026956
0.033571
0.081696
0.048185
0.070839
0.084555
0.036698
0.026387
0.021733
0.024765
0.037903
0.021706
0.047939
0.034752
0.023924
0.029079
0.021905
0.036612
0.123174
0.035773
0.090219
0.026618
0.028817
0.082043
0.091395
0.125317
0.031614
0.020824
0.041219
0.031559
0.028588
0.039011
0.034142
0.035113
0.041371
0.02396
0.104443
0.05635
0.031861
0.03954
0.025764
0.034795
0.021816
0.033416
0.057563
0.025661
0.026372
0.034308
0.020324
0.026812
0.023423
0.04549
0.033599
0.025765
0.022426
0.036271
0.036106
0.033547
0.079429
0.098295
0.09985
0.100114
0.109936
0.026363
0.017136
0.031048
0.082949
0.101888
0.034509
0.083979
0.094575