
1.5118e+09
0.008213
0.009792
0.01011
0.009183
0.010881
0.019964
0.010093
0.01158
0.011988
0.01445
0.010013
0.009825
0.008925
0.008783
0.009767
0.025697
0.008645
0.011944
0.009397
0.016236
0.011619
0.011303
0.017601
0.009953
0.010096
0.011228
0.00861
0.008947
0.010375
0.011469
0.01151
0.009262
0.009922
0.016542
0.00999
0.011843
0.018855
0.017097
0.018625
0.008776
0.008586
0.011987
0.02251
0.010827
0.01468
0.009859
0.011848
0.017872
0.009964
0.012366
0.019644
0.051644
0.074079
0.026274
0.058658
0.046232
0.06597
0.04439
0.049022
0.035587
0.068949
0.03261
0.06615
0.033967
0.065676
0.03253
0.073412
0.02892
0.059532
0.037442
0.096581
0.016013
0.043765
0.044258
0.269423
0.052104
0.077609
0.073776
0.052988
0.07726
0.133384
0.079311
0.18809
0.069388
0.040995
0.07386
0.045577
0.056026
0.015332
0.075307
0.020176
0.082342
0.026122
0.068952
0.019488
0.08143
0.018622
0.081386
0.018699
0.069349
0.033784
0.255081
0.069368
0.044297
0.028528
0.136722
0.066793
0.026026
0.056126
0.013078
0.067512
0.033265
0.108106
0.01744
0.047757
0.031899
0.073367
0.022199
0.075953
0.023906
0.070509
0.028764
0.061258
0.03922
0.062473
0.038187
0.063556
0.064162
0.192509
0.018904
0.088013
0.074879
0.016934
0.065553
0.042092
0.072553
0.046022
0.076069
0.034131
0.038868
0.068778
0.139441
0.017823
0.082065
0.028489
0.070604
0.028057
0.060369
0.030455
0.090265
0.023144
0.054844
0.040808
0.06428
0.026792
0.059708
0.040111
0.059594
0.040444
0.061725
0.038451
0.05272
0.047088
0.183471
0.106014
0.106981
0.130479
0.060424
0.15735
0.149582
0.045582
0.034516
0.043503
0.129096
0.056093
0.268644
0.120225
0.073713
0.040154
0.062214
0.037658
0.101196
0.051649
0.047284
0.203327
0.053116
0.045261
0.056784
0.036723
0.078988
0.098459
0.037966
0.110684
0.076754
0.035584
0.049749
0.073633
0.022583
0.053294
0.039834
0.075646
0.023882
0.239761
0.034611
0.040733
0.06017
0.043696
0.048875
0.046902
0.293841
0.157946
0.02712
0.051902
0.074435
0.026612
0.060561
0.036873
0.085407
0.060242
0.023753
0.030478
0.079185
0.048521
0.036276
0.202626
0.020652
0.235545
0.065631
0.055055
0.047129
0.048005
0.04162
0.051968
0.048051
0.061223
0.053427
0.043665
0.034728
0.059072
0.046343
0.053053
0.103285
0.048747
0.194728
0.038078
0.042548
0.106976
0.112592
0.075158
0.109598
0.033633
0.051743
0.160689
0.038543
0.043572
0.059107
0.060455
0.031192
0.049855
0.061918
0.044024
0.160878
0.130993
0.162659
0.030914
0.099761
0.14356
0.037351
0.049807
0.042231
0.114447
0.044924
0.231102
0.024148
0.057938
0.042119
0.058468
0.041754
0.058513
0.041321
0.146497
0.059269
0.079155
0.231854
0.047631
0.042658
0.05839
0.041654
0.057897
0.047504
0.057802
0.037866
0.056222
0.042542
0.080182
0.189715
0.151401
0.092346
0.105882
0.044979
0.043348
0.13126
0.260433
0.150182
0.034735
0.056641
0.045706
0.182014
0.031457
0.059119
0.041208
0.075114
0.044951
0.038701
0.168722
0.069177
0.043495
0.047262
0.197898
0.045846
0.042272
0.105393
0.067838
0.042627
0.058302
0.041672
0.058682
0.041453
0.053721
0.049573
0.18173
0.028261
0.060703
0.04084
0.051464
0.047434
0.282865
0.155229
0.165991
0.156319
0.141542
0.035644
0.039167
0.106609
0.221355
0.118973
0.045432
0.109717