
0.001466
0.017986
0.008212
0.019373
0.014408
0.01435
0.015667
0.016434
0.021116
0.012115
0.011846
0.006054
0.028125
0.027009
0.026045
0.026503
0.08486
0.011909
0.024726
0.025654
0.024166
0.024569
0.032038
0.033938
0.02991
0.030724
0.030201
0.017557
0.060202
0.025824
0.011383
0.016223
0.054311
0.018448
0.01653
0.050442
0.022559
0.026883
0.025838
0.020821
0.01082
0.01192
0.01102
0.018488
0.033667
0.027879
0.018703
0.020461
0.02594
0.009084
0.017463
0.02953
0.028511
0.018774
0.038142
0.017675
0.010963
0.009323
0.008958
0.010673
0.002409
0.050717
0.050897
0.051958
0.014953
0.010537
0.06111
0.018304
0.010527
0.072904
0.00242
0.018759
0.058213
0.009757
0.011302
0.050283
0.0024
0.010679
0.010673
0.010046
0.023854
0.050254
0.059066
0.017966
0.011044
0.011987
0.010632
0.020885
0.009712
0.009576
0.009727
0.002558
0.075109
0.016217
0.022243
0.012205
0.027494
0.008092
0.024204
0.006141
0.002654
0.046834
0.013127
0.010554
0.008589
0.008455
0.007813
0.008735
0.008633
0.007865
0.015086
0.008019
0.007819
0.056345
0.013816
0.011236
0.014876
0.002398
0.006596
0.008431
0.007316
0.011051
0.057687
0.005178
0.006801
0.048581
0.016579
0.007596
0.011191
0.007892
0.006561
0.007448
0.00752
0.00798
0.057389
0.007331
0.002853
0.007062
0.007346
0.008043
0.007677
0.006498
0.007147
0.023982
0.018717
0.052668
0.010254
0.006419
0.044709
0.003232
0.015639
0.009301
0.008204
0.008413
0.019671
0.008353
0.057746
0.00887
0.002278
0.007499
0.007817
0.054183
0.007291
0.007683
0.008144
0.002937
0.006554
0.009566
0.002257
0.055904
0.051469
0.056543
0.048617
0.021664
0.006707
0.055106
0.048914
0.011827
0.008066
0.018034
0.060168