
58
79
110
84
104
67
47
42
66
67
115
21
104
112
24
53
66
66
154
169
54
210
160
333
163
128
175
222
288
158
171
194
154
128
391
160
151
176
138
154
137
160
121
176
302
106
141
94
176
151
121
111
12
50
52
57
53
25
64
42
52
59
25
64
100
42
95
119
93
117
106
70
119
131
157
95
172
117
146
117
119
131
188
93
178
424
138
228
131
365
130
345
147
80
28
81
81
86
28
44
86
73
69
81
86
28
86
20
119
168
237
473
133
67
219
229
218
228
221
233
229
219
214
224
209
214
234
231
51
59
217
244
137
229
237
236
215
215
245
242
407
304
437
387
319
85
85
116
340
209
116
139
498
15
13
42
52
44
57
41
41
28
13
73
83
34
34
112
127
479
90
312
204
174
376
222
246
319
53
319
472
80
423
246
319
172
53
362
142
313
80
399
238
313
369
88
88
174
413
106
174
171
225
376
55
53
17
17
48
72
14
17
17
38
17
17
110
48
63
22
114
23
55
82
104
228
365
367
223
81
475
82
98
82
103
53
234
121
200
338
117
122
500
82
338
104
284
207
228
338
103
72
103
40
30
61
37
59
37
40
70
41
40
216
92
57
349
500
275
48
145
57
155
57
28
303
304
97
148
134
64
134
118
62
100
155
258
141
203
396
60
341
145
258
91
48
86
23
39
46
81
42
46
46
81
86
86
46
56
46
77
58
87
66
25
44
41
79
18
83
39
49
18
36
39
72
64
44
47
84
38
52
132
58
21
54
39
47
40
72
11
60
33
89
38
31
14
40
65
44
32
65
43
52
14
83
72
40
15
12
32
64
35
90
35
25
35
24
84
81
66
93
37
47
90
59
50
55
51
42
51
43
25
58
42
49
39
19
29
44
59
42
30
45
52
58
37
123
25
77
76
57
42
77
57
30
42
18
50
19
35
31
29
21
37
84
61
42
56
20
19
30
22
83
38
15
46
17
32
28
22
15
33
1
94
91
17
15
16
15
9
38
43
23
19
43
9
25
9
90
52
26
10
89
85
11
43
21
11
96
64
132
38
39
30
20
18
11
104
39
110
39
139
102
30
49
116
48
20
39
30
71
28
104
53
62
27
108
20
20
115
51
81
20
67
51
20
21
101
21
62
27
127
16
138
81
56
253
196
131
56
127
16
56
107
196
210
119
15
230
15
113
126
115
164
126