
0.048224
0.003361
0.004062
0.004393
0.004142
0.004912
0.005588
0.004652
0.004941
0.005386
0.00554
0.007625
0.004393
0.004826
0.003975
0.003542
0.004437
0.009225
0.005574
0.003877
0.005738
0.003691
0.009391
0.005297
0.005267
0.003843
0.004685
0.004543
0.004423
0.005159
0.003911
0.003626
0.005188
0.005315
0.006163
0.003729
0.00433
0.003925
0.004776
0.004331
0.005534
0.011063
0.003951
0.004015
0.003981
0.005389
0.00405
0.003871
0.005593
0.005541
0.005958
0.004795
0.007367
0.004007
0.005232
0.010417
0.004085
0.00571
0.005244
0.003956
0.005659
0.007367
0.00981
0.005487
0.024105
0.008741
0.007776
0.010651
0.009784
0.006874
0.004285
0.006473
0.008406
0.019187
0.014043
0.01856
0.008263
0.005874
0.008866
0.00727
0.00969
0.005691
0.014729
0.004913
0.004619
0.005512
0.015523
0.072741
0.002424
0.00291
0.003255
0.002847
0.003132
0.00238
0.003003
0.002856
0.002719
0.002296
0.004368
0.003606
0.004033
0.001836
0.004017
0.003035
0.008045
0.003435
0.003729
0.001414
0.004234
0.002466
0.004887
0.002824
0.004751
0.002959
0.043991
0.002071
0.007567
0.004555
0.004339
0.004813
0.004511
0.004261
0.009476
0.004718
0.00434
0.004872
0.005744
0.006231
0.004629
0.005052
0.004497
0.006198
0.009702
0.004672
0.005278
0.004549
0.00597
0.00681
0.006255
0.00576
0.041625
0.001632
0.002009
0.001915
0.003474
0.001953
0.001926
0.002559
0.002828
0.002112
0.002376
0.008911
0.00464
0.010396
0.003886
0.006125
0.004705
0.007025
0.002598
0.038777
0.003501
0.007128
0.006684
0.008134
0.004113
0.003017
0.00401
0.004229
0.005551
0.005692
0.007004
0.005935
0.014284
0.006867
0.009188
0.006587
0.009356
0.003845
0.005955
0.012426
0.005096
0.010082
0.005081
0.021459
0.009162
0.021621
0.006717
0.051581
0.002731
0.00258
0.002882
0.002951
0.002662
0.002553
0.001837
0.00271
0.002393
0.002763
0.004431
0.003042
0.009169
0.00552
0.002696
0.002721
0.015601
0.004911
0.003238
0.001742
0.00385
0.00542
0.006652
0.011372
0.005128
0.002996
0.008303
0.006613
0.008338
0.020644
0.050003
0.006501
0.007065
0.010268
0.0104
0.009904
0.008285
0.006436
0.006241
0.008465
0.006564
0.007411
0.002215
0.026436
0.004551
0.006287
0.006833
0.004738
0.006573
0.006673
0.006683
0.006394
0.006165
0.006922
0.006593
0.053048
0.010257
0.009523
0.015644
0.009918
0.013262
0.011666
0.003394
0.00404
0.008558
0.005919
0.003857
0.003873
0.011789
0.060821
0.001545
0.001306
0.002869
0.003038
0.002171
0.003203
0.002103
0.002178
0.001868
0.001189
0.003869
0.003971
0.00224
0.002121
0.003906
0.003587
0.011547
0.003398
0.008199
0.006148
0.065552
0.006904
0.008495
0.00559
0.003472
0.009093
0.005572
0.018629
0.006706
0.017052
0.011563
0.02472
0.011586
0.003609
0.013341
0.015087
0.010345
0.00924
0.003337
0.005744
0.007081
0.01146
0.00959
0.057473
0.003309
0.00319
0.001312
0.001375
0.003111
0.002797
0.001351
0.001197
0.001423
0.002885
0.00277
0.006175
0.001303
0.001279
0.003158
0.002756
0.003424
0.003171
0.003658
0.00268
0.008899
0.00184
0.003216
0.003168
0.004017
0.002436
0.003394
0.05277
0.003198
0.01181
0.003821
0.002814
0.015001
0.007607
0.010383
0.013401
0.005586
0.006178
0.036282
0.002994
0.008736
0.003595
0.009985
0.016812
0.01486
0.013788
0.003802
0.056133
0.003662
0.002862
0.002742
0.002579
0.002566
0.002784
0.002214
0.002546
0.002832
0.003587
0.004963
0.002276
0.006388
0.002884
0.050669
0.002841
0.00194
0.005004
0.004625
0.002544
0.008157
0.00815
0.003522
0.004908
0.004558
0.002849
0.004617
0.004416
0.011584
0.003013
0.002542
0.003356
0.006352
0.007165
0.004686
0.006026
0.010177
0.002654
0.002418
0.016619
0.005045
0.007349
0.002941
0.043051
0.002258
0.002743
0.001882
0.002748
0.001924
0.003696
0.001996
0.002877
0.002
0.003562
0.00268
0.002729
0.002599
0.002447
0.00279
0.001993
0.005536
0.003347
0.005085
0.003557
0.01198
0.006956
0.014626
0.005278
0.002751
0.002841
0.005926
0.003485
0.002832
0.003993
0.002099
0.002389
0.033191
0.002096
0.00246
0.001633
0.003635
0.001736
0.002944
0.002
0.001712
0.001843
0.003515
0.00646
0.003645
0.007034
0.002377
0.003114
0.002026
0.009127
0.004059
0.004899
0.002858
0.005663
0.003239
0.004903
0.009653
0.005468
0.009885
0.002594
0.013921
0.008055
0.009656
0.00781
0.003476
0.002317
0.034821
0.00206
0.002541
0.001541
0.00309
0.002077
0.003755
0.002147
0.002004
0.001669
0.001802
0.005436
0.003436
0.00707
0.003188
0.001913
0.002007
0.020297
0.010139
0.008693
0.00203
0.003765
0.003269
0.007331
0.001826
0.015987
0.009563
0.002643
0.00291
0.002439
0.001904
0.013405
0.007214
0.003454
0.003143
0.03548
0.001875
0.002348
0.002744
0.003929
0.001614
0.001863
0.001846
0.001759
0.002245
0.002365
0.006494
0.004243
0.00807
0.002711
0.001808
0.002372
0.006497
0.00412
0.005661
0.00385
0.005295
0.002866
0.008809
0.003309
0.013412
0.004154
0.003955
0.003344
0.007683
0.00479
0.007597
0.006645
0.038684
0.001914
0.00268
0.00223
0.003201
0.002263
0.001751
0.00157
0.002597
0.003386
0.002909
0.002266
0.007343
0.001699
0.002313
0.00489
0.003181
0.002122
0.002089
0.002853
0.002329
0.010523
0.004629
0.002419
0.001546
0.006698
0.004089
0.005938
0.002392
0.00353
0.002185
0.004759
0.002101
0.006243
0.00389
0.002319
0.002334
0.002544
0.002919
0.001703
0.00223
0.032107
0.001659
0.002184
0.001439
0.002006
0.00187
0.002573
0.00136
0.002094
0.003938
0.004269
0.015612
0.008564
0.005676
0.003386
0.003428
0.003958
0.002536
0.002463
0.003379
0.00216
0.007987
0.001934
0.013694
0.008079
0.018932
0.004041
0.040292
0.001663
0.00193
0.00137
0.001975
0.001877
0.001779
0.001329
0.001936
0.000998
0.004
0.022759
0.012492
0.006851
0.001511
0.002117
0.001265
0.009848
0.002082
0.003314
0.002022
0.045742
0.001812
0.001763
0.001812
0.001591
0.002916
0.001569
0.001732
0.001541
0.004096
0.004453
0.003221
0.007739
0.004045
0.002131
0.001613
0.006513
0.004277
0.006874
0.00419
0.008545
0.001904
0.002545
0.009586
0.013901
0.004203
0.002739
0.00804
0.004583
0.004501
0.003734
0.008294
0.006884
0.001956
0.001875
0.047118
0.003188
0.001594
0.001697
0.001883
0.001541
0.003989
0.00334
0.002816
0.004962
0.008167
0.004323
0.001556
0.001547
0.004803
0.003615
0.006437
0.004623
0.004092
0.003092
0.005173
0.002124
0.00926
0.003259
0.001588
0.001662
0.003902
0.003605
0.002982
0.002954
0.01047
0.006387
0.005114
0.0039
0.040115
0.003663
0.001433
0.001709
0.001743
0.004394
0.003305
0.00377
0.001772
0.003315
0.004961
0.003129
0.003804
0.001868
0.007303
0.002752
0.0066
0.00472
0.009808
0.002146
0.006896
0.002311
0.005163
0.002425
0.03864
0.001406
0.002645
0.00726
0.002813
0.014925
0.018081
0.024429
0.003768
0.00147
0.008298
0.001723
0.04444
0.014589
0.004359
0.004761
0.015504
0.015187