
146
179
504
197
147
286
495
190
157
204
154
169
151
210
160
333
163
128
175
222
304
172
147
146
90
106
273
104
147
190
126
94
161
134
105
93
262
92
161
198
123
168
110
110
333
201
412
353
138
132
222
246
211
211
134
233
248
235
211
147
131
332
212
214
313
234
243
493
107
379
174
376
222
246
319
53
319
472
80
423
192
394
213
350
64
157
75
460
75
387
82
104
228
365
367
223
81
475
82
98
213
103
221
335
489
275
103
139
221
202
216
92
57
349
500
275
92
145
57
155
249
86
88
151
59
345
86
164
59
402
242
79
82
223
52
190
53
80
52
204
62
72
76
185
46
281
244
74
236
62
54
64
113
229
318
65
245
66
84
81
47
58
140
96
65
59
239
294
339
90
40
50
50
72
57
67
231
265
199
154
37
46
47
70
54
404
37
364
238
229
84
38
43
62
45
422
275
356
237
196
124
30
252
59
39
242
315
110
237
285
124
27
108
65
65
249
324
129
126
125
127
16
138
81
56
253
196
131
56
127
126
4
241
126
72
264
203
141
220
133