
0.010727
0.006563
0.019836
0.006579
0.00588
0.006443
0.010341
0.006232
0.005432
0.006066
0.005346
0.005054
0.010531
0.005812
0.004393
0.005301
0.015715
0.006689
0.010725
0.006217
0.006244
0.009914
0.005233
0.004545
0.005468
0.005193
0.006339
0.005402
0.005177
0.004654
0.009417
0.006013
0.005401
0.010114
0.005817
0.005956
0.014782
0.005196
0.005493
0.006055
0.006861
0.005346
0.012748
0.009759
0.007091
0.006156
0.018262
0.004804
0.004492
0.008163
0.005234
0.011086
0.018715
0.030306
0.010912
0.017621
0.007798
0.009985
0.01766
0.017055
0.015971
0.00846
0.007766
0.013436
0.00927
0.016403
0.021351
0.022675
0.025544
0.009163
0.005547
0.033433
0.008938
0.006143
0.008268
0.007877
0.01394
0.004694
0.009246
0.007954
0.009524
0.012043
0.012098
0.012963
0.013705
0.00604
0.019155
0.013652
0.006006
0.006271
0.006424
0.015226
0.004644
0.017819
0.007359
0.017507
0.005152
0.005442
0.009862
0.008469
0.012222
0.004915
0.00809
0.005627
0.004834
0.007193
0.007779
0.017671
0.005285
0.006322
0.012017
0.010855
0.006172
0.004303
0.011122
0.010099
0.005686
0.014001
0.009379
0.005766
0.010473
0.004871
0.004734
0.009487
0.008244
0.00811
0.008177
0.009004
0.013471
0.029349
0.011694
0.016461
0.011427
0.012199
0.01931
0.006506
0.010358
0.009406
0.003627
0.016059
0.019574
0.016162
0.010685
0.015292
0.01223
0.006769
0.018503
0.007155
0.024227
0.015059
0.014033
0.016914
0.012505
0.016836
0.017724
0.008031
0.016025
0.004332
0.010572
0.006792
0.014252
0.008057
0.00503
0.019348
0.01088
0.017749
0.013581
0.008493
0.018809
0.010632
0.007309
0.030279
0.00876
0.010807
0.008233
0.004298
0.004916
0.021099
0.004273
0.011468
0.009356
0.00892
0.009451
0.011179
0.008526
0.013345
0.004623
0.010356
0.007236
0.007731
0.013247
0.029099
0.016714
0.004342
0.007642
0.005257
0.003241
0.012214
0.006389
0.017111
0.004146
0.00758
0.046389
0.003056
0.021781
0.006251
0.004307
0.027939
0.004893
0.014019
0.008942
0.003054
0.018366
0.014221
0.010615
0.01109
0.006003
0.008315
0.003245
0.010728
0.013165
0.006108
0.010978
0.03491
0.011483
0.023785
0.010276
0.013394
0.006918
0.010888
0.010834
0.005569
0.021636
0.014279
0.021614
0.051351
0.01688
0.025624
0.003124
0.006146
0.008916
0.01116
0.013609
0.013942
0.005497
0.004187
0.014415
0.01273
0.00579
0.003909
0.015922
0.019877
0.012742
0.006212
0.01841
0.009532
0.008229
0.018419
0.024391
0.006356
0.008405
0.009782
0.016305
0.004659
0.00903