
0.000969
0.001068
0.001158
0.001106
0.000944
0.000938
0.000867
0.000823
0.001066
0.001092
0.000958
0.001068
0.00107
0.00104
0.000983
0.00088
0.000994
0.000926
0.00103
0.000862
0.000903
0.001006
0.000924
0.001236
0.000902
0.00089
0.001136
0.000864
0.00102
0.001264
0.001074
0.000869
0.000921
0.001093
0.001238
0.00105
0.001029
0.000919
0.000963
0.000857
0.000948
0.000982
0.000976
0.001171
0.000946
0.000995
0.00106
0.00107
0.000948
0.001091
0.000881
0.001263
0.00293
0.002666
0.001473
0.001282
0.001298
0.001718
0.001384
0.002155
0.001798
0.001329
0.001265
0.001623
0.00179
0.002503
0.002017
0.001616
0.001844
0.001523
0.0009
0.003079
0.001806
0.001142
0.001102
0.001024
0.000985
0.001152
0.001184
0.001052
0.001495
0.001533
0.001059
0.001084
0.000979
0.000873
0.001376
0.002466
0.001108
0.00094
0.000815
0.001052
0.001023
0.001253
0.000979
0.001287
0.001195
0.001073
0.001335
0.001293
0.001155
0.000945
0.001256
0.001121
0.00107
0.001699
0.001845
0.003163
0.001008
0.001374
0.001071
0.000906
0.000966
0.000985
0.001494
0.00109
0.001052
0.001418
0.001094
0.001086
0.000989
0.001151
0.000911
0.001218
0.000956
0.001194
0.001189
0.000863
0.002611
0.001973
0.001395
0.001467
0.001966
0.00192
0.003229
0.001197
0.001268
0.000832
0.000888
0.00164
0.001499
0.001537
0.001114
0.001372
0.00134
0.001281
0.001865
0.001658
0.001881
0.001469
0.001544
0.001904
0.001755
0.001842
0.001547
0.001052
0.001336
0.000989
0.001064
0.002398
0.001343
0.000972
0.001231
0.004407
0.001259
0.001922
0.001082
0.000984
0.001086
0.00085
0.000924
0.002453
0.001092
0.001114
0.001063
0.001064
0.001208
0.003408
0.001057
0.00162
0.001291
0.001009
0.001242
0.001072
0.001169
0.001652
0.001088
0.001595
0.001588
0.001438
0.001106
0.001565
0.001689
0.001378
0.001372
0.000838
0.000863
0.002086
0.001454
0.001019
0.001188
0.00165
0.002484
0.000907
0.002203
0.001139
0.001031
0.001728
0.001054
0.001017
0.001304
0.000921
0.001154
0.000973
0.001005
0.001385
0.001211
0.001157
0.00101
0.00157
0.003004
0.001167
0.001024
0.003244
0.001254
0.001265
0.001346
0.001513
0.00107
0.001002
0.00104
0.00097
0.00121
0.000909
0.001565
0.003136
0.001478
0.001637
0.001004
0.00105
0.001772
0.001038
0.000993
0.000983
0.001002
0.00108
0.001006
0.001135
0.001083
0.001517
0.002215
0.001461
0.001035
0.001145
0.001228
0.000911
0.001484
0.001497
0.001797
0.001099
0.001424
0.001483
0.001454
0.001289
0.001671