
0.060498
0.0931995
0.095537
0.0834682
0.00302693
0.0256952
0.00608719
0.0282146
0.0400675
0.0108106
0.0317156
0.0821514
0.0622277
0.0729586
0.0942345
0.0942345
0.0948568
0.0847855
0.106216
0.0654692
0.0438132
0.0220109
0.0329275
0.033188
0.0434314
0.00137785
0.00101869
0.0347334
0.0868177
0.0648977
0.0641555
0.0522841
0.0513319
0.0617652
0.0617652
0.000872292
0.00906623
0.0232287
0.0042967
0.0229096
0.0093601
0.0093601
0.0222138
0.0222138
0.051151
0.051151
0.190197
0.183673
0.191394
0.191394
0.192742
0.173772
0.120599
0.122904
0.122904
0.279637
0.24699
0.273873
0.251426
0.268249
0.235246
0.252053
0.218987
0.246885
0.0469384
0.0248493
0.0424319
0.032569
0.0422349
0.0447689
0.0447689
0.0574547
0.0628281
0.201982
0.176847
0.20277
0.20277
0.232955
0.206233
0.159936
0.0364845
0.0194346
0.0308251
0.00433971
0.0112207
0.00758773
0.0776574
0.0119548
0.0197385
0.0516802
0.0405003
0.00997948
0.0287271
0.0147693
0.00584067
0.00699744
0.0408865
0.00950572
0.0110563
0.0142912
0.00680104
0.066
0.0359275
0.018265
0.018265
0.0258472
0.0211478
0.0412684
0.0285599
0.0232211
0.0232211
0.00198285
0.00538707
0.00740696
0.0255932
0.0127994
0.00775913
0.00242066
0.00805342
0.000809937
0.00263315
0.0405407
0.0405407
0.00319162
0.017042
0.0215861
0.0114734
0.0135596
0.00697326
0.0190759
0.0140542
0.0140542
0.0168098
0.0108977
0.0152296
0.099
0.0349128
0.0349128
0.0679097
0.0568812
0.0771711
0.0587826
0.0406613
0.073593
0.0350798
0.0679606
0.0401617