
2e-06
1e-06
1e-06
1e-06
2e-06
1e-06
1e-06
1e-06
2e-06
1e-06
1e-06
1e-06
1e-06
1e-06
1e-06
1e-06
2e-06
1e-06
1e-06
1e-06
1e-06
1e-06
1e-06
0
0
1e-06
1e-06
1e-06
1e-06
1e-06
1e-06
1e-06
2e-06
1e-06
1e-06
1e-06
1e-06
1e-06
1e-06
1e-06
1e-06
0
1e-06
1e-06
1e-06
1e-06
1e-06
1e-06
1e-06
1e-06
1e-06
0
5e-06
4e-06
2e-06
2e-06
2e-06
2e-06
2e-06
4e-06
1e-06
1e-05
1e-06
2e-06
5e-06
4e-06
2e-06
3e-06
2e-06
1e-06
1e-06
4e-06
1e-06
0.044023
0.029926
0.027027
0.02409
0.03011
0.029567
0.029214
0.029849
0.028209
0.029668
0.029718
1e-06
2e-06
1e-06
5e-06
1e-06
1e-06
1e-06
1e-06
2e-06
1e-06
0.025117
0.025196
0.022115
0.021406
0.021123
0.020518
0.020508
0.01941
0.019583
0.019123
0.017947
0.055211
0.061444
0.074271
0.014243
0.078787
0.015926
0.018612
0.017337
0.017749
0.079875
0.018631
0.018844
0.05858
0.018436
0.034293
0.019255
0.02028
0.020925
0.021052
0.022112
0.021922
0.022516
0.022756
0.06994
2e-06
2e-06
2e-06
4e-06
3e-06
6e-06
1e-06
2e-06
1e-06
2e-06
2e-06
3e-06
3e-06
2e-06
2e-06
2e-06
2e-06
4e-06
3e-06
3e-06
2e-06
4e-06
2e-06
4e-06
2e-06
3e-06
0.022522
0.021397
0.020619
0.02086
0.020273
0.038444
1e-06
2e-06
4e-06
1e-06
4e-06
0.036121
0.01946
0.019883
0.022076
0.022462
0.067001
0.026906
0.03216
0.021945
0.021559
0.020519
0.063495
0.017931
0.034426
0.01657
0.016361
0.016446
0.019663
0.017841
0.077802
0.024485
0.026894
0.074961
0.040625
0.012544
0.051234
0.081497
0.060969
0.077834
0.01758
0.014976
0.058417
0.068515
0.022059
0.041939
0.027642
0.063748
1e-06
5e-06
2e-06
1e-06
0.026819
0.012485
0.012787
0.013289
0.01367
0.017675
0.018668
0.018447
0.020183
0.020346
0.020279
0.020586
0.028471
0.073112
0.020896
0.018026
0.065612
0.026961
0.020538
0.021056
0.020534
0.020767
0.020051
0.021318
0.021798
0.021881
0.023636
0.064322
0.066146
0.056063
0.061343
0.018752
0.018918
0.057714
0.027571
0.019367
0.028246
0.023056
0.022135
0.018389
0.021362
0.024436
0.064082
0.081597
0.024989
0.021824
0.016813
0.016377
0.016057
0.07652
0.058484
0.063973
0.020877
0.026295
0.038584
0.024444
0.078304
0.052962