
0.013981
0.009197
0.02582
0.009004
0.008288
0.008876
0.013381
0.008556
0.007513
0.008214
0.006769
0.007267
0.012914
0.008101
0.006682
0.007563
0.021455
0.009249
0.014821
0.008355
0.008192
0.013849
0.0077
0.006696
0.007926
0.006928
0.00852
0.007747
0.007521
0.006625
0.013639
0.008532
0.006928
0.013469
0.008072
0.008283
0.020693
0.007673
0.007855
0.007685
0.009628
0.006824
0.016143
0.014209
0.009977
0.008613
0.024496
0.007054
0.006838
0.011813
0.007644
0.015783
0.026138
0.038219
0.01504
0.023365
0.011885
0.01399
0.064198
0.024075
0.025197
0.012543
0.010613
0.018071
0.012972
0.02312
0.029309
0.067675
0.07615
0.013655
0.007932
0.039127
0.012651
0.056278
0.046006
0.041859
0.050554
0.037787
0.042735
0.040272
0.043198
0.044776
0.046423
0.051494
0.057224
0.008617
0.068976
0.022156
0.009213
0.009685
0.01442
0.031739
0.010927
0.030237
0.038763
0.059285
0.032838
0.032881
0.039158
0.036291
0.045198
0.029442
0.034881
0.030711
0.027806
0.069737
0.077307
0.112178
0.024568
0.091164
0.037435
0.038382
0.029904
0.02739
0.103289
0.037595
0.029339
0.084839
0.030935
0.042622
0.033348
0.027744
0.028217
0.033839
0.033313
0.032894
0.033656
0.035136
0.088834
0.040143
0.016296
0.021075
0.017386
0.018446
0.029413
0.009786
0.014551
0.015821
0.005938
0.02163
0.026164
0.021106
0.01475
0.020286
0.016502
0.00971
0.030803
0.013132
0.038113
0.024576
0.018892
0.022705
0.01818
0.022263
0.022184
0.033441
0.045632
0.027092
0.034568
0.029419
0.057165
0.010953
0.00784
0.026143
0.014064
0.025098
0.054615
0.031132
0.045086
0.040336
0.032736
0.109762
0.043673
0.049851
0.036378
0.03094
0.027672
0.108694
0.024478
0.04928
0.029373
0.028435
0.029108
0.033713
0.031425
0.096276
0.031467
0.041859
0.085506
0.052466
0.030117
0.090005
0.109234
0.067501
0.092404
0.030297
0.022113
0.084732
0.081941
0.04975
0.05069
0.041765
0.132634
0.007013
0.030695
0.008979
0.008533
0.074273
0.022415
0.04019
0.029004
0.020379
0.050721
0.041384
0.036125
0.041958
0.033895
0.036411
0.027402
0.042338
0.091311
0.029959
0.032892
0.107421
0.043717
0.050519
0.036386
0.03959
0.030575
0.034882
0.035275
0.030079
0.05115
0.041651
0.092892
0.148455
0.092212
0.107598
0.024968
0.028149
0.072122
0.042759
0.037401
0.047034
0.030447
0.028455
0.03761
0.038492
0.032872
0.072321
0.103819
0.051858
0.038347
0.031971
0.041645
0.028781
0.094342
0.08312
0.115931
0.030051
0.037504
0.060543
0.044942
0.087611
0.065981