
1.5118e+09
0.015638
0.010737
0.027628
0.010623
0.009894
0.010343
0.014959
0.010131
0.009091
0.009766
0.008361
0.008694
0.014368
0.009558
0.008096
0.009011
0.023005
0.010851
0.016416
0.009974
0.009803
0.015455
0.009243
0.008192
0.009431
0.008492
0.010038
0.009264
0.008894
0.007989
0.014988
0.009782
0.008219
0.014829
0.009393
0.009621
0.02212
0.008954
0.009124
0.008998
0.010946
0.008152
0.017637
0.015695
0.011506
0.01012
0.026067
0.008436
0.00825
0.013202
0.01046
0.056349
0.065062
0.061694
0.021622
0.046837
0.076375
0.023657
0.094348
0.053853
0.032771
0.018858
0.059161
0.042525
0.077488
0.061761
0.04003
0.101776
0.118133
0.028313
0.051151
0.070041
0.282254
0.092507
0.065553
0.056757
0.221579
0.072938
0.049845
0.074996
0.07714
0.051451
0.081824
0.085199
0.102686
0.015328
0.171289
0.057797
0.037221
0.190282
0.044924
0.063227
0.017002
0.070838
0.044573
0.083236
0.038546
0.056371
0.044798
0.059015
0.058542
0.188922
0.057266
0.035924
0.064738
0.097826
0.272873
0.261473
0.198646
0.10551
0.185815
0.051294
0.041983
0.106664
0.126374
0.045612
0.037784
0.188147
0.086633
0.055203
0.037076
0.031485
0.041688
0.0377
0.055195
0.039784
0.061455
0.039052
0.117592
0.063606
0.033097
0.07599
0.02676
0.115463
0.059209
0.030163
0.198034
0.028203
0.042582
0.065094
0.035318
0.059685
0.039571
0.063453
0.036561
0.075028
0.039063
0.052939
0.044743
0.056522
0.032556
0.071721
0.028883
0.06587
0.032536
0.059047
0.049362
0.043268
0.193529
0.084961
0.071078
0.04092
0.127052
0.046997
0.086952
0.035962
0.067451
0.034851
0.196743
0.054337
0.040142
0.167996
0.09694
0.065451
0.040417
0.05857
0.039547
0.279026
0.076606
0.061012
0.050347
0.041351
0.061136
0.038835
0.122619
0.105776
0.208003
0.101019
0.157619
0.063472
0.042489
0.15445
0.119588
0.311289
0.108094
0.046321
0.042489
0.148694
0.099648
0.229694
0.101126
0.096055
0.142432
0.074395
0.034635
0.042935
0.042332
0.198992
0.032462
0.050547
0.042529
0.060636
0.058126
0.194083
0.049794
0.045615
0.054782
0.04009
0.213699
0.061035
0.112532
0.042458
0.041307
0.132648
0.059182
0.063495
0.039643
0.052415
0.033891
0.03827
0.053252
0.04016
0.065346
0.045158
0.287613
0.167561
0.102721
0.273983
0.141741
0.039691
0.095884
0.054956
0.043944
0.060696
0.036305
0.05903
0.04088
0.06195
0.038105
0.136788
0.131677
0.064844
0.153967
0.042276
0.04409
0.095439
0.109872
0.099884
0.142651
0.079116
0.09294
0.07554
0.102114
0.189604