
0.001089
0.014147
0.015382
0.022985
0.017
0.016445
0.007289
0.02468
0.024085
0.020915
0.02112
0.005101
0.017936
0.027794
0.009897
0.006651
0.02689
0.027585
0.027099
0.026613
0.028275
0.026474
0.034624
0.090059
0.018755
0.010925
0.024241
0.024965
0.025144
0.017752
0.017441
0.01674
0.00756
0.016656
0.017145
0.020533
0.002969
0.004168
0.002858
0.009294
0.002245
0.008469
0.054342
0.014042
0.002653
0.004489
0.051238
0.008618
0.009365
0.009786
0.010822
0.019282
0.015567
0.022497
0.064668
0.015432
0.004132
0.008517
0.014127
0.010584
0.013064
0.021854
0.016034
0.0165
0.019975
0.015718
0.009386
0.002414
0.050497
0.009277
0.070658
0.014164
0.050727
0.00884
0.002305
0.009524
0.051174
0.048346
0.010409
0.009279
0.004156
0.048005
0.008147
0.008362
0.010271
0.067046
0.003719
0.002466
0.052249
0.06323
0.007195
0.056451
0.003726
0.059558
0.010222
0.007711
0.052541
0.01178
0.002139
0.046466
0.049196
0.006612
0.024897
0.008095
0.002737
0.006809
0.007003
0.009408
0.00272
0.009588
0.009717
0.002568
0.013201
0.014141
0.008367
0.017248
0.01087
0.009319
0.009085
0.009408
0.010233
0.00367
0.012728
0.003886
0.002124
0.008301
0.017099
0.008778
0.00994
0.008508
0.010985
0.05781
0.018461
0.009444
0.007526
0.046475
0.011545
0.012265
0.018164
0.046173
0.05131
0.010974
0.05318
0.002191
0.058684