
17
149
58
126
50
31
15
126
97
17
60
52
52
52
33
158
152
50
436
226
151
393
470
88
237
79
272
226
268
380
410
226
51
483
158
455
153
107
152
151
36
36
42
33
60
157
157
37
81
135
135
135
36
36
60
180
38
62
51
30
47
52
63
19
62
19
13
55
56
16
68
16
42
36
68
56
57
26
16
16
21
28
60
63
39
39
39
40
35
20
25
34
28
61
64
33
38
38
38
35
21
24
21
26
60
64
14
89
86
34
31
41
20
28
105
21
61
67
29
51
99
28
25
39
14
102
64
45
80
101
16
63
269
99
336
92
69
264
231
204
213
264
71
353
130
200
353
112
90
84
114
259
60
271
317
256
40
328
112
44
264
220
58
39
269
367
284
290
360
255
114
23
6
19
279
16
206
258
160
216
328
216
240
37
102
328
13
43
50
72
9
72
94
38
15
50
107
216
90
220
91
106
316
152
90
316
240
220
355
36
33
38
60
211
60
60
60
36
211
68
193
68
90
41
31
28
80
49
64
11
21
60
45
24
60
60
85
220
81
233
233
247
258
342
92
77
194
77
8
47
11
70
76
12
14
26
98
60
116
66
65
11
445
500
44
11
65
81
29
65
26
29
10
27
81
61
28
87
64
19
18
81
57
89
41
57
19
91
38
9
89
11
59
12
90
80
58
17
109
12
81
109
55
89
17
17
93
101
16
38
16
126
24
27
99
54
126
54
132
30
50
136
27
26
19
104
19
44
19
38
27
37
19
91
103
50
39
500
144
165
81
234
330
134
105
130
165
103
130
345
292
103
105
500
292
105
130
130
234
165
338
338
130
130
500
500
497
34
150
18
60
18
45
45
18
55
55
150
27
56
15
150
32
158
23
158
74
30
54
23
62
62
32
21
500
125
500
75
98
79
125
150
150
150
125
345
452
489
125
46
500
428
132
22
129
129
500
428
10
143
142
500
85
439
90
129
142
69
47
13
143
439
290
65
445
148
156
143
125
397
10
6
44
148
148
98
402
94
98
294
161
94