
156
149
155
433
222
143
383
458
282
157
158
152
146
436
226
151
393
470
272
237
190
203
139
259
232
157
157
89
262
135
80
229
210
69
238
69
116
89
239
292
258
212
215
82
85
82
115
89
71
124
258
214
217
89
85
82
114
89
72
123
257
215
217
85
89
86
110
87
83
119
101
218
223
262
234
379
103
84
87
115
112
216
327
264
228
338
113
124
92
136
60
271
317
256
40
328
112
113
264
220
97
272
275
355
230
320
94
107
206
234
136
259
259
343
211
308
343
83
232
211
194
88
83
347
92
234
347
83
234
220
69
147
71
70
204
221
71
251
248
104
65
129
102
65
251
227
67
114
500
110
57
133
121
57
241
131
114
60
500
61
55
338
84
100
93
136
91
97
91
126
50
499
494
150
69
228
91
105
91
126
39
500
144
165
81
234
330
134
105
130
34
500
112
112
112
72
72
112
143
143
32
500
115
500
74
86
77
115
147
147
21
500
125
500
75
98
79
125
150
150
10
143
142
500
85
439
90
129
142
69
6
44
148
148
98
402
94
98
294
161