
0.049472
0.008769
0.004881
0.004384
0.012304
0.004853
0.004363
0.004887
0.008491
0.004767
0.0039
0.004403
0.003923
0.003537
0.008485
0.004229
0.003039
0.003931
0.004342
0.008686
0.005078
0.004477
0.004013
0.004723
0.004715
0.003769
0.004048
0.003806
0.002951
0.004051
0.003813
0.00462
0.004003
0.003711
0.003034
0.00296
0.004423
0.004544
0.004006
0.008097
0.00409
0.004341
0.002987
0.009262
0.003794
0.004032
0.004611
0.005248
0.003888
0.010629
0.004437
0.003095
0.005259
0.004623
0.010348
0.004661
0.003361
0.003119
0.003093
0.003185
0.003858
0.004199
0.004392
0.013902
0.008776
0.015818
0.008489
0.014596
0.005751
0.007376
0.014504
0.013087
0.005049
0.007459
0.006317
0.005771
0.010381
0.006689
0.012273
0.017326
0.019124
0.021098
0.006751
0.004117
0.028308
0.006351
0.062602
0.001908
0.003835
0.002476
0.003419
0.002974
0.002795
0.001811
0.003682
0.006344
0.003872
0.004426
0.00261
0.006445
0.003279
0.006177
0.00315
0.006584
0.00494
0.003083
0.002704
0.060413
0.001886
0.00267
0.003198
0.00723
0.006209
0.007228
0.00938
0.009843
0.006286
0.004198
0.002178
0.011326
0.004616
0.010954
0.004599
0.00989
0.004359
0.004752
0.049569
0.003021
0.0027
0.001979
0.002729
0.003167
0.002103
0.002572
0.003946
0.005192
0.004008
0.003471
0.009155
0.004181
0.002879
0.003249
0.002841
0.008756
0.005885
0.003193
0.005788
0.002933
0.007269
0.007139
0.003231
0.003319
0.003507
0.001847
0.003804
0.002365
0.007664
0.003174
0.006457
0.003312
0.003252
0.006543
0.001812
0.003279
0.00355
0.001779
0.043117
0.001874
0.003207
0.003223
0.002028
0.003448
0.001697
0.001818
0.002115
0.00338
0.003185
0.006177
0.003274
0.004009
0.00197
0.003376
0.00177
0.004939
0.002546
0.005229
0.002916
0.038147
0.002221
0.003343
0.003352
0.002785
0.002824
0.002825
0.001864
0.002197
0.00179
0.001796
0.012808
0.008878
0.036941
0.002177
0.003171
0.003423
0.002031
0.002744
0.002629
0.001768
0.001953
0.001807
0.001769
0.003823
0.001717
0.038086
0.002517
0.0032
0.003475
0.00197
0.001744
0.00202
0.002973
0.001663
0.004396
0.002064
0.009767
0.003817
0.046766
0.001693
0.003171
0.003431
0.001869
0.002995
0.003351
0.001701
0.001806
0.002892
0.001678
0.008907
0.00355
0.004652
0.002852
0.002967
0.002326
0.008165
0.00514
0.007991
0.003611
0.004115
0.001703
0.011295
0.006443
0.046944
0.007472
0.004234
0.008478
0.003315
0.003418
0.007439
0.006574
0.006258
0.006302
0.007301
0.009908
0.016332
0.007713
0.009139
0.013365
0.008339
0.009254
0.014384
0.00473
0.008071
0.068055
0.001862
0.007697
0.002334
0.002482
0.012952
0.016151
0.013337
0.008581
0.012398
0.009588
0.004853
0.014996
0.003471
0.004954
0.001747
0.006066
0.013784
0.002486
0.012229
0.002422
0.011309
0.013508
0.009456
0.013518
0.014468
0.006306
0.006807
0.006306
0.00182
0.003007
0.008521
0.056143
0.001997
0.002186
0.002339
0.002887
0.001485
0.002419
0.00277
0.002008
0.001589
0.003048
0.003966
0.008695
0.003054
0.006402
0.003403
0.013209
0.008662
0.013629
0.002727
0.008455
0.006776
0.006416
0.009401
0.057835
0.003009
0.001979
0.001796
0.002187
0.002229
0.002161
0.002175
0.002781
0.008772
0.003028
0.005778
0.025454
0.005175
0.006939
0.004115
0.008571
0.002733
0.006462
0.002027
0.0029
0.002037
0.00337
0.015749
0.011515
0.059127
0.003809
0.001236
0.001386
0.002751
0.002943
0.001737
0.002467
0.002483
0.003748
0.002904
0.00898
0.007313
0.007124
0.007402
0.009071
0.00399
0.002502
0.010519
0.003182
0.037788
0.001468
0.003004
0.001525
0.002969
0.003967
0.001834
0.001548
0.001848
0.003862
0.003166
0.007747
0.005067
0.003035
0.002699
0.010834
0.024405
0.013481
0.003462
0.002726
0.047455
0.002551
0.00364
0.002735
0.002258
0.001772
0.002727
0.001513
0.002525
0.003737
0.003428
0.00574
0.003408
0.00389
0.004086
0.002161
0.002221
0.008987
0.005253
0.004407
0.002796
0.014512
0.00434
0.040398
0.002799
0.003976
0.002827
0.002026
0.001655
0.003707
0.003642
0.001494
0.003767
0.001541
0.002698
0.002674
0.005393
0.002486
0.016063
0.02352
0.006788
0.00447
0.001954
0.002117
0.018093
0.002954
0.004606
0.002944
0.001665
0.015152
0.007845
0.006463
0.036068
0.002309
0.003719
0.001776
0.001781
0.004045
0.001633
0.002746
0.001658
0.003458
0.002042
0.005233
0.006462
0.002013
0.004108
0.00205
0.004809
0.002499
0.001954
0.002043
0.015339
0.006204
0.011794
0.00222
0.047695
0.002258
0.004755
0.001787
0.001838
0.001722
0.004015
0.001827
0.002992
0.001774
0.002668
0.008642
0.002248
0.004653
0.004005
0.002945
0.001684
0.004258
0.004028
0.006464
0.004344
0.002067
0.00199
0.047752
0.002117
0.008299
0.009167
0.004326
0.008903
0.029619
0.004193
0.004844
0.011752
0.008093
0.003825
0.004059
0.004191
0.006357
0.0053
0.008831
0.008778
0.004071
0.004155
0.014156
0.011908
0.017814
0.038627
0.001956
0.005074
0.001671
0.003133
0.001798
0.002875
0.002951
0.001859
0.003178
0.003201
0.033095
0.010222
0.008956
0.003535
0.007385
0.006231
0.005751
0.002934
0.021202
0.009744
0.045378
0.001959
0.006489
0.00189
0.00527
0.00198
0.003314
0.001871
0.003171
0.003225
0.001991
0.001652
0.044228
0.001674
0.00451
0.006231
0.009072
0.011289
0.011542
0.003993
0.002836
0.011935
0.010346
0.004185
0.002191
0.002289
0.012473
0.004604
0.011843
0.010431
0.043055
0.001442
0.003382
0.001111
0.003176
0.001301
0.004475
0.010777
0.007752
0.00595
0.005331
0.014949
0.019961
0.015092
0.004666
0.006141
0.007284
0.006488
0.013517
0.003173
0.001841
0.044154
0.001362
0.006372