
0.000995
0.000491
0.000522
0.000493
0.000512
0.000543
0.000623
0.000602
0.000548
0.000588
0.000543
0.00055
0.000628
0.000561
0.000548
0.000611
0.000539
0.000643
0.00056
0.00055
0.000606
0.000545
0.000547
0.000538
0.000534
0.000585
0.000544
0.000636
0.000552
0.000546
0.000552
0.000548
0.000713
0.000534
0.000547
0.000587
0.000541
0.000584
0.000547
0.000544
0.000537
0.000636
0.000791
0.00054
0.000573
0.000588
0.000525
0.000613
0.000561
0.000534
0.000601
0.000662
0.000538
0.000603
0.000615
0.000551
0.000545
0.000738
0.000539
0.000585
0.00058
0.000533
0.000547
0.000536
0.00055
0.000537
0.00057
0.00063
0.000562
0.000546
0.000548
0.000544
0.000546
0.000536
0.000574
0.000535
0.000715
0.000539
0.000536
0.000615
0.000548
0.000566
0.000544
0.000541
0.000542
0.00061
0.000544
0.000545
0.000746
0.000553
0.000585
0.000528
0.000544
0.000616
0.000589
0.000553
0.000538
0.000608
0.000536
0.000533
0.000544
0.000538
0.000535
0.00054
0.000543
0.000561
0.000529
0.000531
0.000534
0.000744
0.000537
0.00059
0.000769
0.000528
0.000597
0.000548
0.000542
0.000783
0.000534
0.000546
0.000527
0.000544
0.000538
0.00054
0.000532
0.000536
0.000552
0.000621
0.000645
0.000564
0.000533
0.000538
0.000544
0.000545
0.000591
0.000587
0.000597
0.000543
0.000543
0.000543
0.000548
0.000538
0.000551
0.000542
0.000546
0.000628
0.00054
0.000633
0.000538
0.000571
0.000603
0.000782
0.0006
0.000658
0.000541
0.00054
0.000536
0.00053
0.000534
0.000545
0.000541
0.000547
0.000539
0.000546
0.000673
0.000594
0.000539
0.000525
0.000546
0.000648
0.000546
0.000537
0.000603
0.000543
0.000544
0.000536
0.000541
0.000535
0.000777
0.000536
0.000545
0.000537
0.000578
0.000552
0.000536
0.000726
0.000529
0.000545
0.000541
0.000523
0.000546
0.000544
0.000574
0.00055
0.000638
0.000541
0.000533
0.000537
0.000539
0.000541
0.000818
0.000592
0.000555
0.000538
0.000525
0.000554
0.000655
0.000545
0.000536
0.000549
0.000548
0.000538
0.00062
0.000643
0.000557
0.000523
0.000529
0.000552
0.000537
0.000531
0.000559
0.000571
0.000567
0.000543
0.000558
0.000544
0.000547
0.000589
0.00054
0.000545
0.000545
0.000608
0.000535
0.000552
0.00056
0.000543
0.000748
0.000542
0.000648
0.000538
0.000534
0.000529
0.000569
0.000531
0.000537
0.000551
0.000545
0.000541
0.000542
0.000532
0.000549
0.000548
0.000551
0.000545
0.000584
0.000536
0.000562
0.000573
0.000539
0.00054
0.000536
0.000586
0.00054
0.000535
0.00054
0.000586
0.000552
0.000564
0.000549
0.000537
0.000538
0.000538
0.000538
0.000539
0.000534
0.000538
0.000602
0.000541
0.000538
0.000598
0.000548
0.000534
0.000533
0.000538
0.000551
0.000769
0.000543
0.000601
0.000547
0.00054
0.00054
0.000542
0.000621
0.000548
0.00065
0.000577
0.0006
0.000546
0.000554
0.000552
0.000578
0.000585
0.000533
0.000601
0.000534
0.000532
0.000541
0.000534
0.000547
0.000532
0.000611
0.00054
0.000592
0.00054
0.000553
0.000613
0.000536
0.000565
0.000547
0.000534
0.000533
0.000749
0.000544
0.000536
0.000589
0.000555
0.000582
0.00056
0.000601
0.000626
0.000544
0.000552
0.000553
0.000537
0.000726
0.000694
0.000685
0.000677
0.000705
0.000675
0.000752
0.000755
0.000742
0.000691
0.000684
0.000722
0.000734
0.000684
0.000696
0.000686
0.000712
0.000882
0.000702
0.00068
0.000688
0.000699
0.000688
0.000686
0.000962
0.000683
0.000687
0.00069
0.000776
0.000675
0.000673
0.000772
0.000695
0.000714
0.000677
0.000763
0.000938
0.000754
0.000776
0.000678
0.000682
0.000778
0.00073
0.000698
0.0008
0.000684
0.00068
0.000809
0.000699
0.000689
0.000773
0.000967
0.00071
0.000733
0.000758
0.000722
0.000779
0.000719
0.000838
0.000707
0.00077
0.000724
0.000788
0.00069
0.000794
0.000713
0.000687
0.000984
0.000719
0.000682
0.000717
0.000682
0.000695
0.000715
0.000698
0.000871
0.000667
0.000708
0.000781
0.00068
0.000691
0.000941
0.000684
0.000927
0.000687
0.000757
0.000773
0.00069
0.000715
0.000714
0.000704
0.000772
0.000669
0.000675
0.000678
0.000681
0.000687
0.000708
0.000687
0.000678
0.000694
0.000788
0.000672
0.000677
0.000763
0.000753
0.000671
0.000673
0.000675
0.000691
0.00085
0.000669
0.000682
0.000675
0.000708
0.000948
0.00069
0.000749
0.000703
0.000711
0.000805
0.000702
0.000778
0.000832
0.000727
0.000716
0.00087
0.000683
0.00071
0.000784
0.000788
0.000686
0.00071
0.000678
0.00095
0.000668
0.000706
0.000685
0.00073
0.00067
0.000678
0.000992
0.000692
0.000781
0.000668
0.000688
0.000682
0.00073
0.000682
0.000692
0.000685
0.000883
0.0007
0.000726
0.000743
0.000691
0.000667
0.000683
0.001001
0.000745
0.000762
0.000732
0.000714
0.000684
0.000671
0.000981
0.000943
0.000771
0.00071
0.000971
0.000736
0.000667
0.00095
0.000698
0.000687
0.000783
0.000693
0.000941
0.000785
0.000712
0.000776
0.000689
0.000691
0.000865
0.000743
0.000705
0.000705
0.000749
0.00067
0.000675
0.000696
0.000673
0.00095
0.000697
0.000743
0.00068
0.000737
0.00071
0.000684
0.000741
0.000707
0.000758
0.000701
0.000681
0.000692
0.000732
0.000677
0.000668
0.000707
0.000691
0.000701
0.000775
0.0007
0.000926
0.000858
0.000689
0.000697
0.000694
0.000684
0.000673
0.000697
0.00069
0.000737
0.000736
0.000801
0.000696
0.00076
0.000679
0.00092
0.000782
0.000675
0.000672
0.000683
0.000693
0.00071
0.000714
0.000698
0.000676
0.000781
0.000774
0.0008
0.000795
0.000775
0.000843
0.00095
0.000842
0.000824
0.000825
0.000893
0.000861
0.000816
0.000951
0.000864
0.000886
0.000839
0.000905
0.000855
0.0008
0.001194
0.000759
0.000867
0.000801
0.000786
0.000774
0.000697
0.000692
0.000692
0.000743
0.000989
0.000881
0.000805
0.000907
0.000837
0.000868
0.000896
0.000804
0.000803
0.000817
0.00117
0.000812
0.000811
0.000821
0.000802
0.001114
0.000946
0.000973
0.000835
0.000891
0.000852
0.000861
0.001107
0.000835
0.001172
0.000843
0.000816
0.000816
0.000837
0.000883
0.00084
0.00084
0.000885
0.000832
0.000843
0.000814
0.001139
0.000947
0.00083
0.000917
0.000893
0.000845
0.000835
0.000841
0.000905
0.000845
0.001583
0.002288
0.002386
0.002388
0.001457
0.001433
0.003387
0.002365
0.001193
0.001912
0.001872
0.002301
0.002534
0.001865
0.002295
0.002308
0.001677
0.001333
0.001154
0.000854
0.001083
0.000801
0.000817
0.000808
0.00084
0.000849
0.000831
0.00083
0.001339
0.001799
0.000934
0.000863
0.000844
0.000844
0.001031
0.001317
0.003252
0.000828
0.000886
0.003355
0.002969
0.001446
0.000868
0.001933
0.001887
0.002293
0.000788
0.001167
0.000808
0.000888
0.000831
0.001509
0.001168
0.001011
0.001029
0.000871
0.00084
0.00092
0.000831
0.001119
0.002466
0.00328
0.001476
0.001441
0.00151
0.001069
0.001489
0.001049
0.000988
0.001309
0.00167
0.002388
0.000707
0.000681
0.000811
0.001052
0.000681
0.000739
0.000809
0.000814
0.000679
0.00278
0.00069
0.001683
0.001575
0.001623
0.002621
0.000967
0.003483
0.001147
0.002702
0.000715
0.000686
0.00263
0.001415
0.001411
0.00268
0.001283
0.000779
0.000886
0.000992
0.000938
0.000908
0.000672
0.000694
0.000966
0.000932
0.002643
0.000704
0.001041
0.001381
0.001329
0.001074
0.000709
0.000658
0.00081
0.001731
0.002515
0.000816
0.001035
0.001039
0.00242
0.000824
0.001772
0.002588
0.000681
0.002987
0.000981
0.001786
0.00067
0.000678
0.001342
0.002638
0.000686
0.003005
0.002609
0.000751
0.000684
0.001039
0.000694
0.000959
0.001487
0.001156
0.002704
0.002593
0.003047
0.000709
0.000666
0.000654
0.000676
0.000806
0.000752
0.000779
0.00078
0.000921
0.000718
0.000729
0.000911
0.001827
0.000696
0.000669
0.000701
0.000744
0.003386
0.004055
0.000678
0.000693
0.000799
0.000846
0.000775
0.000819
0.000683
0.000665
0.000712
0.001314
0.001959
0.001017
0.002621
0.002663
0.000967
0.00181
0.000667
0.001152
0.002606
0.002664
0.00152
0.002985
0.002804
0.001596
0.000666
0.001457
0.001408
0.002643
0.002711
0.001414
0.00069
0.00106
0.000712
0.001269
0.001855
0.001858
0.00073
0.002632
0.001799
0.001173
0.002664
0.001596
0.000716
0.002659
0.002715
0.000832
0.000794
0.002816
0.00191
0.002111
0.002703
0.002452
0.002731
0.001559
0.002891
0.001997
0.001741
0.00066
0.001046
0.002764
0.002425
0.002674
0.002065
0.001477
0.000663
0.001063
0.002604
0.001568
0.001121
0.001131
0.002712
0.001144
0.002618
0.000838
0.004319
0.002653
0.002545
0.002656
0.003043
0.002963
0.002616
0.002817
0.002989
0.002884
0.003022
0.003117
0.002951
0.002999
0.00263
0.002651
0.002636
0.002939
0.003333
0.004113
0.003793
0.002913
0.002941
0.002692
0.002972
0.003748
0.002974
0.002976
0.002906
0.002937
0.002701
0.00432
0.002955
0.002982
0.002946
0.002649
0.002588
0.002784
0.002916
0.002946
0.002939
0.002946
0.00302
0.003005
0.002633
0.004315
0.00289
0.004335
0.002923
0.003098
0.002932
0.002965
0.00298
0.002969
0.003012
0.003074
0.002802
0.003001
0.003037
0.002947
0.003106
0.003004
0.00303
0.003039
0.002989
0.00304
0.002921
0.002999
0.003014
0.002895
0.002916
0.002587
0.002582
0.002564
0.002939
0.003125
0.003252
0.003031
0.002972
0.003015
0.002973
0.004367
0.00364
0.002883
0.002622
0.003035
0.002681
0.003152
0.003025
0.003007
0.004239
0.00299
0.002978
0.002946
0.002974
0.002979
0.00298
0.00298
0.002939
0.002983
0.003823
0.002605
0.003617
0.002598
0.002599
0.003033
0.002713
0.002625
0.003085
0.002994
0.00299
0.002979
0.002977
0.002912
0.002694
0.002719
0.002638
0.002683
0.002753
0.002905
0.002683
0.002977
0.003876
0.002566
0.002616
0.000701
0.000658
0.000675
0.000665
0.000889
0.000982
0.000673
0.000678
0.00067
0.00068
0.000668
0.000701