
3e-06
1e-06
1e-06
1e-06
1e-06
1e-06
1e-06
1e-06
3e-06
1e-06
1e-06
1e-06
1e-06
1e-06
1e-06
1e-06
2e-06
1e-06
1e-06
1e-06
1e-06
1e-06
1e-06
1e-06
1e-06
1e-06
1e-06
1e-06
1e-06
1e-06
1e-06
1e-06
2e-06
1e-06
1e-06
1e-06
1e-06
1e-06
1e-06
1e-06
1e-06
1e-06
1e-06
1e-06
1e-06
1e-06
1e-06
1e-06
1e-06
1e-06
1e-06
1e-06
2e-06
4e-06
4e-06
3e-06
2.5e-05
4e-06
3e-06
2e-06
2e-06
5e-06
1e-06
1e-06
2e-06
2e-06
3e-06
3e-06
2e-06
4e-06
3e-06
3e-06
4e-06
3e-06
3e-06
0.025512
0.021007
0.021076
0.022976
0.023309
0.020923
0.021366
0.019239
0.020053
0.025229
0.024839
0.025693
0.025316
0.041057
0.02879
0.029782
0.029124
1e-06
1e-06
1e-06
1e-06
1e-06
5e-06
3e-06
3e-06
0.062054
0.042448
0.019658
0.018715
0.017011
0.017532
0.017362
0.017713
0.017266
0.019486
0.017162
0.024718
0.023124
0.02046
0.022572
0.018774
0.024399
0.019561
0.014835
1e-06
4e-06
3e-06
3e-06
2e-06
2e-06
1e-06
1e-06
2e-06
5e-06
1e-06
1e-06
1e-06
2e-06
1e-06
2e-06
4e-06
1e-06
1e-06
0.019412
0.019439
0.022028
0.019796
0.01927
0.016486
0.015343
0.013891
0.014039
0.020156
0.012937
0.014846
0.054063
1e-06
2e-06
4e-06
3e-06
1e-06
2e-06
6e-06
2e-06
2e-06
1e-06
7e-06
0.063199
0.070576
0.016503
0.012727
0.016622
0.014775
0.018805
0.016448
0.016898
0.014187
0.012867
0.012929
0.0184
0.062097
0.016845
0.05369
0.056312
0.016588
0.015751
0.015998
0.016013
1e-06
5e-06
1e-06
1e-06
7e-06
2e-06
1e-06
0.035124
0.013838
0.057933
0.017066
0.053414
0.07258
0.015266
0.085109
0.013883
0.029343
0.025668
0.083497
0.016445
0.013735
0.014277
0.014523
0.013798
0.015827
0.013625
0.015341
0.015449
0.013036
0.012289
0.011946
0.013908
0.018554
0.013417
0.029559
0.012716
0.01305
0.013831
0.076986
0.011845
0.011804
0.012857
0.014952
0.015644
0.013215
0.015657
0.012083
0.011994
0.012483
0.01247
0.015136
0.051327
0.058562
0.069648
0.05801
0.069432
0.075878
0.086916
0.075885
0.012263
0.012291
0.01279
0.01338
0.071581
0.072267
0.078332
0.077753
0.05698
0.076346
0.073121
0.073428
0.073835
0.064043
0.07616
0.014121
0.075595
0.057055
0.058641
0.072296