
0.022153
0.002414
0.002248
0.002212
0.003523
0.002662
0.004354
0.002032
0.00231
0.002489
0.002166
0.00353
0.001842
0.002042
0.002152
0.003391
0.001964
0.001764
0.001789
0.002012
0.001847
0.001988
0.004943
0.001839
0.001784
0.00489
0.001774
0.004029
0.002081
0.003701
0.001856
0.002923
0.001939
0.001794
0.001955
0.004939
0.002487
0.002272
0.001983
0.002083
0.001943
0.002521
0.002469
0.005041
0.002707
0.004973
0.002809
0.001966
0.002155
0.00221
0.001844
0.002246
0.001857
0.001935
0.002157
0.002298
0.002013
0.002118
0.00358
0.005935
0.006422
0.004706
0.005659
0.005466
0.006447
0.004703
0.00307
0.003562
0.008403
0.007821
0.002285
0.001876
0.00186
0.003353
0.005087
0.006005
0.005156
0.003875
0.004
0.005266
0.005031
0.005383
0.010476
0.004888
0.003756
0.022905
0.001659
0.002216
0.00161
0.001514
0.002181
0.001375
0.001634
0.001842
0.001757
0.002504
0.00127
0.002275
0.001536
0.002379
0.002025
0.002374
0.001741
0.002178
0.001355
0.001841
0.003546
0.001821
0.001278
0.004837
0.001741
0.003729
0.002192
0.002321
0.001386
0.002169
0.002394
0.001237
0.001585
0.003563
0.001506
0.002723
0.001741
0.001433
0.004394
0.00182
0.025058
0.001547
0.002171
0.00202
0.002294
0.004236
0.00321
0.002431
0.003453
0.004159
0.002674
0.002408
0.001767
0.003465
0.002211
0.001213
0.002184
0.003651
0.002482
0.002171
0.005815
0.003899
0.007508
0.002534
0.021534
0.004397
0.00232
0.00646
0.001796
0.006325
0.003585
0.00194
0.003598
0.002001
0.002284
0.002471
0.002124
0.002287
0.0032
0.002498
0.001736
0.002299
0.002167
0.002439
0.004536
0.002323
0.002496
0.002677
0.001903
0.004999
0.004023
0.0195
0.001495
0.001856
0.002723
0.004416
0.00211
0.001675
0.002325
0.013622
0.007259
0.00679
0.002002
0.007141
0.00194
0.004758
0.001751
0.003757
0.005853
0.003159
0.001618
0.009024
0.00458
0.001402
0.001978
0.002456
0.004479
0.00136
0.004129
0.002626
0.002483
0.021145
0.001417
0.001401
0.00137
0.00218
0.001552
0.002104
0.001504
0.002214
0.002013
0.001264
0.005168
0.001297
0.004936
0.001527
0.006034
0.001648
0.02571
0.005079
0.001594
0.001673
0.002861
0.002387
0.002755
0.002776
0.002527
0.002685
0.001729
0.001732
0.002189
0.001731
0.002331
0.004448
0.002932
0.003727
0.003569
0.001802
0.008107
0.002219
0.001361
0.00421
0.004056
0.002447
0.005195
0.003385
0.002542
0.001454
0.002299
0.013956
0.014421
0.00453
0.003094
0.002386
0.002536
0.024886
0.001779
0.002178
0.001332
0.002208
0.001165
0.002297
0.001476
0.001154
0.001625
0.002415
0.001705
0.001613
0.002228
0.001653
0.010988
0.008421
0.003252
0.004556
0.001567
0.003865
0.002807
0.001857
0.002399
0.017848
0.002024
0.003163
0.002979
0.001338
0.002981
0.00152
0.00154
0.001609
0.002702
0.003394
0.003744
0.004016
0.001834
0.004178
0.003076
0.003128
0.001275
0.001919
0.004084
0.001305
0.001247
0.001599
0.001536
0.002147
0.005229
0.002175
0.003496
0.008684
0.005273
0.003661
0.003658
0.002029
0.001419
0.006666
0.004038
0.002475
0.00459
0.002015
0.001823
0.020148
0.001585
0.002302
0.001536
0.002658
0.001613
0.001446
0.001352
0.001374
0.001501
0.002097
0.001506
0.002369
0.001379
0.003405
0.001509
0.001547
0.003093
0.002381
0.002736
0.003171
0.004835
0.007054
0.005205
0.007679
0.004238
0.004008
0.002472
0.001723
0.022228
0.001926
0.002669
0.002757
0.001815
0.002816
0.001874
0.001844
0.002309
0.00177
0.005264
0.005507
0.002949
0.002434
0.004021
0.00302
0.003782
0.002625
0.002171
0.00153
0.007406
0.005156
0.003852
0.001765
0.003882
0.003583
0.018656
0.001666
0.002462
0.001639
0.001486
0.002399
0.001473
0.002193
0.001493
0.001445
0.002524
0.00724
0.005261
0.003158
0.002361
0.009456
0.01199
0.005891
0.009138
0.018809
0.0016
0.002421
0.001506
0.001326
0.001579
0.001446
0.002297
0.001442
0.00148
0.002578
0.002045
0.001465
0.016976
0.001767
0.002581
0.00133
0.001231
0.001466
0.00144
0.002438
0.001669
0.001434
0.002493
0.008591
0.003621
0.00244
0.002462
0.007553
0.006975
0.006118
0.00863
0.002931
0.002343
0.017984
0.002461
0.00264
0.002269
0.002128
0.001478
0.001384
0.002358
0.001535
0.001391
0.001304
0.003136
0.002571
0.002402
0.002366
0.002885
0.002384
0.002933
0.002648
0.002616
0.002105
0.00283
0.002262
0.001489
0.003368
0.001622
0.002943
0.003965
0.002646
0.019314
0.002395
0.002263
0.002554
0.002446
0.00177
0.00151
0.002389
0.001545
0.00128
0.002283
0.001934
0.002405
0.002051
0.001631
0.001572
0.001281
0.002537
0.001378
0.003937
0.001739
0.004059
0.001412
0.001555
0.00153
0.001252
0.001411
0.003125
0.002673
0.01727
0.002549
0.002117
0.002426
0.00152
0.001765
0.001416
0.002365
0.001731
0.001335
0.002153
0.001414
0.003388
0.002743
0.002035
0.002213
0.006617
0.008345
0.016129
0.002719
0.00244
0.002294
0.001314
0.001658
0.001356
0.002544
0.001541
0.001274
0.002336
0.001257
0.001267
0.003226
0.002738
0.001315
0.001278
0.004088
0.003738
0.002426
0.001446
0.001326
0.00202
0.001359
0.002224
0.00145
0.001372
0.018707
0.002621
0.002365
0.002229
0.001245
0.002072
0.001286
0.002337
0.001487
0.001223
0.002627
0.001179
0.001172
0.003255
0.001371
0.002481
0.001229
0.00283
0.002333
0.001347
0.001263
0.002577
0.001538
0.00492
0.0034
0.01208
0.009029
0.005252
0.00332
0.014873
0.002776
0.002435
0.002424
0.00134
0.001292
0.002213
0.001377
0.001212
0.002621
0.009715
0.013011
0.010294
0.004537
0.004147
0.005865
0.016495
0.002691
0.002505
0.002406
0.00142
0.002332
0.001201
0.002182
0.001417
0.001098
0.002697
0.004293
0.004186
0.005841
0.005313
0.017122
0.002719
0.002651
0.002601
0.001423
0.002215
0.001301
0.002369
0.001334
0.00271
0.002564
0.002363
0.003516
0.002742
0.003469
0.002734
0.003099
0.002583
0.009515
0.008709
0.01618
0.002672
0.002687
0.002405
0.001487
0.002272
0.001103
0.002131
0.001608
0.001181
0.002296
0.002113
0.002712
0.033139
0.002752
0.00271
0.002576
0.001483
0.002344
0.001117
0.002181
0.001665
0.001405
0.002221
0.007902
0.006708
0.016501
0.002701
0.002742
0.002224
0.001351
0.002366
0.001117
0.002329
0.001573
0.001243
0.002497
0.010186
0.009232
0.023277
0.001002
0.001104
0.003894
0.003812
0.003366
0.002205
0.007564
0.007943
0.038433
0.000969
0.000902
0.009844
0.008656
0.032448
0.000994
0.000963
0.00506
0.004771
0.00563
0.005282
0.002303
0.002224
0.002596
0.002636
0.013977
0.001047
0.000991
0.004206
0.005194
0.004109
0.00411
0.001613
0.001628
0.028151
0.000947
0.000895
0.005623