
0.000924
0.000929
0.001065
0.00078
0.000919
0.001047
0.000869
0.001012
0.000879
0.000931
0.001057
0.001363
0.001057
0.000974
0.001057
0.000879
0.000878
0.000972
0.00112
0.000868
0.000909
0.001111
0.000891
0.000964
0.000864
0.001226
0.001039
0.000847
0.000836
0.000987
0.000885
0.000913
0.000918
0.000878
0.00094
0.000983
0.001023
0.000896
0.001024
0.000896
0.000903
0.000824
0.001006
0.000967
0.001038
0.000866
0.000886
0.001093
0.000862
0.000997
0.000931
0.001014
0.001073
0.000969
0.001116
0.000868
0.001043
0.000925
0.001233
0.00098
0.001092
0.001103
0.001017
0.000867
0.000909
0.000938
0.001125
0.001046
0.000963
0.001044
0.001051
0.000913
0.00101
0.00087
0.001017
0.000889
0.000982
0.001078
0.001094
0.000817
0.000869
0.001118
0.000946
0.001141
0.000867
0.000819
0.000891
0.00121
0.000957
0.000833
0.000888
0.000878
0.000941
0.000994
0.001137
0.000969
0.001
0.001065
0.001002
0.001074
0.001331
0.000873
0.001009
0.000977
0.001034
0.001013
0.000937
0.001019
0.000938
0.000869
0.001039
0.000989
0.000963
0.001052
0.001065
0.000943
0.000888
0.000922
0.001024
0.000939
0.000993
0.000913
0.001324
0.000792
0.00091
0.001009
0.001096
0.001042
0.001177
0.000975
0.001044
0.001043
0.000959
0.000851
0.001131
0.000872
0.000984
0.000786
0.001058
0.000822
0.000808
0.00105
0.000925
0.000965
0.000967
0.000842
0.001092
0.000969
0.001229
0.001281
0.000908
0.000899
0.001171
0.0011
0.001081
0.000945
0.00097
0.001052
0.001211
0.000989
0.000931
0.001043
0.001074
0.000846
0.000966
0.000861
0.001006
0.000823
0.001115
0.001257
0.000883
0.001199
0.000968
0.001161
0.001019
0.001166
0.000964
0.00098
0.000797
0.001268
0.001091
0.000945
0.000981
0.000917
0.000873
0.000999
0.001089
0.000888
0.000913
0.000988
0.001033
0.001028
0.000949
0.001232
0.000925
0.00111
0.000978
0.000895
0.000857
0.000914
0.000896
0.001074
0.000974
0.000948
0.000962
0.00117
0.001054
0.000999
0.001006
0.001114
0.00084
0.001017
0.001095
0.000875
0.002387
0.000923
0.001331
0.000948
0.001059
0.001004
0.000953
0.000956
0.000878
0.001124
0.000922
0.000944
0.000921
0.001168
0.0008
0.000949
0.00087
0.000933
0.000984
0.001045
0.000904
0.000954
0.001043
0.001173
0.001253
0.001347
0.000927
0.000904
0.000941
0.000967
0.000979
0.001022
0.00128
0.001138
0.000933
0.001009
0.001004
0.000932
0.000974
0.000929
0.0011
0.000971
0.000953
0.00099
0.001016
0.001073
0.001148
0.001054
0.000898
0.001309
0.000838
0.001031
0.000954
0.001086
0.003505
0.000933
0.000887
0.001074
0.001122
0.000966
0.001051
0.000963
0.000847
0.000986
0.000962
0.000962
0.001234
0.000834
0.000901
0.001287
0.001127
0.001081
0.00093
0.001072
0.001092
0.000861
0.001103
0.000863
0.000825
0.001116
0.001001
0.000937
0.000942
0.001178
0.001073
0.001014
0.001223
0.001063
0.000878
0.000879
0.001003
0.000999
0.001087
0.001045
0.001029
0.000945
0.001084
0.00092
0.001107
0.001416
0.000966
0.000855