
0.004849
0.006895
0.006205
0.012031
0.005688
0.006869
0.005609
0.006581
0.005989
0.012445
0.004619
0.021971
0.015585
0.006541
0.005305
0.006511
0.007718
0.007929
0.011596
0.006256
0.01078
0.012747
0.005192
0.005995
0.005075
0.00962
0.014322
0.005074
0.005947
0.005214
0.007057
0.007875
0.006092
0.006258
0.005444
0.008211
0.01409
0.005128
0.011322
0.005827
0.003272
0.007107
0.009244
0.016834
0.00826
0.006799
0.006201
0.00661
0.005228
0.006392
0.004781
0.010864
0.015748
0.005076
0.017559
0.006258
0.008494
0.008171
0.014116
0.006057
0.010213
0.00671
0.003854
0.006578
0.005359
0.008096
0.005953
0.009902
0.010115
0.004579
0.005933
0.008073
0.009394
0.004512
0.003866
0.010497
0.009807
0.013859
0.018605
0.010726
0.004326
0.005926
0.00389
0.005391
0.004199
0.005001
0.005655
0.006542
0.018225
0.004871
0.010453
0.009852
0.022946
0.004857
0.004836
0.016433
0.004527
0.016098
0.009849
0.005994
0.016821
0.004822
0.005409
0.003468
0.006723
0.011584
0.004731
0.010937
0.014554
0.00415
0.005413
0.009972
0.010048
0.00364
0.009154
0.008604
0.010195
0.00709
0.012853
0.010149
0.010534
0.009428
0.011565
0.00954
0.008408
0.016916
0.006943
0.010103
0.009034
0.017748
0.013577
0.00576
0.004895
0.004778
0.005374
0.005658
0.008653
0.006207
0.005774
0.00471
0.005317
0.005802
0.003106
0.005039
0.004807
0.004335
0.011182
0.004601
0.015534
0.008665
0.005138
0.006882
0.004924
0.004599
0.009096
0.005513
0.005336
0.004973
0.010323
0.00482
0.005907
0.008612
0.008557
0.005768
0.006642
0.005063
0.010131
0.006585
0.010934
0.004189
0.007749
0.005387
0.00808
0.010011
0.004659
0.005375
0.005596
0.004283
0.009235
0.006088
0.006405
0.008886
0.019242
0.004716
0.007804
0.007936
0.005412
0.005348
0.005227
0.005229
0.009685
0.005056
0.009056
0.020624
0.009956
0.01737
0.010502
0.013261
0.005801
0.004066
0.005009
0.006134
0.005891
0.016291
0.00579
0.005412
0.012258
0.006351
0.00497
0.012554
0.010969
0.01427
0.011292
0.003803
0.014353
0.005034
0.004358
0.003728
0.010825
0.005067
0.005003
0.004955
0.005935
0.005913
0.005863
0.004837
0.005983
0.012591
0.011587
0.004854
0.005088
0.014152
0.005094
0.005349
0.008823
0.006731
0.005707
0.008065
0.009929
0.012746
0.0087
0.003735
0.004016
0.005696
0.009066
0.005734
0.005999
0.009013
0.010388
0.008031
0.013346
0.006991
0.008851
0.008347
0.006222
0.003928
0.00398
0.007871
0.006379
0.004053
0.004225
0.011468
0.007241
0.010295
0.006532
0.004164
0.00407
0.005522
0.016661
0.008882
0.011167
0.00643
0.02089
0.014366
0.003098
0.004137
0.004119
0.004041
0.01175
0.004999
0.005669
0.002666
0.01433
0.025507
0.015094
0.014302
0.005113
0.006916
0.022871
0.002587
0.338011
0.011996
0.00581
0.005605
0.014541
0.012062
0.012208
0.010249
0.005706
0.012396
0.005644
0.012328
0.012052
0.005276
0.012258
0.016485
0.010248
0.005588
0.00235
0.014552
0.012556
0.002132
0.00586
0.019299
0.005543
0.005395