
0.0638237
0.0638237
0.0870581
0.120058
0.081124
0.103591
0.103591
0.115227
0.0358226
0.0280789
0.0175061
0.029289
0.0414983
0.0310934
0.0219366
0.0219366
0.0445954
0.0445954
0.0683378
0.057635
0.0210757
0.018952
0.018952
0.00799325
0.0174988
0.0174988
0.157139
0.184124
0.161742
0.0119072
0.0290884
0.0114715
0.0269689
0.104368
0.0831774
0.117216
0.107532
0.0975782
0.118833
0.100951
0.0458615
0.00666929
0.0175528
0.0815993
0.0593837
0.00820163
0.0293266
0.0293266
0.0410354
0.0214835
0.0326405
0.0543365
0.0345823
0.0345823
0.0556718
0.0223327
0.00716603
0.00711255
0.01631
0.00685157
0.0864042
0.0955153
0.0660184
0.0794568
0.0652294
0.0704699
0.0363111
0.0466664
0.0353656
0.0569788
0.0569788
0.0201328
0.00292512
0.00739024
0.00450195
0.0172032
0.0175772
0.0156863
0.00793639
0.0142377
0.0142377
0.0425479
0.016078
0.00514606
0.00707823
0.0144928
0.00281242
0.0116605
0.00157977
0.0208266
0.0421145
0.0306905
0.0202648
0.0234455
0.0234455
0.0148143
0.0390624
0.0183748
0.017944
0.0266808
0.02344
0.0113486
0.0176423
0.00545464
0.0263357
0.0539314
0.0189996
0.00524153
0.0560116
0.0868032
0.0382295
0.0590328
0.00990522
0.0429047
0.0429047
0.0513832
0.0474943
0.0474943
0.0474943
0.0414359
0.025308
0.0339575
0.00273331
0.0302829
0.0139449
0.0348305
0.0145165
0.0184901
0.00591599
0.00471771
0.025265
0.0210351
0.0210351
0.0169331
0.012746
0.0536327
0.0367795
0.0669197
0.108934
0.121387
0.126
0.138538
0.118033
0.09896
0.09896
0.0909081
0.099
0.30031
0.245077
0.245077
0.252831
0.215303
0.248303
0.222631
0.217804
0.0942161
0.0942161
0.101885
0.0965471
0.0713447
0.0587223
0.0917212
0.11214
0.0382115
0.0761236
0.0684135
0.0607044
0.0735833