
3e-06
1e-06
2e-06
1e-06
1e-06
1e-06
1e-06
1e-06
1e-06
1e-06
1e-06
2e-06
1e-06
1e-06
2e-06
1e-06
2e-06
1e-06
1e-06
1e-06
1e-06
1e-06
1e-06
1e-06
1e-06
1e-06
1e-06
1e-06
1e-06
1e-06
1e-06
1e-06
2e-06
1e-06
1e-06
1e-06
1e-06
1e-06
1e-06
1e-06
1e-06
1e-06
1e-06
1e-06
2e-06
1e-06
0
1e-06
1e-06
1e-06
0
1e-06
2e-06
1e-06
1e-06
1e-06
1e-06
1e-06
1e-06
2e-06
1e-06
1e-06
1e-06
1e-06
3e-06
1e-06
1e-06
1e-06
1e-06
1e-06
2e-06
1e-06
1e-06
1e-06
1e-06
0.022727
0.025434
0.023645
0.024714
0.024687
0.025511
0.020297
0.056977
0.022721
0.022747
0.022323
0.060479
0.021832
0.022182
0.024057
0.019856
0.020005
0.024503
0.025852
0.024054
0.022837
0.02322
0.021439
0.023085
0.023224
0.019939
2e-06
1e-06
2e-06
1e-06
1e-06
1e-06
2e-06
1e-06
1e-06
1e-06
2e-06
1e-06
2e-06
1e-06
1e-06
0.016687
0.019404
0.01768
0.01966
0.020842
0.020711
0.0614
1e-06
2e-06
1e-06
1e-06
1e-06
2e-06
1e-06
1e-06
1e-06
1e-06
1e-06
2e-06
1e-06
1e-06
1e-06
1e-06
1e-06
1e-06
2e-06
2e-06
2e-06
1e-06
2e-06
1e-06
2e-06
0.017621
0.052731
2e-06
0.016047
0.017931
0.017713
0.016875
0.014429
0.01582
0.01877
0.056005
1e-06
1e-06
1e-06
2e-06
2e-06
2e-06
2e-06
1e-06
1e-06
1e-06
2e-06
2e-06
2e-06
2e-06
1e-06
0.019503
0.017802
0.014437
0.012508
0.012524
0.052009
0.052694
0.012998
0.013095
0.016253
0.016152
0.017509
0.016906
0.016184
0.01614
0.016659
0.016978
1e-06
1e-06
1e-06
1e-06
1e-06
2e-06
1e-06
2e-06
1e-06
1e-06
1e-06
2e-06
1e-06
2e-06
2e-06
1e-06
2e-06
0.058649
0.055252
0.018151
0.017716
0.058306
0.012991
0.012915
0.015373
0.015096
0.014969
0.015135
0.016624
0.013792
0.013786
0.012652
0.050528
0.01295
0.01273
0.012363
0.012566
0.013039
0.015425
0.01282
0.013061
0.015481
0.016494
0.015668
0.016709
0.016473
0.054066
0.05044
0.05202
0.012412
0.012612
0.012416
0.013128
0.012387
0.052263
0.051855
0.051811
0.015358
0.016741
0.015995
0.017246
0.016089
0.018081
0.054875
0.017365
0.015987
0.016487
0.014859
0.053366
0.013079
0.012672
0.012647
0.053325
0.01284
0.012788
0.012829
0.05134
0.046729
0.011753
0.011866
0.052962
0.050688
0.016754
0.020641
0.01962
0.019676
0.019538
0.017112
0.019522
0.05606
0.018565
0.019659
0.019549
0.060111
0.024107
0.022585
0.022203
0.022762
0.024023
0.024311
0.023912
0.024113
0.024407
0.023467
0.014503
0.017512
0.01696
0.016985
0.017427
0.055128
0.054821
0.018972
0.021009
0.020768
0.02108
0.020841
0.018599
0.057323
0.018819
0.058736
0.022214
0.022244
0.022168
0.058615
0.019729