
0.007084
0.009353
0.008036
0.01538
0.008815
0.009482
0.008024
0.008718
0.007842
0.016078
0.006834
0.028433
0.021368
0.00928
0.007554
0.009082
0.010485
0.010075
0.016598
0.008696
0.013922
0.017859
0.007441
0.008397
0.007502
0.01279
0.020021
0.006775
0.008473
0.007324
0.009771
0.010782
0.008237
0.00863
0.008426
0.010991
0.019366
0.007545
0.016116
0.008157
0.005245
0.010017
0.012491
0.021267
0.01102
0.008738
0.008864
0.009178
0.007393
0.009031
0.007255
0.014156
0.019622
0.007437
0.022605
0.008609
0.01118
0.010577
0.019201
0.008759
0.013624
0.008724
0.006039
0.008668
0.007315
0.010559
0.008548
0.01544
0.012898
0.006754
0.008069
0.010719
0.012202
0.00734
0.006263
0.040716
0.041686
0.046382
0.058878
0.042642
0.034461
0.033032
0.064706
0.033343
0.031809
0.033622
0.072134
0.035272
0.054788
0.035946
0.036193
0.036299
0.062535
0.036491
0.034403
0.047304
0.030567
0.044663
0.036616
0.032288
0.043432
0.007421
0.007765
0.005597
0.009751
0.015583
0.007353
0.015978
0.020074
0.006633
0.008163
0.013221
0.013352
0.005645
0.012295
0.011593
0.0302
0.02918
0.034473
0.036119
0.034644
0.033531
0.076653
0.012822
0.011541
0.023529
0.009749
0.013296
0.012167
0.026924
0.019116
0.008237
0.006988
0.007068
0.007751
0.007974
0.011635
0.008927
0.00833
0.007041
0.007537
0.008213
0.0075
0.010584
0.010462
0.009214
0.019755
0.009504
0.045963
0.073817
0.010378
0.028691
0.027701
0.027533
0.038015
0.025819
0.025861
0.028756
0.081321
0.010873
0.012492
0.017358
0.015497
0.010037
0.014502
0.010443
0.017904
0.015456
0.018353
0.008807
0.015256
0.011099
0.016926
0.02117
0.026692
0.028401
0.025957
0.021701
0.028515
0.063404
0.064574
0.032938
0.046952
0.025603
0.029388
0.035889
0.024022
0.023518
0.023591
0.024142
0.029893
0.007297
0.012075
0.02729
0.013994
0.023722
0.015239
0.017494
0.007722
0.005855
0.007366
0.008053
0.007647
0.022096
0.007553
0.008108
0.016145
0.009487
0.066109
0.076198
0.037127
0.045553
0.077198
0.02211
0.034985
0.025803
0.024874
0.023848
0.033323
0.024333
0.024752
0.023121
0.024894
0.063282
0.024701
0.023655
0.024492
0.038606
0.033704
0.027135
0.024656
0.036856
0.027301
0.027353
0.031873
0.030734
0.028713
0.073971
0.073589
0.078338
0.031637
0.021597
0.020863
0.025801
0.027322
0.06576
0.064961
0.069275
0.032742
0.034891
0.044422
0.029663
0.031037
0.034213
0.067197
0.026084
0.024257
0.031972
0.027725
0.06182
0.021868
0.036272
0.027313
0.075925
0.024497
0.021342
0.021936
0.063684
0.071425
0.026761
0.029583
0.066719
0.087921
0.039338
0.027622
0.027424
0.028089
0.029136
0.036307
0.030018
0.067415
0.024963
0.041868
0.055901
0.086806
0.042901
0.030136
0.032017
0.05333
0.028309
0.366631
0.039863
0.032637
0.032878
0.0463
0.034317
0.036509
0.040988
0.028446
0.038263
0.067492
0.07466
0.03939
0.03214
0.040181
0.055155
0.04429
0.030959
0.062718
0.04351
0.077861
0.025788
0.03125
0.048496
0.067346
0.027524