
1.51128e+09
0.008356
0.010736
0.009404
0.016888
0.010371
0.011064
0.00955
0.010281
0.00938
0.017791
0.008527
0.030211
0.023112
0.011114
0.009231
0.010674
0.012154
0.011741
0.018085
0.010181
0.015526
0.019519
0.009021
0.009909
0.008827
0.014202
0.02148
0.008241
0.00992
0.008764
0.011168
0.012249
0.009714
0.010152
0.009846
0.012443
0.020788
0.008902
0.017544
0.009588
0.006577
0.011352
0.013944
0.022915
0.012388
0.010112
0.010292
0.010551
0.008746
0.010484
0.01014
0.050826
0.054084
0.045947
0.054129
0.045849
0.056755
0.043295
0.057036
0.042961
0.054005
0.046007
0.053923
0.046033
0.053906
0.046094
0.056318
0.043658
0.053829
0.04623
0.053547
0.046609
0.055862
0.043925
0.251718
0.06838
0.063319
0.073044
0.086213
0.049794
0.054695
0.039952
0.226411
0.059118
0.037957
0.061826
0.096849
0.041639
0.081606
0.055744
0.045164
0.066072
0.131929
0.052662
0.131434
0.069972
0.035407
0.068488
0.043035
0.094105
0.067339
0.032391
0.066496
0.033565
0.066319
0.033541
0.104132
0.021736
0.042655
0.031512
0.058401
0.041554
0.058626
0.041331
0.052489
0.216775
0.037367
0.050434
0.13154
0.049793
0.050022
0.040191
0.091234
0.063698
0.015471
0.029457
0.059802
0.04019
0.060371
0.039683
0.059152
0.040704
0.058029
0.042011
0.057996
0.041958
0.058132
0.041884
0.095772
0.014736
0.15322
0.030929
0.050555
0.032648
0.066715
0.033145
0.067084
0.032496
0.062575
0.097441
0.015656
0.034221
0.05746
0.032645
0.055284
0.169537
0.04993
0.033755
0.103463
0.015889
0.045218
0.032706
0.067232
0.032788
0.104971
0.016232
0.04722
0.03157
0.209361
0.030476
0.033636
0.067908
0.032044
0.058196
0.177623
0.043683
0.03973
0.057248
0.043423
0.075311
0.076075
0.037744
0.060127
0.030314
0.03382
0.140753
0.035513
0.050425
0.042087
0.058234
0.041573
0.058405
0.04167
0.059827
0.040254
0.100159
0.019253
0.039732
0.040845
0.059171
0.040729
0.096019
0.011667
0.088324
0.011964
0.045281
0.210723
0.060195
0.079102
0.089514
0.041097
0.058267
0.208945
0.032571
0.051609
0.041591
0.052535
0.047457
0.194547
0.035325
0.042636
0.057099
0.042881
0.074089
0.028167
0.055058
0.042692
0.052386
0.187764
0.037958
0.042605
0.058054
0.041924
0.058429
0.041561
0.058336
0.041629
0.123512
0.254438
0.088484
0.043142
0.056972
0.043112
0.056785
0.043186
0.236422
0.076091
0.075371
0.038783
0.1788
0.056192
0.041808
0.245332
0.193046
0.224387
0.037757
0.185854
0.043375
0.041826
0.071703
0.028187
0.057261
0.042793
0.081057
0.027498
0.043732
0.161525
0.112335
0.080748
0.05055
0.043067
0.11428
0.100911
0.052706
0.037739
0.053115
0.23874
0.040689
0.088951
0.042044
0.070739
0.099011
0.246524
0.264267
0.27213
0.056524
0.039901
0.061329
0.056869
0.04261
0.382549
0.0434
0.055792
0.17717
0.234913
0.045342
0.050286
0.043922
0.056591
0.041203
0.080245
0.086973
0.196454
0.045328
0.053746
0.058331
0.050866
0.033922
0.068159
0.046754
0.214179
0.039426
0.039511
0.099076
0.0794