
0.001106
0.003764
0.003818
0.00635
0.006334
0.003713
0.003696
0.003616
0.006047
0.003573
0.003412
0.005811
0.003195
0.02014
0.014067
0.019419
0.01975
0.012969
0.008223
0.018507
0.018661
0.018113
0.019628
0.012827
0.019969
0.060083
0.008605
0.017323
0.018337
0.055501
0.017351
0.01615
0.016052
0.053761
0.016408
0.008095
0.008112
0.00212
0.002299
0.002381
0.009438
0.009415
0.010135
0.046431
0.009367
0.01001
0.008868
0.007791
0.007765
0.007855
0.045513
0.004161
0.016785
0.016669
0.016256
0.016492
0.0111
0.016554
0.0165
0.004862
0.018824
0.016591
0.016638
0.016783
0.054517
0.018003
0.007873
0.016258
0.017502
0.007801
0.010081
0.006813
0.007386
0.007116
0.008414
0.002137
0.007535
0.007746
0.008005
0.008007
0.009349
0.049664
0.008858
0.008807
0.045559
0.045512
0.002292
0.045872
0.008593
0.008742
0.00835
0.002285
0.006696
0.007922
0.002175
0.002256
0.007169
0.006771
0.006894
0.006927
0.002037
0.007238
0.007711
0.007976
0.007965
0.045812
0.001853
0.006667
0.006598
0.006461
0.001776
0.007335
0.002158
0.002038
0.007897
0.002357
0.002095
0.003271
0.00788
0.002276
0.007896
0.006691
0.006853
0.001905
0.001932
0.045788
0.006222
0.006588
0.044109
0.009214
0.009291
0.002527
0.007915
0.046707
0.00836
0.048404
0.002262
0.002487
0.002823
0.009757
0.010754
0.010249
0.011138
0.010542
0.010623
0.007921
0.008097
0.008175
0.009315
0.00886
0.009422
0.009783
0.00257
0.002064
0.002191
0.009999
0.046916
0.008806
0.009261