
49
43
48
28
17
78
14
114
36
48
51
32
78
30
52
68
39
29
102
23
42
50
21
59
8
89
42
24
14
42
39
22
95
60
39
25
142
142
43
32
32
45
39
24
151
381
87
164
374
297
155
381
149
109
151
24
157
381
92
151
157
149
297
81
121
296
309
24
273
250
18
71
24
21
58
51
105
45
17
17
313
180
436
48
321
295
367
303
242
428
126
176
304
257
35
404
278
97
107
126
97
97
86
244
162
137
126
137
43
48
42
40
33
31
17
52
45
118
111
25
33
46
48
50
19
54
22
48
121
23
31
23
51
36
122
50
45
40
48
15
49
54
41
39
41
63
31
23
116
52
47
52
44
31
39
16
89
22
81
89
46
55
40
77
36
15
64
37
93
57
21
40
69
35
40
21
35
35
116
55
35
72
33
34
63
34
31
108
16
33
39
17
65
32
39
17
109
44
74
17
19
17
19
229
126
75
150
112
211
500
117
98
113
126
117
113
114
291
111
268
272
379
308
147
392
97
179
126
268
147
97
112
147
147
112
399
147
120
394
51
41
51
117
51
54
18
54
92
59
117
70
55
54
94
55
54
78
48
69
48
48
48
19
56
89
57
92
31
49
90
91
59
45
48
67
50
50
47
55
48
85
55
67
46
16
49
63
44
45
49
79
47
69
49
53
53
58
72
58
71
45
79
31
65
71
83
68
31
71
65
54
79
69
34
70
77
57
57
59
78
67
71
75
74
75
88
40
56
73
73
15
63
17
72
70
79
40
36
65
76
79
94
69
17
70
103
22
36
70
75
83
41
33
20
84
108
99
67
101
108
41
41
23
76
111
45
32
18
46
111
102
66
23
103
76
111
45
32
18
46
111
102
65
22
38
22
113
44
27
15
48
113
104
62
19
33
31
47
114
65
41
319
50
26
105
54
34
44
42
23
16
28
106
82
88
17
20
17
17
88
9
6
9
76
9
20
107
47
100
67
16
100
10
15
82
78
33
19
47
10
9
12
33
39
33
37
33
15
37
41
33
39
21
37
43
42
12
41
44
53
23
58
44
54
58
40
107
107
24
41
44
54
23
23
44
54
57
39
107
148
110
344
500
370
471
367
59
116
30
107
485
116
110
249
500
29
500
372
116
110
124
127
263
389
490
386
500
127
16
121
16
57
61
10
46
42
47
42
67
11
57
19
17
64
53
64
37
53
37
37
29
59
12
44
29
12
39
44
13
56
62
13
59
141
62
42
65
15
79
14
371
134
500
84
134
397
137
500
7
137
7
134
134
479
137
137