
335
190
289
295
98
78
335
156
279
331
327
226
88
147
92
89
447
286
51
320
209
152
87
161
83
83
467
54
461
341
291
171
24
142
114
97
267
87
284
238
321
452
48
127
97
105
260
285
164
278
43
80
134
181
91
78
241
280
130
118
341
75
114
116
153
357
90
131
126
138
349
72
311
128
65
362
87
189
157
115
96
67
309
131
75
366
82
96
108
110
229
126
75
150
112
211
500
117
98
113
415
147
413
117
168
415
108
172
92
258
78
152
69
120
120
82
110
168
89
256
81
156
67
123
123
85
304
440
85
254
84
89
89
136
381
126
315
71
79
101
110
122
108
134
387
132
88
105
74
105
121
130
97
124
65
137
94
223
69
256
127
134
98
98
326
141
264
227
67
101
129
248
100
99
323
118
263
228
66
257
130
250
100
99
323
119
265
229
65
254
115
251
100
98
319
123
267
232
62
250
128
256
112
111
319
128
57
238
54
254
168
39
34
39
442
39
50
241
47
100
494
328
54
228
99
353
47
99
41
354
500
340
108
358
114
364
54
114
40
107
500
341
110
358
459
366
54
115
39
107
110
344
500
370
471
367
59
116
30
107
124
127
263
389
490
386
500
127
16
121
131
133
505
83
82
80
82
132
11
136
400
131
504
82
398
398
81
82
13
137
371
134
500
84
134
397
137
500
7
137