
0.038357
0.003476
0.005264
0.004583
0.010065
0.00414
0.005121
0.004208
0.004993
0.004559
0.010314
0.003164
0.009289
0.008797
0.006166
0.006508
0.004932
0.003773
0.004956
0.006173
0.006014
0.00438
0.004798
0.004822
0.008842
0.004277
0.005878
0.003835
0.004513
0.003745
0.007464
0.00671
0.004994
0.00376
0.004516
0.003755
0.005507
0.006092
0.004571
0.004774
0.004019
0.006529
0.00501
0.006612
0.003735
0.004013
0.005023
0.004399
0.002152
0.00547
0.007302
0.0065
0.007576
0.006503
0.005244
0.004667
0.0049
0.003863
0.004774
0.003415
0.008821
0.008143
0.005061
0.003642
0.010529
0.00411
0.004772
0.006743
0.006534
0.006657
0.004778
0.004489
0.008195
0.004984
0.002608
0.005087
0.003966
0.006454
0.004275
0.003369
0.004418
0.00822
0.003208
0.004395
0.006461
0.007537
0.003156
0.002619
0.059637
0.002587
0.00352
0.003005
0.001814
0.00174
0.001592
0.003568
0.002868
0.002929
0.008631
0.00253
0.007965
0.001804
0.003437
0.008025
0.001915
0.010982
0.004335
0.002395
0.002723
0.008973
0.002244
0.003075
0.001494
0.004251
0.003091
0.002639
0.001392
0.053072
0.002263
0.003096
0.001331
0.002581
0.001417
0.002062
0.00171
0.001275
0.002018
0.003884
0.002102
0.002969
0.00169
0.003728
0.00278
0.004182
0.002707
0.004723
0.002756
0.011625
0.003783
0.001536
0.003666
0.003606
0.003666
0.008569
0.002245
0.008056
0.002069
0.008471
0.011041
0.002148
0.002091
0.003423
0.002178
0.003288
0.002092
0.049978
0.003951
0.009807
0.003112
0.004604
0.008607
0.007947
0.004335
0.00936
0.004184
0.003493
0.003934
0.002289
0.005032
0.009429
0.003389
0.003865
0.004827
0.004259
0.007818
0.002925
0.00386
0.008097
0.00817
0.002362
0.007263
0.006899
0.04508
0.001966
0.003476
0.001769
0.002374
0.002312
0.003365
0.002805
0.001234
0.001266
0.008378
0.005513
0.010481
0.053707
0.008256
0.001869
0.008527
0.007635
0.009166
0.007829
0.006744
0.010351
0.003619
0.005203
0.00812
0.007054
0.004987
0.009874
0.001776
0.007437
0.003602
0.004231
0.003533
0.003444
0.003771
0.004393
0.006909
0.004752
0.00415
0.003443
0.003986
0.038399
0.002203
0.00208
0.002798
0.002035
0.001885
0.001671
0.002278
0.002126
0.003255
0.004271
0.001958
0.001708
0.003617
0.001937
0.003397
0.002185
0.003122
0.002265
0.009048
0.003276
0.003231
0.001469
0.009093
0.003492
0.003481
0.001752
0.0034
0.003094
0.002613
0.003766
0.003737
0.001884
0.005418
0.002107
0.003333
0.001944
0.003107
0.002398
0.00366
0.003398
0.002043
0.003603
0.004041
0.002451
0.040099
0.00306
0.001645
0.002865
0.002006
0.002973
0.003027
0.001766
0.002724
0.001773
0.003284
0.003875
0.002093
0.003504
0.001838
0.003443
0.00446
0.003964
0.003378
0.003425
0.002959
0.004412
0.003012
0.002894
0.003773
0.001767
0.001965
0.00669
0.002196
0.004461
0.00158
0.005
0.003733
0.003737
0.001932
0.008163
0.002725
0.005084
0.004489
0.008805
0.003097
0.045319
0.003477
0.001767
0.002431
0.002684
0.001623
0.0038
0.001616
0.004542
0.003195
0.001725
0.002627
0.001759
0.006168
0.002942
0.003728
0.002126
0.002614
0.003681
0.001684
0.001718
0.003659
0.004102
0.002163
0.00198
0.003261
0.037258
0.003311
0.001719
0.002405
0.002685
0.002807
0.003228
0.001904
0.001878
0.003456
0.00156
0.00374
0.001979
0.004132
0.0028
0.002954
0.001722
0.007566
0.002337
0.004304
0.002071
0.004627
0.001927
0.003771
0.00325
0.001705
0.003381
0.004064
0.012134
0.002371
0.002384
0.003365
0.001716
0.006244
0.001773
0.002662
0.00349
0.001698
0.001753
0.042773
0.002857
0.003829
0.004006
0.003857
0.003795
0.00776
0.0036
0.007298
0.007434
0.009813
0.008105
0.004432
0.009952
0.002925
0.005572
0.003747
0.007192
0.004369
0.002819
0.003654
0.004478
0.004354
0.003661
0.009964
0.004264
0.003763
0.010038
0.057633
0.003311
0.002978
0.002996
0.003008
0.003191
0.001736
0.003157
0.002598
0.00242
0.004731
0.003599
0.010219
0.003357
0.00907
0.003213
0.002608
0.009222
0.003304
0.003101
0.00912
0.00326
0.036934
0.002985
0.003004
0.003196
0.003078
0.00179
0.003122
0.002768
0.002354
0.002632
0.002855
0.010681
0.002077
0.003713
0.002947
0.002741
0.002874
0.002506
0.002655
0.008808
0.00271
0.044826
0.003041
0.003012
0.002954
0.003019
0.002958
0.002458
0.003027
0.002731
0.002714
0.003586
0.003627
0.00311
0.003591
0.001573
0.004468
0.002923
0.004224
0.003318
0.004359
0.002393
0.003499
0.003114
0.004471
0.003105
0.006394
0.003744
0.003554
0.003016
0.009629
0.00374
0.038953
0.003349
0.00319
0.003125
0.003241
0.003364
0.003713
0.003342
0.00283
0.002454
0.002683
0.003465
0.003407
0.003747
0.003476
0.011991
0.003918
0.003656
0.003547
0.003885
0.002719
0.007245
0.003645
0.005104
0.003533
0.004105
0.003121
0.002487
0.003642
0.002684
0.003573
0.003936
0.00368
0.002112
0.004431
0.036843
0.003861
0.003135
0.003227
0.00316
0.00357
0.003425
0.003498
0.003801
0.002434
0.003538
0.006432
0.003666
0.003734
0.002246
0.004087
0.002788
0.003174
0.002467
0.002552
0.002796
0.002737
0.001744
0.004168
0.003263
0.007276
0.00179
0.004181
0.003476
0.035416
0.003743
0.003622
0.002178
0.002104
0.003466
0.003468
0.003888
0.002367
0.001611
0.004141
0.003366
0.007097
0.004201
0.008485
0.002181
0.003848
0.002316
0.002116
0.002385
0.042223
0.003902
0.003762
0.002183
0.001935
0.001736
0.003729
0.004221
0.003952
0.002282
0.0068
0.004217
0.005357
0.002799
0.005659
0.003054
0.00709
0.001807
0.046361
0.003753
0.004285
0.002244
0.002196
0.001803
0.00295
0.004637
0.004156
0.002377
0.001899
0.006732
0.004234
0.047436
0.004242
0.004367
0.002264
0.001932
0.001651
0.002972
0.004458
0.004259
0.002203
0.001867
0.004562
0.00284
0.0476
0.002032
0.004415
0.00212
0.001813
0.001659
0.00301
0.004198
0.004312
0.00239
0.00175
0.002651
0.002083
0.002719
0.001929
0.043353
0.003388
0.004415
0.003478
0.003238
0.003109
0.002292
0.004125
0.002097
0.002692
0.005939
0.003257
0.00472
0.003004
0.002685
0.001767
0.002759
0.001723
0.00242
0.006939
0.001998
0.004151
0.00574
0.003753
0.004913
0.002942
0.003955
0.001813
0.005159
0.001847
0.002826
0.001606
0.002811
0.001936
0.035662
0.003985
0.001523
0.001091
0.002484
0.003391
0.001454
0.001671
0.005036
0.001953
0.003916
0.003304
0.011717
0.001925
0.004025
0.003074
0.001514
0.00922
0.001691
0.004741
0.003839
0.005472
0.012123
0.003857
0.002954
0.011936
0.00188
0.001877
0.001791
0.002879
0.001585
0.002979
0.001523
0.052143
0.002107
0.002771
0.002765
0.002681
0.002723
0.002738
0.001689
0.002903
0.00183
0.002686
0.002766
0.002935
0.009672
0.00193
0.003605
0.002791
0.004055
0.002938
0.001676
0.001756
0.011968
0.001748
0.052131
0.003168
0.002934
0.003213
0.001884
0.00318
0.002832
0.003263
0.001759
0.004087
0.018103
0.001951
0.058804
0.003058
0.002919
0.003107
0.001757
0.00176
0.002943
0.004202
0.001745
0.012518
0.005292
0.060553
0.001595
0.0118
0.003709
0.005366
0.007159
0.012174
0.001588
0.335364
0.010013
0.00445
0.004007
0.059827
0.001354
0.011957
0.001761
0.036361
0.003444
0.003243
0.001471
0.003019
0.002912
0.002931
0.00305
0.003318
0.001152
0.003085
0.009958
0.001985
0.010115
0.001891
0.004119
0.003849
0.003534
0.003112
0.004081
0.003337
0.010198
0.002999
0.003899
0.003092
0.010077
0.003166
0.010015
0.002923
0.05461
0.003208
0.003353
0.001526
0.002924
0.003208
0.00185
0.002823
0.002887
0.001179
0.003041
0.003883
0.003323
0.010076
0.001787
0.004287
0.009461
0.003643
0.004799
0.004141
0.003923
0.003266
0.002889
0.004019
0.003373
0.001232
0.00135
0.012142
0.003775
0.010278
0.00186
0.05727
0.001146
0.001139
0.004186
0.004139
0.011719
0.004048
0.004015