
1.85199
1.84408
1.84408
1.86264
1.85199
1.85199
1.85199
1.85199
1.85199
1.83735
1.84408
1.83735
1.83735
1.83735
1.85199
1.86264
1.83735
1.83735
1.85199
1.85199
1.874
1.86264
1.91539
1.85199
1.85199
1.83348
1.80103
1.80052
1.74774
1.78194
1.7537
1.73293
1.68868
1.68868
1.66183
1.64035
1.82165
1.80305
1.91111
1.85124
1.69786
1.62197
1.61369
1.57837
1.46348
1.45461
1.37912
1.33348
1.33372
1.21899
1.19401
1.19482
1.13436
1.13347
1.10632
1.09741
1.03584
0.702439
0.651388
0.418599
1.7528
1.75239
0.733751
1.73153
1.74123
1.74774
1.75346
1.75633
1.76453
1.68622
1.68592
1.68592
1.6845
1.68445
1.75759
1.75729
1.68272
1.68255
1.68247
1.68234
1.68234
1.68181
1.68181
1.74699
1.76022
1.76007
1.75173
1.68293
1.37416
1.42452
1.41557
1.4011
1.38384
1.31837
1.30935
1.32717
1.24321
1.24466