
0.00086
0.000899
0.000971
0.004773
0.000924
0.000951
0.000987
0.001063
0.000947
0.001072
0.000881
0.000996
0.000947
0.000935
0.000866
0.000994
0.000912
0.001191
0.000977
0.001107
0.000991
0.001113
0.000932
0.000908
0.00112
0.000967
0.000901
0.000873
0.001002
0.001142
0.000942
0.000903
0.000938
0.000927
0.000946
0.000959
0.001213
0.001034
0.001052
0.000998
0.000958
0.001032
0.00083
0.000867
0.000824
0.00096
0.000864
0.000922
0.000965
0.000919
0.001198
0.000845
0.001769
0.003265
0.001737
0.001335
0.00165
0.001887
0.001823
0.00164
0.001306
0.001819
0.001648
0.001634
0.001453
0.00149
0.001217
0.001206
0.001842
0.001289
0.001294
0.001144
0.001051
0.001256
0.001195
0.001054
0.00098
0.000916
0.001337
0.001031
0.001044
0.001076
0.00121
0.001288
0.001146
0.00103
0.001241
0.00104
0.001102
0.00123
0.001156
0.001344
0.00135
0.001217
0.000969
0.001087
0.001021
0.000989
0.001011
0.000961
0.000925
0.001227
0.000924
0.00097
0.000974
0.000948
0.001082
0.00112
0.000993
0.001013
0.001146
0.001029
0.000985
0.001215
0.000946
0.000963
0.000968
0.003174
0.00119
0.000951
0.004058
0.001541
0.00117
0.001183
0.001308
0.001061
0.001091
0.000997
0.001199
0.000993
0.001031
0.001044
0.000988
0.001046
0.000998
0.001338
0.00158
0.002118
0.001159
0.001159
0.001149
0.00097
0.001045
0.001238
0.00143
0.001692
0.000878
0.001334
0.00121
0.001728
0.001135
0.000998
0.001116
0.0012
0.001647
0.002273
0.001487
0.001084
0.000962
0.001332
0.001543
0.001551
0.001845
0.001524
0.002623
0.001507
0.001469
0.001413
0.001476
0.001256
0.001877
0.001302
0.003579
0.000921
0.000822
0.001949
0.002394
0.00178
0.000991
0.000943
0.001334
0.003533
0.002247
0.001075
0.001079
0.003193
0.001354
0.001648
0.001386
0.001228
0.000943
0.000952
0.001156
0.001116
0.001467
0.001183
0.000824
0.000945
0.001
0.000978
0.002142
0.001343
0.001012
0.001074
0.000975
0.001089
0.001366
0.001323
0.001173
0.001008
0.001166
0.001731
0.000921
0.001059
0.002071
0.002581
0.002195
0.000941
0.000953
0.000976
0.000983
0.000834
0.000969
0.000979
0.000947
0.000952
0.000922
0.001112
0.001038
0.000855
0.001202
0.000952
0.001036
0.001035
0.001304
0.001025
0.001361
0.000925
0.001095
0.00104
0.001012
0.001107
0.000875
0.001156
0.000843
0.001071
0.002153
0.001014
0.001029
0.000893
0.00099
0.001102
0.001153
0.001211
0.001012
0.001185
0.00093
0.001057
0.001863
0.002229
0.000997
0.001136
0.003456
0.00108
0.000943
0.000912
0.001032
0.001141
0.001022
0.002718
0.001599
0.002078
0.000978
0.001017
0.000904
0.001138
0.000973
0.001216
0.00124
0.001814
0.000965
0.001199
0.001744
0.001115
0.001127
0.001005
0.001013
0.001066
0.001036