
0.004572
0.005186
0.00448
0.013704
0.003852
0.009371
0.007834
0.00435
0.004395
0.00952
0.004501
0.004513
0.004435
0.00468
0.004639
0.008113
0.004687
0.009571
0.004355
0.004627
0.011256
0.004567
0.0045
0.00763
0.01443
0.004452
0.006241
0.006315
0.00627
0.005413
0.004707
0.004904
0.004373
0.008024
0.007964
0.004587
0.005764
0.004287
0.01416
0.004459
0.005154
0.004095
0.004595
0.004193
0.004897
0.005116
0.004544
0.008131
0.005019
0.005909
0.009295
0.004802
0.008446
0.017177
0.007451
0.00737
0.009864
0.009487
0.008383
0.012108
0.006593
0.012624
0.008394
0.015229
0.015882
0.013895
0.006364
0.006283
0.018898
0.015121
0.007631
0.005185
0.006626
0.006149
0.011536
0.00456
0.004383
0.005262
0.011168
0.004867
0.010642
0.006133
0.005972
0.006011
0.014945
0.005275
0.010201
0.009088
0.009267
0.015664
0.004946
0.01202
0.006082
0.004761
0.003796
0.008621
0.00498
0.00653
0.005401
0.005221
0.008105
0.010804
0.006665
0.003831
0.005348
0.005615
0.008649
0.009424
0.00491
0.004253
0.012067
0.005013
0.006258
0.007123
0.007567
0.009389
0.008357
0.017781
0.005063
0.005167
0.014896
0.017093
0.00705
0.020195
0.005651
0.009295
0.010384
0.004253
0.008989
0.009656
0.007791
0.005469
0.005836
0.009453
0.007129
0.006791
0.007919
0.010857
0.005398
0.00561
0.006002
0.004274
0.005422
0.011163
0.014178
0.010014
0.004376
0.006964
0.007968
0.012584
0.013067
0.007741
0.007622
0.006897
0.010321
0.015358
0.008368
0.00592
0.004644
0.007115
0.00914
0.007003
0.009253
0.007412
0.035563
0.006388
0.011848
0.008574
0.008685
0.007739
0.013278
0.005675
0.021035
0.008146
0.003522
0.01831
0.009555
0.00776
0.004326
0.004313
0.007346
0.019949
0.018788
0.004573
0.013722
0.015027
0.016885
0.005842
0.006033
0.011626
0.005885
0.00777
0.009511
0.009141
0.016094
0.009203
0.003588
0.00559
0.006151
0.003688
0.018672
0.004797
0.008158
0.013292
0.005058
0.008451
0.004435
0.005275
0.005334
0.003616
0.00408
0.020844
0.003636
0.007815
0.016332
0.008419
0.020832
0.004268
0.011178
0.006843
0.007544
0.010148
0.010242
0.010032
0.007244
0.003137
0.00454
0.010903
0.008565
0.003199
0.022266
0.004747
0.0121
0.008752
0.010259
0.003718
0.0106
0.008406
0.00965
0.004713
0.007292
0.010166
0.009206
0.009065
0.002946
0.008896
0.018585
0.013106
0.010885
0.009553
0.004284
0.016207
0.01166
0.012965
0.004049
0.009816
0.002806
0.004501
0.027268
0.682484
0.00451
0.005538
0.0185
0.009791
0.002429
0.004734
0.013334
0.013104
0.004028
0.02035
0.006991
0.014769
0.014354
0.00654
0.008798
0.015624
0.013162
0.008202
0.014766
0.029319
0.00883
0.013267
0.027617
0.00455
0.015731
0.007116
0.009068
0.013184
0.007218