
0.0282843
0.0282843
0.060498
0.0890628
0.0953664
0.0835535
0.0733544
0.106354
0.09961
0.046021
0.0278432
0.05799
0.0822905
0.126727
0.141492
0.134382
0.130824
0.124362
0.122321
0.122726
0.122973
0.122887
0.122887
0.123186
0.123333
0.122664
0.122598
0.122565
0.122363
0.122431
0.122195
0.121962
0.12183
0.121763
0.121665
0.121665
0.121273
0.121218
0.121218
0.121167
0.121074
0.121075
0.120967
0.0208752
0.0471986
0.131867
0.0487787
0.254243
0.0235073
0.0120747
0.0143733
0.00857266
0.0145719
0.0148417
0.00842029
0.0665096
0.0437952
0.0542792
0.0423001
0.0423001
0.0150134
0.0150134
0.0310868
0.0195879
0.0298677
0.0401902
0.0059737
0.0059737
0.0388553
0.0490541
0.0479093
0.0317382
0.00721834
0.0229763
0.0079765
0.0250182
0.0154323
0.0087573
0.00548156
0.0135377
0.0135377
0.0349927
0.0211901
0.00492159
0.00811331
0.0494286
0.0291366
0.0363413
0.0363413
0.0166667
0.0459634
0.240208
0.193973
0.215112
0.203504
0.202064
0.190495
0.21174
0.21174
0.209875
0.209875
0.252338
0.217188
0.00854744
0.00854744
0.0163557
0.0168564
0.0201039
0.0274413
0.0245576
0.0244046
0.0316176
0.0316176
0.00775473
0.00970435
0.0147266
0.0226197
0.0164136
0.0173671
0.00633089
0.0256931
0.00690174
0.0121588
0.0108959
0.0176611
0.0166853
0.0372624
0.0372624
0.0291004
0.033403
0.195215
0.239382
0.219024
0.236395
0.271797
0.24651
0.26676
0.254096
0.249358
0.249358
0.252377
0.222442
0.155404
0.137804
0.137804
0.29161
0.230095
0.231247
0.251515
0.147377
0.141936
0.098597
0.0680824
0.134543
0.103326
0.0979671
0.118198
0.0800161
0.12687