
2e-06
1e-06
1e-06
1e-06
1e-06
1e-06
1e-06
1e-06
2e-06
1e-06
1e-06
1e-06
1e-06
1e-06
0
1e-06
2e-06
1e-06
1e-06
1e-06
1e-06
1e-06
1e-06
1e-06
2e-06
1e-06
1e-06
1e-06
1e-06
2e-06
1e-06
1e-06
2e-06
1e-06
1e-06
1e-06
2e-06
1e-06
1e-06
1e-06
1e-06
1e-06
1e-06
1e-06
1e-06
1e-06
1e-06
1e-06
1e-06
1e-06
1e-06
1e-06
3e-06
7e-06
2e-06
2e-06
3e-06
3e-06
3e-06
2e-06
2e-06
5e-06
3e-06
3e-06
4e-06
1e-06
1e-06
3e-06
3e-06
2e-06
2e-06
1e-06
2e-06
2e-06
1e-06
0.020308
0.020186
0.020107
0.059007
0.020106
0.020453
0.025746
0.023723
0.079434
0.022405
0.019076
0.021693
1e-06
1e-06
2e-06
1e-06
2e-06
1e-06
2e-06
1e-06
2e-06
2e-06
0.021863
2e-06
2e-06
1e-06
2e-06
2e-06
2e-06
2e-06
1e-06
2e-06
2e-06
0.022852
0.028732
0.023943
1e-06
2e-06
1e-06
2e-06
0.016677
2e-06
0.091144
0.018529
0.017695
6e-06
0.07288
0.026472
0.035713
0.074854
0.023965
0.019757
0.020335
0.023857
0.020518
0.023942
0.022571
0.01951
0.019317
0.018967
0.025801
0.062349
0.067001
0.020106
0.019231
0.020053
0.018987
0.015913
0.019378
0.016505
0.030953
2e-06
3e-06
3e-06
4e-06
3e-06
2e-06
2e-06
2e-06
4e-06
5e-06
3e-06
2.1e-05
2e-06
0.021833
3e-06
2e-06
3e-06
2e-06
0.062344
1e-06
3e-06
3e-06
1e-06
2e-06
3e-06
2e-06
8e-06
1e-06
1e-06
4e-06
6e-06
0.062079
0.012941
0.012976
0.016954
0.065955
0.068752
0.015715
0.012793
0.074086
0.017055
0.030102
0.0164
0.016549
0.01231
0.012752
0.02267
0.013716
0.056843
0.028265
0.018096
0.01586
0.016036
0.016471
0.079791
0.03769
0.014186
0.014503
0.015665
0.013626
0.02625
0.014823
0.016228
0.015126
0.015527
0.028916
0.014462
0.012465
0.066623
0.064319
0.062258
0.015585
0.011786
0.016517
0.015003
0.017854
0.019983
0.019973
0.020098
0.01992
0.021425
0.018404
0.018854
0.017593
0.021632
0.035499
0.01919
0.019586
0.06062
0.024345
0.04984
0.020282
0.022346
0.022275
0.037006
0.021971
0.016132
0.018129
0.01942
0.045951
0.064451
0.02598
0.016674
0.016514
0.016908
0.015368
0.030775
0.02614
0.019466
0.01957
0.019804
0.019882
0.069985
0.06192
0.016646
0.016973
0.059549
0.017891
0.017345
0.017301
0.019122
0.017396
0.015351
0.081677
0.081904
0.069919
0.021843
0.023971
0.024107
0.023239
0.021361
0.060545
0.027531
0.080644
0.023992
0.041943
0.067354
0.054208
0.024308
0.026504
0.027095
0.027203
0.032532