
0.006192
0.007179
0.006832
0.017694
0.006178
0.012612
0.0105
0.006423
0.006917
0.013933
0.006818
0.006938
0.006491
0.007096
0.006901
0.012115
0.006995
0.014327
0.006729
0.006856
0.016122
0.00686
0.006462
0.010359
0.019732
0.006673
0.009099
0.009174
0.009258
0.007807
0.007008
0.007231
0.006549
0.011359
0.012408
0.006887
0.007959
0.006383
0.019771
0.006544
0.007527
0.006178
0.006687
0.005738
0.007093
0.007427
0.006451
0.01104
0.007344
0.008665
0.012606
0.006384
0.012573
0.02171
0.011353
0.011097
0.015004
0.014615
0.01336
0.018312
0.010323
0.0186
0.013103
0.019424
0.023715
0.021185
0.009537
0.009152
0.026952
0.020694
0.011551
0.008261
0.01049
0.009351
0.018053
0.032675
0.031503
0.032201
0.078852
0.030766
0.03973
0.039095
0.036874
0.096151
0.052942
0.029938
0.038245
0.014424
0.014604
0.02337
0.007999
0.018455
0.008405
0.006737
0.008421
0.015641
0.008189
0.031781
0.008554
0.008185
0.011465
0.014785
0.009603
0.006203
0.00848
0.008447
0.013624
0.016694
0.03087
0.03554
0.042615
0.008762
0.009248
0.010087
0.011088
0.029506
0.010987
0.116754
0.025868
0.026375
0.018792
0.095063
0.036874
0.063684
0.082956
0.03856
0.034924
0.026944
0.037825
0.033683
0.034905
0.031113
0.027904
0.032089
0.028671
0.035699
0.073735
0.083446
0.027934
0.027877
0.028984
0.025234
0.023852
0.035489
0.036255
0.051203
0.00664
0.010836
0.012155
0.020988
0.024372
0.010825
0.011199
0.009612
0.015308
0.031176
0.016236
0.010788
0.007385
0.032574
0.013663
0.010186
0.01428
0.011688
0.115453
0.010677
0.019105
0.01277
0.012761
0.010577
0.025979
0.008663
0.042697
0.014652
0.008923
0.031641
0.020153
0.080098
0.021296
0.019542
0.032339
0.098807
0.099889
0.024879
0.037615
0.102986
0.045893
0.041128
0.027182
0.036517
0.023557
0.027841
0.039022
0.029745
0.085715
0.044587
0.02641
0.026795
0.027734
0.025172
0.113238
0.047346
0.02769
0.038663
0.025875
0.028158
0.035504
0.025
0.027771
0.022481
0.023928
0.06501
0.022223
0.029022
0.093638
0.08251
0.097518
0.023452
0.03104
0.030163
0.029966
0.037257
0.036078
0.036824
0.033663
0.027226
0.031161
0.037112
0.03265
0.024984
0.060125
0.046178
0.045146
0.034273
0.078271
0.032158
0.066694
0.03538
0.035548
0.032899
0.047436
0.042477
0.032225
0.036335
0.026515
0.064268
0.105906
0.051041
0.039701
0.032921
0.023349
0.044631
0.050771
0.048698
0.025523
0.035768
0.026345
0.028693
0.119563
0.760132
0.023585
0.025396
0.098035
0.029972
0.022858
0.028591
0.048785
0.045358
0.024945
0.107677
0.097848
0.102404
0.046615
0.033372
0.041594
0.055507
0.044693
0.077093
0.053496
0.123695
0.041662
0.067392
0.120905
0.060521
0.054282
0.038743
0.046457
0.044904
0.049275