
1.5163e+09
0.007655
0.008637
0.008272
0.019097
0.007496
0.013978
0.011967
0.007744
0.008133
0.015208
0.008051
0.00815
0.007703
0.008301
0.008103
0.013336
0.008175
0.015372
0.007767
0.007927
0.017196
0.007908
0.007504
0.011635
0.020988
0.007925
0.010345
0.010475
0.010766
0.009088
0.008282
0.008508
0.007766
0.012703
0.013783
0.00827
0.009283
0.007693
0.021119
0.007918
0.008778
0.007409
0.007923
0.006975
0.008361
0.008913
0.007791
0.012497
0.008773
0.010281
0.015335
0.055116
0.058029
0.046697
0.054021
0.053405
0.049471
0.051114
0.049129
0.044551
0.054679
0.050953
0.050335
0.062717
0.041479
0.041885
0.049442
0.056374
0.045237
0.048363
0.048984
0.050868
0.051251
0.045927
0.176833
0.057965
0.05669
0.056266
0.104582
0.057255
0.108016
0.068136
0.113025
0.283319
0.081114
0.093419
0.064151
0.056112
0.04928
0.050301
0.02635
0.111363
0.131604
0.034936
0.050023
0.049563
0.051105
0.059686
0.032214
0.050359
0.089797
0.039122
0.032941
0.045582
0.039118
0.050836
0.066369
0.048847
0.059811
0.067583
0.073216
0.041324
0.042123
0.05097
0.151869
0.046493
0.105894
0.149469
0.042186
0.04528
0.10669
0.122332
0.10357
0.131569
0.098544
0.131545
0.053948
0.056814
0.055913
0.058696
0.058802
0.049793
0.04582
0.050209
0.084973
0.096017
0.097608
0.116861
0.049822
0.050221
0.051757
0.040946
0.04052
0.153973
0.090977
0.067531
0.051773
0.050596
0.068499
0.033501
0.042239
0.054301
0.051335
0.055199
0.093214
0.069515
0.048054
0.044211
0.051911
0.089716
0.034078
0.018269
0.051957
0.175363
0.1872
0.046585
0.040567
0.01975
0.044745
0.10962
0.043846
0.093996
0.160273
0.02694
0.112284
0.097825
0.08892
0.211596
0.032564
0.054121
0.084448
0.158223
0.123942
0.03451
0.19377
0.124003
0.101576
0.048331
0.050178
0.154632
0.03344
0.070128
0.051145
0.041439
0.107397
0.058617
0.030054
0.05358
0.050356
0.102344
0.299861
0.058419
0.050358
0.049894
0.050077
0.09385
0.041547
0.031109
0.169678
0.034668
0.090204
0.084536
0.043864
0.091604
0.249134
0.138601
0.117229
0.041881
0.051451
0.044233
0.192405
0.051144
0.049704
0.050836
0.049674
0.051184
0.048082
0.050261
0.050365
0.05086
0.118734
0.053086
0.189337
0.048607
0.095391
0.096889
0.081094
0.03965
0.061275
0.096867
0.055007
0.049148
0.195207
0.050231
0.102279
0.115233
0.120586
0.194708
0.051937
0.05022
0.049647
0.098063
0.103804
0.055163
0.202584
0.050007
0.042783
0.234993
0.307344
0.892832
0.034796
0.049896
0.115248
0.153104
0.034407
0.050753
0.059742
0.055587
0.083273
0.168872
0.120214
0.26671
0.06108
0.0501
0.304703
0.068915
0.058147
0.13027
0.282994
0.312578
0.097869
0.118492
0.366442
0.075233
0.069209
0.092975
0.062132
0.224922