
0.000986
0.00163
0.004077
0.006898
0.010942
0.013671
0.012908
0.012743
0.013842
0.009457
0.012254
0.013273
0.013424
0.026135
0.01026
0.01126
0.009715
0.01499
0.010576
0.010402
0.009869
0.010328
0.011611
0.008335
0.008297
0.01918
0.018966
0.018159
0.019075
0.019711
0.060956
0.020812
0.067888
0.019602
0.020797
0.056604
0.018746
0.024691
0.024198
0.020141
0.061767
0.010087
0.023382
0.022978
0.022817
0.023796
0.022851
0.015975
0.016198
0.055938
0.019209
0.018058
0.023434
0.01214
0.012967
0.027471
0.024567
0.02374
0.027123
0.023881
0.016672
0.00844
0.009284
0.01083
0.011423
0.066003
0.016516
0.010876
0.06
0.018297
0.059006
0.05989
0.00855
0.012165
0.012683
0.019442
0.012061
0.018771
0.017876
0.012728
0.012075
0.012341
0.050371
0.052444
0.016037
0.020671
0.016674
0.016731
0.017424
0.010333
0.007331
0.008274
0.050853
0.010701
0.012202
0.012623
0.026279
0.008529
0.008114
0.011492
0.012345
0.017107
0.059501
0.030712
0.021927
0.017813
0.019263
0.051346
0.011958
0.011904
0.016386
0.060468
0.026214
0.011688
0.012585
0.064821
0.011577
0.055652
0.0038
0.007469
0.060563
0.054773
0.056124
0.004325
0.007287
0.010607
0.045148
0.051724
0.014118
0.002152
0.002493
0.012139
0.050538
0.002583
0.002546
0.00269
0.006523
0.019982
0.008164
0.007826
0.01444
0.009407
0.008197
0.008487
0.059712
0.004468
0.007314
0.007473
0.007545
0.007354
0.050789
0.002136
0.002192
0.007863
0.00778
0.047258
0.011005
0.00722
0.04836
0.002566
0.048293
0.012712
0.006682
0.007809
0.002278
0.002703
0.009491
0.009132
0.009621
0.009617
0.010454
0.008889
0.008908
0.009534
0.009972
0.053217
0.002393
0.002211
0.00984
0.011672
0.058791
0.00981
0.010582
0.054599
0.00268
0.002109
0.008774
0.009524
0.059973
0.04664
0.004953
0.002435
0.008244
0.008358
0.007803
0.048957
0.048114
0.002304
0.002617
0.009735
0.002436
0.002476
0.003981
0.002572
0.007942
0.007542
0.011397
0.00786
0.008343
0.008732
0.007888
0.007315
0.054346
0.055225
0.015942
0.014271
0.010574
0.010619
0.058914
0.009853
0.009844
0.048734
0.010845
0.010622
0.052033
0.047362
0.054099
0.011191
0.011066
0.05066
0.011713
0.012313
0.010811