
9
10
9
44
105
42
92
48
44
55
147
147
82
95
20
109
95
98
149
36
84
90
33
84
50
144
40
63
101
91
102
44
111
153
106
161
153
156
111
406
111
201
113
106
167
90
101
149
91
101
90
103
101
110
100
25
149
25
87
145
159
148
253
368
158
61
153
163
134
112
134
47
135
134
212
153
136
184
200
208
6
16
368
253
203
151
148
147
98
195
320
253
148
148
149
148
320
177
400
167
148
148
149
135
202
135
135
133
338
219
143
172
331
199
113
152
91
151
152
147
135
161
202
91
126
80
322
151
254
141
76
148
141
100
290
129
90
81
130
156
72
72
90
287
146
146
149
90
22
17
126
160
133
126
132
83
120
109
12
152
58
70
75
15
67
30
153
123
72
84
116
124
124
127
60
80
118
81
111
48
27
72
54
47
59
51
60
71
53
111
58
21
118
112
21
28
71
55
44
61
71
62
70
21
56
71
20
22
18
71
22
31
16
23
17
66
15
17
51
57
65
19
18
19
15
16
37
12
9
15
10
60
9
57
12
51
7
19
55
44
70
70
58
46
35
19
20
37
66
159
9
54
42
42
44
102
15
15
43
42
16
46
25
41
25
29
51
63
42
90
39
59
43
47
20
27
11
22
19
42
22
22
33
50
35
17
84
34
55
30
41
17
24
17
19
35
16
66
63
90
35
11
72
24
63
22
97
24
16
52
124
17
40
69
78
34
59
23
78
23
78
32
29
102
119
15
70
24
89
23
99
15
17
51
25
20
14
24
28
323
21
162
12
41
53
80
21
65
47
47
25
22
11
39
36
96
64
25
18
26
22
65
42
23
20
59
42
42
36
45
124
23
45
85
23
48
44
59
42
18
86
44
41
25
56
46
16
21
44
47
27
94
46
57
15
40
27
55
16
15
20
46
49
29
96
97
79
26
53
15
362
18
47
50
28
96
215
49
232
90
41
49
381
98
139
139
90
464
90
139
54
232
75
104
23
64
376
137
339
118
102
480
31
65
168
65
65
115
53
166
28
52
27
487
159
19
352
380
267
16
121
338
265
113
159
74
76
37
15
63
80
76
13
82
173
80
128
99
87
97
83
76
38
15
91
80
76
12
82
174
80
80
78
41
11
93
83
78
9
84
78
83
88
12
86
178
500
174
6
183
352
281
53
136
500
365
42
180
9
9
174
149
500
500
172
7
182
500
281
277
500
172
365
81
10