
148
146
105
98
343
190
325
110
98
108
171
100
165
156
100
228
144
105
111
339
167
101
101
149
100
101
195
103
101
340
35
141
368
253
203
151
148
147
98
195
53
159
375
407
185
327
135
152
152
161
126
80
322
151
254
141
200
148
141
163
120
124
121
152
124
158
144
77
125
80
111
48
113
138
118
142
117
112
107
108
112
59
112
137
250
139
119
123
109
107
122
53
107
213
132
107
289
115
104
102
71
46
100
210
126
101
274
100
98
71
259
159
96
187
54
212
222
102
69
54
257
212
90
170
247
100
94
47
79
227
53
46
78
165
166
88
97
46
74
46
60
348
72
158
178
77
246
242
63
386
365
242
70
159
89
77
250
385
63
385
193
73
65
297
308
76
271
377
75
128
73
71
59
292
303
98
287
124
73
330
461
74
56
314
356
83
50
130
76
457
459
76
55
43
356
83
53
133
77
460
79
75
53
42
362
82
53
133
76
460
232
90
41
49
381
98
139
139
90
464
75
104
23
64
376
137
339
118
102
480
487
159
19
352
380
267
39
121
338
265
495
168
15
360
389
275
37
130
344
360
496
167
15
177
500
276
36
130
346
359
499
170
11
180
500
279
35
133
500
362
500
174
6
183
352
281
53
136
500
365
500
172
7
182
500
281
277
500
172
365