
0.035567
0.003229
0.00372
0.003074
0.003248
0.004364
0.002589
0.007494
0.006084
0.002913
0.003007
0.004014
0.003206
0.003122
0.003041
0.003021
0.003254
0.003287
0.002991
0.003115
0.00326
0.00406
0.003176
0.002897
0.003066
0.006094
0.002893
0.003061
0.003103
0.006021
0.008734
0.002858
0.003027
0.004611
0.004718
0.004548
0.003717
0.00327
0.003495
0.002998
0.006155
0.002877
0.003111
0.003147
0.00397
0.002867
0.003623
0.007677
0.002995
0.003625
0.002677
0.003249
0.002937
0.003542
0.003588
0.003174
0.006302
0.00354
0.004422
0.003657
0.003256
0.003424
0.005781
0.012756
0.004973
0.005211
0.007102
0.006626
0.005707
0.004695
0.004276
0.004603
0.009345
0.005955
0.012248
0.007949
0.004515
0.006067
0.004472
0.004455
0.004368
0.007209
0.007415
0.012193
0.005591
0.003559
0.004643
0.004314
0.003502
0.005311
0.036916
0.001772
0.000968
0.001039
0.001915
0.002648
0.002984
0.002609
0.002073
0.002025
0.002255
0.003046
0.00405
0.002959
0.003274
0.003781
0.002619
0.008721
0.003018
0.003333
0.001747
0.008568
0.002985
0.004435
0.00286
0.004126
0.002746
0.004102
0.004278
0.03676
0.003078
0.002427
0.002612
0.003151
0.002608
0.003131
0.003449
0.001603
0.003457
0.002733
0.004188
0.007829
0.002656
0.002975
0.003671
0.001812
0.004045
0.003701
0.003053
0.00389
0.003291
0.003756
0.003467
0.009178
0.003317
0.004936
0.004004
0.004191
0.032588
0.002342
0.00244
0.002371
0.003203
0.00314
0.002498
0.001287
0.003958
0.002616
0.001606
0.003533
0.005016
0.003829
0.003711
0.006409
0.008489
0.005167
0.002563
0.003825
0.004055
0.003081
0.003452
0.003254
0.003791
0.003395
0.002809
0.005845
0.003737
0.003452
0.004607
0.005287
0.005887
0.038594
0.001347
0.001139
0.007467
0.006595
0.012653
0.003385
0.003655
0.009756
0.013858
0.00509
0.010413
0.006117
0.003799
0.003208
0.003858
0.044017
0.002883
0.005048
0.002826
0.002794
0.003943
0.00767
0.006078
0.003851
0.00423
0.007422
0.005515
0.004849
0.005349
0.007787
0.003699
0.003873
0.004285
0.002876
0.003779
0.005456
0.003019
0.035808
0.00222
0.002454
0.007581
0.00355
0.007204
0.004148
0.003125
0.00484
0.005814
0.009581
0.003248
0.006074
0.004139
0.002078
0.002339
0.005861
0.005774
0.004973
0.007573
0.01128
0.006426
0.005999
0.002335
0.004426
0.00179
0.003213
0.005044
0.006658
0.004733
0.006448
0.005249
0.032345
0.003488
0.002935
0.001513
0.001766
0.003216
0.002434
0.001634
0.001948
0.002591
0.010068
0.019276
0.00481
0.004335
0.004873
0.004139
0.006298
0.006351
0.005686
0.004362
0.005581
0.003688
0.003788
0.015524
0.009591
0.024872
0.003282
0.001317
0.00239
0.002385
0.002216
0.002548
0.002226
0.002324
0.002522
0.006457
0.002361
0.002357
0.003001
0.014664
0.004728
0.006368
0.004053
0.005001
0.005497
0.027112
0.002736
0.001509
0.001368
0.002446
0.002274
0.002331
0.002519
0.0033
0.002231
0.002345
0.002916
0.001381
0.003061
0.005306
0.003412
0.014074
0.005095
0.014745
0.003288
0.003057
0.001729
0.003713
0.007344
0.002608
0.001295
0.030421
0.002945
0.001166
0.001333
0.0011
0.002442
0.001158
0.00116
0.00219
0.002466
0.002398
0.010413
0.005926
0.009617
0.004138
0.001674
0.001721
0.003719
0.00167
0.004145
0.001741
0.009356
0.002623
0.030631
0.001925
0.001166
0.001094
0.000957
0.002208
0.00349
0.003043
0.001638
0.002175
0.001046
0.00434
0.001964
0.006095
0.003487
0.007473
0.002428
0.007203
0.002496
0.012943
0.004433
0.007313
0.002611
0.002467
0.001979
0.00409
0.002197
0.004507
0.001781
0.002415
0.001904
0.014939
0.006653
0.041256
0.002649
0.001303
0.002208
0.002155
0.002176
0.003197
0.001689
0.001733
0.003124
0.002299
0.006439
0.002012
0.007028
0.003608
0.001875
0.00215
0.003677
0.001955
0.006616
0.002152
0.002734
0.001922
0.003508
0.0019
0.00372
0.003198
0.040655
0.0026
0.003742
0.002773
0.001905
0.003238
0.001991
0.003161
0.002085
0.00198
0.001659
0.002326
0.0013
0.00264
0.001755
0.017334
0.006585
0.002431
0.001422
0.002475
0.003503
0.0013
0.00194
0.013187
0.005926
0.029948
0.003032
0.001642
0.002071
0.001991
0.003508
0.001763
0.002812
0.001757
0.001764
0.00181
0.005205
0.003778
0.016699
0.004673
0.003
0.001754
0.009049
0.002642
0.005283
0.003311
0.005841
0.003716
0.049164
0.003136
0.001531
0.002009
0.001737
0.003328
0.001757
0.003879
0.001923
0.00179
0.002163
0.008258
0.004092
0.008209
0.001909
0.008116
0.002376
0.005706
0.003559
0.001947
0.002206
0.003216
0.002144
0.008642
0.002519
0.006781
0.001488
0.002107
0.002068
0.010995
0.007633
0.001799
0.004236
0.003397
0.002939
0.00326
0.006538
0.00211
0.004728
0.047527
0.004436
0.001634
0.001888
0.002046
0.001645
0.003894
0.001612
0.001714
0.001999
0.006898
0.001944
0.007995
0.002225
0.002441
0.001591
0.008362
0.001961
0.006723
0.002732
0.007571
0.00324
0.00258
0.005508
0.004936
0.003043
0.001705
0.002212
0.007365
0.002299
0.045268
0.0038
0.001651
0.001967
0.002277
0.002173
0.00176
0.001844
0.001512
0.003098
0.003515
0.007034
0.004793
0.001863
0.002228
0.003613
0.003338
0.001756
0.001783
0.007293
0.007156
0.004266
0.00469
0.001822
0.009013
0.002078
0.003015
0.044445
0.002164
0.001718
0.001848
0.002202
0.002125
0.003084
0.00286
0.00182
0.003153
0.005299
0.003389
0.003835
0.001774
0.007698
0.002189
0.003035
0.001964
0.011482
0.002065
0.002041
0.009313
0.002405
0.010405
0.00386
0.00278
0.045614
0.002589
0.001934
0.001769
0.002163
0.001765
0.002314
0.002983
0.005784
0.002061
0.003704
0.007643
0.002395
0.001681
0.001965
0.003138
0.00151
0.045631
0.002329
0.002079
0.001746
0.001615
0.001563
0.001795
0.003103
0.003031
0.001983
0.0039
0.022349
0.009046
0.040177
0.00205
0.001725
0.001694
0.001749
0.002993
0.003371
0.002065
0.003902
0.661855
0.014025
0.005007
0.051041
0.001589
0.003134
0.003877
0.01328
0.011292
0.007973
0.040221
0.001309
0.001369
0.001452
0.003379
0.003452
0.00721
0.003435
0.004632
0.003364
0.003409
0.007145
0.00367
0.003802
0.002692
0.003266
0.016098
0.005048
0.003839
0.005059
0.006499
0.006041
0.003614
0.061312
0.001353
0.001275
0.011929
0.004078
0.004918
0.006836
0.003831
0.058663
0.003767
0.003059
0.001161
0.003277
0.003469
0.003536
0.001744
0.003532
0.004974
0.003871
0.006974
0.005627
0.004369
0.004049
0.010695
0.003925
0.006255
0.004811
0.011715
0.004844
0.048699
0.003626
0.002938
0.001286
0.003647
0.003687
0.003582
0.001617
0.003499
0.004807
0.003549
0.024906
0.005804
0.052362
0.004183
0.003116
0.001155
0.003935
0.003737
0.003719
0.001572
0.003524
0.003892
0.004289
0.006831
0.003838
0.003376
0.007378
0.001688
0.003781
0.02257
0.011285
0.064022
0.001275
0.003238
0.011441
0.001277
0.005278
0.001304
0.001228
0.004189
0.00118
0.006939
0.004937
0.010643
0.057351
0.001225
0.004235
0.00122
0.003823
0.00116