
9.3439e-05
9.0999e-05
1.7979e-05
2.4548e-05
2.8644e-05
2.7345e-05
4.4406e-05
3.0828e-05
2.6021e-05
2.6985e-05
4.408e-05
2.5361e-05
3.1151e-05
3.4606e-05
3.5507e-05
4.4271e-05
5.7955e-05
3.1135e-05
4.0196e-05
2.8491e-05
3.2504e-05
3.4542e-05
3.4528e-05
2.1423e-05
3.0655e-05
1.8077e-05
3.109e-05
1.8126e-05
3.1878e-05
2.893e-05
3.4892e-05
2.9744e-05
3.403e-05
3.4018e-05
2.6213e-05
4.5842e-05
1.5099e-05
1.8129e-05
3.2357e-05
3.6564e-05
1.5287e-05
3.3223e-05
3.2245e-05
2.8158e-05
3.8505e-05
2.1091e-05
2.7514e-05
2.8033e-05
1.7491e-05
2.2397e-05
3.525e-05
2.8069e-05
2.9545e-05
3.4012e-05
2.6744e-05
2.4569e-05
1.442e-05
2.8439e-05
3.4788e-05
3.0465e-05
1.5343e-05
2.6363e-05
2.8455e-05
1.8616e-05
2.8779e-05
2.0665e-05
1.4432e-05
1.8791e-05
3.1767e-05
1.5341e-05
3.373e-05
1.5318e-05
2.6289e-05
3.0793e-05
3.1508e-05
2.623e-05
3.401e-05
3.4056e-05
1.6046e-05
1.8875e-05
1.5129e-05
2.8229e-05
3.1484e-05
2.9059e-05
2.8096e-05
3.4348e-05
1.6139e-05
3.8335e-05
2.0385e-05
3.199e-05
2.1271e-05
1.7529e-05
2.8033e-05
3.9098e-05
3.5537e-05
3.8425e-05
2.0151e-05
3.118e-05
3.7644e-05
3.389e-05
5.3493e-05
4.7614e-05
4.3487e-05
3.2556e-05
1.776e-05
3.2696e-05
3.7333e-05
3.3278e-05
3.4268e-05
3.1608e-05
1.7384e-05
2.8039e-05
3.8224e-05
3.4551e-05
3.3896e-05
1.8026e-05
3.3128e-05
3.2908e-05
3.9751e-05
1.8832e-05
3.0722e-05
2.7934e-05
3.7334e-05
4.5005e-05
2.2042e-05
5.332e-05
3.6285e-05
2.6336e-05
3.6671e-05
4.0545e-05
4.0521e-05
2.5785e-05
2.6e-05
5.6522e-05
3.9128e-05
4.8966e-05
3.8407e-05
2.7914e-05
2.8392e-05
2.0491e-05
1.8229e-05
3.3113e-05
3.3377e-05
3.1376e-05
4.7129e-05
2.9201e-05
4.3094e-05
3.4541e-05
4.333e-05
4.5059e-05
3.5238e-05
3.7557e-05
4.1954e-05
2.0338e-05
4.025e-05
1.7855e-05
2.8486e-05
2.1637e-05
3.4068e-05
2.7594e-05
1.8219e-05
2.5603e-05
3.2877e-05
1.8335e-05
2.8765e-05
2.0486e-05
2.816e-05
1.8667e-05
1.9158e-05
3.9409e-05
2.0421e-05
3.8054e-05
1.7613e-05
3.7012e-05
3.0349e-05
3.8345e-05
2.7435e-05
3.0272e-05
2.5721e-05
2.7537e-05
2.0091e-05
3.0356e-05
3.1089e-05
1.8035e-05
3.4612e-05
2.83e-05
2.8825e-05
3.2845e-05
3.0448e-05
3.2429e-05
3.0435e-05
2.1117e-05
2.7368e-05
0.000107061
2.353e-05
1.78e-05
2.837e-05
2.5434e-05
2.7791e-05
2.8595e-05
1.8311e-05
1.7549e-05
2.6787e-05
2.7513e-05
3.4602e-05
1.7252e-05
1.789e-05
3.1097e-05
2.0585e-05
3.8947e-05
1.8127e-05
1.8125e-05
3.4661e-05
3.6743e-05
4.0707e-05
3.4337e-05
2.589e-05
2.5965e-05
2.8645e-05
3.7818e-05
2.0674e-05
2.1608e-05
2.7705e-05
2.0827e-05
3.5098e-05
2.7874e-05
3.4876e-05
2.8231e-05
2.6312e-05
2.5312e-05
3.0257e-05
1.8208e-05
2.7965e-05
2.114e-05
3.4021e-05
2.5078e-05
2.7336e-05
3.8275e-05
2.6897e-05
4.0955e-05
3.1734e-05
3.7804e-05
1.8342e-05
2.8057e-05
3.8187e-05
3.1857e-05
1.8155e-05
3.5932e-05
3.0385e-05
3.5108e-05
1.8257e-05
1.4954e-05
3.0413e-05
3.9779e-05
2.6776e-05
2.1271e-05
3.746e-05
3.1318e-05
3.8686e-05
1.8592e-05
3.3633e-05
2.6328e-05
1.7823e-05
3.1005e-05
3.8826e-05
2.8368e-05
2.5846e-05
1.797e-05
2.6153e-05
3.433e-05
2.5361e-05
2.7043e-05
2.5663e-05
2.6938e-05
2.5696e-05
2.5698e-05
2.6991e-05
2.5297e-05
2.6896e-05
2.6107e-05
2.5579e-05
2.6996e-05
2.532e-05
2.7052e-05
2.6006e-05
2.6514e-05
2.7202e-05
2.5659e-05
2.8856e-05
2.7157e-05
2.5483e-05
2.7709e-05
2.7058e-05
2.6498e-05
5.3171e-05
2.7525e-05
2.6609e-05
2.6078e-05
2.7426e-05
2.6369e-05
2.7974e-05
2.631e-05
2.6532e-05
2.551e-05
3.2731e-05
2.6376e-05
2.6231e-05
2.5254e-05
2.6618e-05
2.5906e-05
2.7043e-05
2.4913e-05
2.5329e-05
2.7202e-05
2.5199e-05
2.5668e-05
2.6655e-05
3.653e-05
2.5763e-05
3.6891e-05
3.4876e-05
1.8017e-05
2.7044e-05
2.6535e-05
2.5524e-05
2.6573e-05
3.1574e-05
2.5828e-05
2.6293e-05
2.5916e-05
2.6478e-05
2.589e-05
2.9883e-05
4.0448e-05
2.548e-05
2.6955e-05
2.5661e-05
3.2947e-05
2.5152e-05
3.4956e-05
2.6375e-05
2.6012e-05
3.4361e-05
2.5406e-05
2.5572e-05
2.6742e-05
2.6799e-05
2.6474e-05
2.6444e-05
2.6234e-05
2.6086e-05
2.4906e-05
2.5977e-05
2.6883e-05
2.6282e-05
2.7391e-05
2.6132e-05
3.3752e-05
2.31e-05
2.6962e-05
2.5594e-05
2.6099e-05
2.6155e-05
2.6139e-05
2.65e-05
3.2561e-05
2.6303e-05
2.6021e-05
2.5615e-05
5.2648e-05
2.9217e-05
2.6686e-05
2.5416e-05
3.6573e-05
2.5622e-05
2.6084e-05
2.7054e-05
2.6713e-05
2.6106e-05
2.7096e-05
2.6201e-05
2.6786e-05
2.7471e-05
3.5132e-05
2.6184e-05
2.7163e-05
2.653e-05
2.6175e-05
2.6474e-05
2.8043e-05
2.496e-05
2.2668e-05
3.4719e-05
2.2372e-05
4.3743e-05
2.1026e-05
1.8371e-05
1.5588e-05
3.1463e-05
3.0415e-05
3.2235e-05
1.7931e-05
3.0519e-05
2.8593e-05
3.2993e-05
3.8362e-05
2.5961e-05
1.6359e-05
1.9944e-05
3.1571e-05
2.9099e-05
4.7852e-05
2.0991e-05
4.1427e-05
3.0076e-05
3.0874e-05
4.0861e-05
4.9547e-05
3.9853e-05
1.7832e-05
3.439e-05
3.0739e-05
1.7932e-05
2.8132e-05
2.1665e-05
2.7264e-05
3.1175e-05
3.0918e-05
1.7618e-05
1.5198e-05
1.8303e-05
1.5871e-05
3.1955e-05
1.5516e-05
1.5287e-05
1.9782e-05
1.5479e-05
3.5005e-05
3.4347e-05
1.6053e-05
2.5787e-05
4.4467e-05
2.5606e-05
2.7197e-05
2.689e-05
1.6646e-05
4.9837e-05
3.9365e-05
2.5206e-05
5.8762e-05
2.4362e-05
2.3197e-05
6.9923e-05
5.1266e-05
2.2603e-05
2.1555e-05
1.5304e-05
2.6316e-05
2.8006e-05
1.5956e-05
2.6957e-05
1.5342e-05
3.1005e-05
1.6512e-05
1.5094e-05
2.6676e-05
2.6751e-05
1.5565e-05
2.8201e-05
3.1812e-05
1.8426e-05
1.5722e-05
1.8416e-05
3.4747e-05
1.9397e-05
1.5363e-05
1.5622e-05
1.5255e-05
1.6092e-05
3.4685e-05
1.5762e-05
2.6974e-05
3.2275e-05
1.5856e-05
1.6023e-05
1.5842e-05
3.3001e-05
1.6849e-05
2.7981e-05
3.2377e-05
2.1599e-05
4.139e-05
2.5416e-05
3.4986e-05
4.6388e-05
1.5802e-05
2.9451e-05
3.452e-05
1.9707e-05
3.4553e-05
1.9747e-05
2.7104e-05
2.1068e-05
2.7597e-05
1.5598e-05
2.64e-05
1.7578e-05
2.0033e-05
3.1821e-05
4.2734e-05
2.7559e-05
2.6546e-05
2.6046e-05
2.2477e-05
4.3803e-05
2.4214e-05
1.9169e-05
2.8698e-05
5.2475e-05
3.2854e-05
1.6017e-05
3.7782e-05
3.4009e-05
2.8708e-05
1.6072e-05
3.5005e-05
1.9097e-05
1.7761e-05
3.4952e-05
2.2725e-05
1.6276e-05
2.0025e-05
2.8695e-05
3.1099e-05
2.0534e-05
2.109e-05
4.3613e-05
1.8836e-05
6.501e-05
2.7858e-05
1.98e-05
2.1485e-05
4.2186e-05
4.3029e-05
2.0039e-05
2.1892e-05
1.788e-05
1.6963e-05
5.0585e-05
4.9143e-05
1.6538e-05
2.3592e-05
1.7631e-05
4.2401e-05
1.8933e-05
8.4066e-05
3.7851e-05
2.9098e-05
1.8604e-05
3.2921e-05
2.3224e-05
3.3265e-05
4.5469e-05
1.8721e-05
3.1669e-05
3.0221e-05
2.9415e-05
2.1346e-05
3.5727e-05
2.6812e-05
7.6963e-05
3.3679e-05
4.5938e-05
4.1842e-05
3.1583e-05
3.2327e-05
2.0098e-05
3.0342e-05
3.498e-05
3.0261e-05
2.7351e-05
3.1293e-05
3.1506e-05
2.6789e-05
3.4163e-05
7.5789e-05
2.0724e-05
3.4244e-05
4.6059e-05
1.9364e-05
5.6909e-05
2.4104e-05
3.3995e-05
4.0981e-05
1.7482e-05
2.3045e-05
5.8853e-05
7.6656e-05
3.0348e-05
3.1344e-05
2.554e-05
4.0623e-05
4.6419e-05
2.8289e-05
2.8346e-05
2.4999e-05
3.3602e-05
2.8711e-05
3.4005e-05
6.9374e-05
2.1803e-05
5.1225e-05
5.4461e-05
4.0567e-05
3.8185e-05
2.7481e-05
7.6572e-05
2.1214e-05
1.7495e-05
1.9789e-05
0.000100467
4.7637e-05
3.9684e-05
2.8203e-05
6.0672e-05
3.1542e-05
7.7302e-05
4.283e-05
3.1937e-05
3.2259e-05
7.3608e-05
2.1286e-05
0.00010585
4.0548e-05
2.0899e-05
5.8432e-05
2.7955e-05
3.7652e-05
6.8152e-05
4.523e-05
6.6741e-05
6.728e-05
4.4075e-05
3.8337e-05
4.8057e-05
2.6959e-05
4.5831e-05
2.0597e-05
2.0608e-05
2.1022e-05
4.0619e-05
4.4234e-05
1.8039e-05
3.0002e-05
3.4285e-05
2.152e-05
2.0132e-05
3.4609e-05
3.0237e-05
4.0459e-05
3.2328e-05
3.7641e-05
3.9845e-05
5.9546e-05
3.0521e-05
3.8207e-05
7.1296e-05
2.7263e-05
5.3397e-05
4.6402e-05
4.144e-05
3.89e-05
1.7255e-05
1.8718e-05
2.7648e-05
2.5156e-05
8.5353e-05
2.7989e-05
3.0239e-05
2.2492e-05
3.4523e-05
3.1856e-05
4.6907e-05
1.8406e-05
4.6195e-05
1.7162e-05
3.8256e-05
3.7564e-05
3.1025e-05
3.7516e-05
1.7313e-05
2.219e-05
4.0209e-05
2.1344e-05
6.5963e-05
3.2115e-05
3.7665e-05
4.3694e-05
8.8046e-05
2.3295e-05
6.4858e-05
3.3678e-05
3.8547e-05
4.6953e-05
5.7852e-05
3.9332e-05
5.4057e-05
3.5133e-05
3.4712e-05
3.4992e-05
3.2459e-05
2.1378e-05
3.5564e-05
1.9708e-05
3.7174e-05
3.2123e-05
4.6812e-05
5.5808e-05
3.0919e-05
2.3633e-05
2.8366e-05
2.8551e-05
1.7639e-05
2.5861e-05
3.1624e-05
3.9653e-05
4.5872e-05
3.9092e-05
3.0908e-05
4.1021e-05
2.795e-05
3.5559e-05
2.1362e-05
3.3397e-05
2.3623e-05
2.822e-05
3.5404e-05
3.8948e-05
2.0394e-05
3.8501e-05
3.8282e-05
2.1941e-05
3.0608e-05
3.1159e-05
3.8797e-05
2.8257e-05
3.504e-05
2.8051e-05
3.5261e-05
2.9154e-05
3.8551e-05
3.8021e-05
3.0022e-05
3.817e-05
4.1596e-05
3.5964e-05
4.3062e-05
4.2742e-05
2.6555e-05
5.0252e-05
4.4476e-05
3.5155e-05
2.8879e-05
2.229e-05
2.173e-05
2.8239e-05
2.7718e-05
3.5406e-05
1.5195e-05
2.0583e-05
2.6155e-05
1.8132e-05
3.4418e-05
3.4267e-05
2.9789e-05
1.7508e-05
4.0174e-05
3.12e-05
2.6889e-05
1.8844e-05
1.7985e-05
1.7822e-05
3.1916e-05
3.2451e-05
2.7734e-05
3.282e-05
1.5686e-05
3.313e-05
3.5679e-05
3.2269e-05
3.5894e-05
1.5333e-05
1.7865e-05
3.4471e-05
2.0564e-05
3.1406e-05
1.5752e-05
1.7424e-05
1.8024e-05
1.5949e-05
3.4609e-05
2.7308e-05
1.5914e-05
2.8671e-05
2.8897e-05
1.786e-05
1.8414e-05
1.861e-05
1.5153e-05
3.0558e-05
3.1726e-05
3.1599e-05
3.4453e-05
1.5911e-05
1.5422e-05
3.4688e-05
3.1247e-05
3.5133e-05
2.8999e-05
3.6475e-05
3.0337e-05
2.6454e-05
1.8083e-05
3.533e-05
1.8312e-05
2.7224e-05
2.7099e-05
1.5752e-05
2.5862e-05
1.5234e-05
2.6869e-05
2.0547e-05
1.5596e-05
1.5669e-05
2.6948e-05
3.1419e-05
0.000132932
1.8614e-05
3.2439e-05
1.559e-05
1.8035e-05
3.1267e-05
1.7564e-05
2.9067e-05
2.6842e-05
3.1269e-05
3.1599e-05
1.8319e-05
2.667e-05
1.8043e-05
1.6265e-05
3.1122e-05
2.631e-05
3.4125e-05
3.123e-05
1.5482e-05
1.5442e-05
2.8257e-05
2.6105e-05
3.29e-05
1.5976e-05
2.7971e-05
1.5565e-05
1.577e-05
1.4967e-05
2.5461e-05
1.5628e-05
1.5933e-05
1.5857e-05
2.6503e-05
3.1025e-05
2.8849e-05
1.5833e-05
1.5185e-05
2.5297e-05
3.0229e-05
3.8931e-05
2.6491e-05
1.7726e-05
1.5369e-05
3.2395e-05
2.7559e-05
2.6987e-05
3.2827e-05
2.988e-05
2.1688e-05
2.8699e-05
2.8246e-05
1.5957e-05
3.5746e-05
1.5546e-05
2.6595e-05
2.029e-05
1.5851e-05
1.549e-05
1.5707e-05
3.4641e-05
2.6278e-05
2.5825e-05
3.2671e-05
3.4776e-05
1.5483e-05
3.4806e-05
3.0949e-05
2.8229e-05
2.9792e-05
2.6292e-05
1.5045e-05
2.0879e-05
3.0926e-05
3.0897e-05
1.5427e-05
2.9052e-05
1.554e-05
2.6598e-05
3.3856e-05
2.7055e-05
2.6374e-05
2.5522e-05
1.5194e-05
1.9873e-05
3.4795e-05
2.4265e-05
2.6403e-05
2.7725e-05
2.8778e-05
2.8937e-05
2.0217e-05
3.441e-05
3.3527e-05
1.5738e-05
2.5309e-05
2.2806e-05
2.6805e-05
2.1271e-05
2.6508e-05
1.5636e-05
2.3486e-05
1.5414e-05
1.5365e-05
2.3125e-05
1.8313e-05
3.4758e-05
2.8569e-05
2.593e-05
1.5182e-05
1.5546e-05
2.6319e-05
1.6599e-05
1.9984e-05
1.5425e-05
1.5654e-05
3.3214e-05
3.5078e-05
1.6368e-05
3.125e-05
1.5205e-05
2.0673e-05
1.5586e-05
3.4613e-05
2.5592e-05
4.1645e-05
1.5732e-05
2.942e-05
1.5908e-05
1.5681e-05
2.6985e-05
2.0487e-05
2.1484e-05
4.1231e-05
1.7469e-05
2.6814e-05
5.4365e-05
5.6016e-05
3.9087e-05