
2.65636
2.65455
2.65455
2.65636
2.65636
2.65636
2.61405
2.61204
2.61204
2.65636
2.65636
2.65539
2.65539
2.65539
2.65455
2.65455
2.65455
2.65539
2.65539
2.65539
2.65539
2.65455
2.65455
2.65636
2.64243
2.61408
2.58354
2.4388
2.49993
2.47945
2.38598
2.38598
2.28102
2.30191
2.30191
2.25481
2.18277
2.1781
2.19176
2.10575
2.06391
2.0556
2.01214
1.9565
1.94379
1.92568
1.92135
2.29
2.29569
2.20627
2.20086
2.17142
2.08428
2.07323
2.11544
2.10445
2.03748
2.11811
2.09596
2.02683
2.01364
1.83098
1.83661
1.92288
1.82793
1.71827
1.7443
1.79541
1.70399
1.66864
1.7264
1.70999
1.70252
1.68639
1.65222
1.65798
1.64246
1.63002
1.63002
1.53642
3.09497
3.09497
3.18526
3.20032
3.04875
3.04875
2.98819
3.00423
3.00423
2.87339
2.68326
2.62815
2.60364
2.53597
2.3766
2.12632
1.98652
1.83713
1.82751
1.81737
1.56544
1.514
1.37805
1.36466
1.31922
1.25073
1.21936
1.18399
1.11574
1.00591
0.965468
0.906757
0.88686
0.895382
0.867196
0.860985
0.860985
0.852655
0.834517
0.825261
0.825261