
0.00097
0.001081
0.001189
0.001139
0.000968
0.000881
0.000973
0.00109
0.001118
0.001212
0.000951
0.000846
0.000965
0.001199
0.000982
0.000839
0.000916
0.001013
0.00085
0.000992
0.000913
0.001063
0.000991
0.000877
0.001063
0.001092
0.000964
0.00112
0.001393
0.00078
0.000848
0.001329
0.000981
0.001148
0.00093
0.000995
0.000846
0.00109
0.000804
0.000953
0.00137
0.001237
0.001157
0.001073
0.001143
0.000939
0.000883
0.001
0.000938
0.001108
0.000899
0.000922
0.002183
0.001308
0.001347
0.003075
0.001274
0.001129
0.001257
0.001558
0.001616
0.001583
0.001087
0.001618
0.001505
0.001576
0.001641
0.001381
0.001494
0.001273
0.001384
0.001258
0.001577
0.00144
0.001446
0.001353
0.001389
0.001903
0.001412
0.001198
0.001186
0.001027
0.001841
0.00081
0.00102
0.00103
0.001007
0.001088
0.000962
0.000937
0.000944
0.001236
0.001269
0.001346
0.000937
0.001092
0.000869
0.001103
0.001711
0.001039
0.000908
0.001439
0.003023
0.001392
0.002323
0.00279
0.001071
0.000954
0.00097
0.001042
0.003156
0.001147
0.001013
0.001623
0.001798
0.001537
0.001332
0.002558
0.003245
0.002073
0.001568
0.001086
0.001162
0.000941
0.000959
0.001092
0.001222
0.001224
0.001364
0.001171
0.001814
0.001558
0.001379
0.00109
0.001362
0.001233
0.001006
0.000927
0.000949
0.001023
0.000979
0.000894
0.000923
0.001133
0.001113
0.001032
0.001258
0.001188
0.001051
0.000955
0.001778
0.000976
0.001034
0.001196
0.000896
0.00103
0.000879
0.001846
0.000992
0.001328
0.001255
0.000893
0.001083
0.000985
0.001227
0.001165
0.001067
0.001185
0.001096
0.001039
0.00095
0.00107
0.001004
0.001119
0.000957
0.001032
0.001725
0.001199
0.000913
0.00095
0.000988
0.001351
0.001083
0.001137
0.000903
0.001963
0.001475
0.001059
0.001623
0.001049
0.001006
0.000972
0.001306
0.001234
0.001107
0.002336
0.000896
0.001242
0.000981
0.001789
0.002199
0.001873
0.001034
0.001045
0.001066
0.000979
0.000937
0.000999
0.001037
0.001113
0.001014
0.00095
0.00112
0.001395
0.001111
0.000987
0.001161
0.000974
0.001643
0.001368
0.001987
0.000981
0.000919
0.001131
0.001762
0.000959
0.000883
0.001127
0.001011
0.0015
0.001346
0.001735
0.001637
0.001472
0.001337
0.001664
0.001248
0.001379
0.001489
0.002035
0.000901
0.00162
0.000961
0.00114
0.001421
0.001284
0.001424
0.001025
0.001339
0.000975
0.001151
0.001336
0.001344
0.001094
0.001754
0.001173
0.00109
0.00123
0.001096
0.001246
0.000886
0.000982
0.001214
0.001222
0.001078
0.001094
0.001101
0.001209
0.001133
0.000965
0.001049
0.001228
0.001031
0.000861
0.000927
0.00103
0.001157
0.000999
0.001353
0.00133
0.001188
0.001293
0.0019
0.001544
0.001806
0.002389
0.001099
0.001087
0.001005
0.001008
0.000895
0.001351
0.00192
0.001739
0.001509
0.002299
0.00176