
0.004869
0.005013
0.005999
0.012919
0.0045
0.00623
0.012577
0.01379
0.015861
0.015012
0.005185
0.005902
0.004309
0.019017
0.00597
0.013176
0.006095
0.006689
0.004425
0.009954
0.011822
0.009526
0.004673
0.004459
0.004852
0.006751
0.005811
0.005521
0.010171
0.004386
0.004975
0.00496
0.009393
0.006687
0.004621
0.004626
0.006467
0.005256
0.005039
0.010599
0.005651
0.010346
0.011253
0.010166
0.005406
0.005469
0.009057
0.008796
0.004946
0.004678
0.010477
0.009034
0.009955
0.015101
0.007023
0.018306
0.011648
0.013491
0.006405
0.014506
0.015317
0.008042
0.005205
0.008561
0.010541
0.01124
0.010034
0.006695
0.010037
0.009368
0.020942
0.006698
0.008494
0.007454
0.007505
0.004818
0.014156
0.023381
0.00606
0.00697
0.005409
0.009804
0.010578
0.005495
0.004751
0.008712
0.00629
0.006022
0.010824
0.008735
0.005262
0.010329
0.007141
0.00588
0.00864
0.013055
0.002883
0.007228
0.007159
0.004377
0.004882
0.004796
0.034959
0.007646
0.011493
0.017908
0.004883
0.003043
0.007666
0.00382
0.013373
0.003974
0.008662
0.005952
0.02835
0.007684
0.007122
0.020779
0.032207
0.010154
0.005681
0.004775
0.014322
0.00915
0.008928
0.003924
0.011896
0.004754
0.020759
0.006036
0.017303
0.011139
0.007628
0.008237
0.012689
0.013758
0.008574
0.00431
0.005955
0.012871
0.005604
0.004403
0.005837
0.013156
0.014035
0.004744
0.011376
0.004744
0.005239
0.004105
0.008258
0.009787
0.009072
0.018493
0.003155
0.010405
0.00636
0.018355
0.010563
0.011477
0.004741
0.003401
0.005054
0.00989
0.009752
0.007859
0.009711
0.019702
0.009275
0.005049
0.010292
0.005656
0.004928
0.012676
0.005319
0.010689
0.01873
0.010431
0.004874
0.004358
0.005399
0.017127
0.004685
0.00437
0.005382
0.012112
0.00712
0.005039
0.012453
0.010994
0.005562
0.010241
0.0041
0.015225
0.009643
0.010167
0.005228
0.010584
0.006066
0.009228
0.013047
0.011659
0.015169
0.008955
0.014674
0.009079
0.009252
0.007351
0.007654
0.010231
0.007709
0.007527
0.010289
0.00603
0.009618
0.007185
0.011003
0.004394
0.008218
0.010514
0.026847
0.018266
0.009521
0.007902
0.028311
0.004263
0.003888
0.004247
0.004241
0.028305
0.005585
0.012479
0.008441
0.01705
0.006658
0.030742
0.01115
0.016329
0.00957
0.032243
0.007992
0.017499
0.016052
0.00617
0.007755
0.013983
0.014002
0.01033
0.01031
0.002936
0.013314
0.016425
0.007921
0.005954
0.029051
0.019292
0.009534
0.014201
0.011814
0.023502
0.00947
0.012846
0.006183
0.022019
0.004246
0.019653
0.012874
0.010151
0.01025
0.007694
0.01086
0.005732
0.008
0.003952
0.005394
0.007736
0.009523
0.009709
0.00832
0.009457
0.018084
0.009803
0.012713
0.009973
0.009229
0.026775
0.009309
0.00795
0.006436
0.007281
0.002125
0.007068
0.004349
0.004199
0.007395
0.015045
0.007692