
0.0282843
0.060498
0.0903849
0.0392727
0.0134232
0.00963844
0.0211269
0.149823
0.17369
0.18557
0.180731
0.0180424
0.0108564
0.0148767
0.0172355
0.0127322
0.0181449
0.0190722
0.0273603
0.0547476
0.0315419
0.0416074
0.0519565
0.0627751
0.062553
0.0997706
0.0722274
0.155163
0.155163
0.178269
0.16849
0.183583
0.183583
0.191785
0.185026
0.0453638
0.00878769
0.0408153
0.0383071
0.00731674
0.0203294
0.0120107
0.0263611
0.0178644
0.030005
0.0242059
0.0414325
0.0286916
0.0451988
0.0363598
0.0150274
0.112923
0.100835
0.0901003
0.12039
0.0195695
0.0195695
0.0080872
0.0212394
0.0136543
0.0208435
0.0235704
0.0213478
0.0182424
0.0213488
0.0435627
0.41492
0.332971
0.354826
0.354826
0.365086
0.365086
0.37424
0.362346
0.0185479
0.00668615
0.027679
0.0158544
0.0249467
0.0133525
0.0168881
0.00818048
0.0135244
0.00301251
0.0312502
0.0227875
0.0174681
0.106646
0.100734
0.12103
0.113739
0.120505
0.11987
0.113126
0.134658
0.00958696
0.0431495
0.0228143
0.0157223
0.0392178
0.0316617
0.0660016
0.0252377
0.0458478
0.0291365
0.0499806
0.0137821
0.0215873
0.029445
0.0176417
0.0535991
0.0118762
0.00811438
0.00631535
0.00515185
0.0120504
0.0120504
0.0443505
0.019696
0.0155998
0.0660009
0.0366391
0.0239933
0.0195513
0.0151276
0.0293471
0.0343612
0.0253194
0.00818043
0.0285934
0.00151038
0.0319871
0.00675607
0.00796715
0.00306016
0.00948547
0.00163547
0.0141751
0.0160673
0.0207679
0.0200597