
3e-06
1e-06
1e-06
1e-06
1e-06
1e-06
1e-06
1e-06
2e-06
1e-06
1e-06
1e-06
1e-06
2e-06
1e-06
1e-06
2e-06
1e-06
1e-06
1e-06
1e-06
1e-06
1e-06
1e-06
1e-06
1e-06
1e-06
1e-06
2e-06
1e-06
1e-06
2e-06
2e-06
1e-06
1e-06
1e-06
1e-06
1e-06
1e-06
1e-06
1e-06
2e-06
1e-06
1e-06
1e-06
1e-06
1e-06
1e-06
1e-06
1e-06
0
1e-06
4e-06
1e-06
1e-06
1e-06
2e-06
1e-06
1e-06
1e-06
1e-06
1e-06
1e-06
2e-06
9.2e-05
2e-06
2e-06
1e-06
2e-06
1e-06
1e-06
1e-06
1e-06
1e-06
2e-06
0.025229
0.025191
0.070574
0.024883
0.02159
0.024599
0.023739
2e-06
2e-06
2e-06
2e-06
1e-06
1e-06
1e-06
2e-06
1e-06
2e-06
2e-06
2e-06
2e-06
1e-06
2e-06
2e-06
4e-06
2e-06
2e-06
0.077853
0.061424
0.022706
0.052651
0.071506
0.015921
0.01324
0.01353
0.014007
0.061626
0.014711
0.013035
0.038221
0.071479
0.027311
0.056807
0.060277
0.059347
0.065368
0.059466
2e-06
2e-06
2e-06
1e-06
2e-06
2e-06
2e-06
3e-06
2e-06
3e-06
3e-06
2e-06
2e-06
3e-06
2e-06
2e-06
2e-06
2e-06
1e-06
2e-06
1e-06
0.019272
0.022035
2e-06
0.023433
0.023188
0.024494
0.020402
0.020735
0.064811
0.018215
0.022526
0.018731
0.019158
0.018196
0.017563
0.058525
0.023083
0.022115
0.024029
0.021491
0.02259
0.02151
0.021006
0.03119
0.026181
1e-06
2e-06
2e-06
1e-06
1e-06
1e-06
1e-06
1e-06
1e-06
2e-06
1e-06
1e-06
1e-06
1e-06
1e-06
1e-06
3e-06
1e-06
4e-06
0.029624
0.018302
0.055158
0.020412
0.01844
0.016164
0.017983
0.027296
0.016794
0.055949
0.017844
0.016354
0.015943
0.054372
0.053122
0.082831
0.021452
0.01947
0.019333
0.018463
0.020095
0.019703
0.020083
0.015513
0.014366
0.01479
0.015699
0.017982
0.017307
0.01624
0.016787
0.016746
0.055001
0.031706
0.080845
0.028713
1e-06
1e-06
2e-06
1e-06
2e-06
1e-06
1e-06
2e-06
1e-06
3e-06
2e-06
1e-06
2e-06
1e-06
1e-06
1e-06
0.058295
0.075798
0.021655
0.060822
0.023166
0.023762
0.02412
0.061179
0.062507
0.025398
0.027711
0.023749
1e-06
0.064799
1e-06
1e-06
1e-06
1e-06
0.026106
0.026578
0.02855
0.030736
0.032427
0.032021
0.033414
0.031239
0.031287
0.030661
0.027273
0.03003
0.029281
0.02867
0.027596
0.028356
0.026374
0.026548
0.024058
0.023333
0.0173
0.016052
0.02395
0.038329
0.017746
0.058016
0.069195
0.068524
0.026656
0.067472
0.013894
0.013326
0.013403
0.012852
0.012622
0.015094
0.077119
0.063179
0.062127
0.067235
0.072245