
0.007197
0.007289
0.00812
0.018816
0.006903
0.008046
0.016704
0.017817
0.021906
0.020482
0.007668
0.008468
0.006757
0.025599
0.008565
0.016321
0.008153
0.009652
0.006664
0.013327
0.015393
0.012594
0.00702
0.006645
0.007527
0.009615
0.008551
0.007736
0.014585
0.006289
0.007317
0.007213
0.014189
0.009649
0.006934
0.006772
0.009258
0.007316
0.007452
0.013693
0.007846
0.015377
0.016168
0.015092
0.008172
0.008229
0.01201
0.011981
0.007044
0.006798
0.013807
0.011946
0.013729
0.019401
0.009842
0.026243
0.014903
0.017362
0.009565
0.020322
0.020234
0.010977
0.007455
0.013894
0.015865
0.016385
0.013627
0.010875
0.014144
0.013318
0.027684
0.010207
0.012715
0.010626
0.010658
0.035376
0.053881
0.115274
0.03399
0.032048
0.033476
0.03768
0.017274
0.008247
0.007665
0.013651
0.009699
0.011692
0.018051
0.012771
0.01073
0.015421
0.01107
0.009717
0.011922
0.020232
0.007374
0.013406
0.016671
0.009049
0.009706
0.085546
0.105312
0.033651
0.069273
0.10768
0.025763
0.019951
0.027214
0.022108
0.087497
0.022902
0.02856
0.047405
0.116573
0.041111
0.06719
0.094352
0.097756
0.086982
0.069362
0.007102
0.019587
0.012585
0.012385
0.006722
0.016734
0.00746
0.028609
0.008925
0.024037
0.017324
0.01216
0.014149
0.019134
0.021337
0.012439
0.006798
0.009194
0.019092
0.012289
0.009155
0.027068
0.04165
0.020083
0.030464
0.03872
0.032089
0.028073
0.027182
0.078935
0.03569
0.042785
0.051561
0.026293
0.035519
0.029808
0.092835
0.03763
0.037543
0.031702
0.026976
0.030451
0.034763
0.034384
0.042712
0.0399
0.027617
0.012109
0.007962
0.013754
0.008713
0.008114
0.017783
0.007484
0.01373
0.027788
0.014459
0.008276
0.006993
0.008478
0.022215
0.007687
0.008994
0.01044
0.023668
0.045741
0.025635
0.08271
0.039705
0.030414
0.03325
0.026842
0.053335
0.03254
0.08033
0.029527
0.034858
0.028169
0.076446
0.074285
0.107862
0.046023
0.034188
0.04538
0.034952
0.035716
0.032454
0.032476
0.03835
0.029856
0.029441
0.033428
0.026542
0.039024
0.029
0.032328
0.026722
0.073431
0.051402
0.117345
0.052883
0.01286
0.010935
0.036683
0.006111
0.00634
0.006595
0.006527
0.038841
0.008368
0.017214
0.01284
0.02794
0.009024
0.041116
0.015743
0.022809
0.072292
0.120128
0.032381
0.089141
0.045121
0.032767
0.034613
0.080218
0.090425
0.042577
0.045008
0.031136
0.021262
0.087522
0.012108
0.00866
0.044741
0.034834
0.044272
0.049562
0.047748
0.069507
0.048443
0.054908
0.046576
0.066765
0.041309
0.063395
0.050112
0.049073
0.046095
0.041693
0.047645
0.043607
0.041399
0.034731
0.035133
0.03834
0.039612
0.037319
0.041705
0.059436
0.044602
0.081009
0.094227
0.089539
0.040663
0.115712
0.032573
0.027591
0.025667
0.022728
0.017269
0.024772
0.08746
0.072556
0.072269
0.08618
0.085637