
1.51639e+09
0.008481
0.008539
0.00938
0.020164
0.008134
0.0093
0.018048
0.019373
0.023633
0.022338
0.009572
0.010395
0.00871
0.0278
0.010783
0.018527
0.010414
0.011718
0.008507
0.015302
0.017518
0.014632
0.008971
0.008426
0.009342
0.011055
0.009946
0.009161
0.016083
0.007784
0.008744
0.008583
0.015577
0.011132
0.008347
0.008094
0.010634
0.008691
0.008716
0.015111
0.009119
0.016641
0.01746
0.01647
0.009507
0.00954
0.013437
0.013374
0.008462
0.008129
0.016795
0.075828
0.032922
0.050764
0.051255
0.04863
0.048212
0.056833
0.049545
0.050701
0.048819
0.04634
0.060798
0.046121
0.051457
0.048584
0.046888
0.052988
0.041962
0.050435
0.054133
0.051409
0.050656
0.049753
0.215349
0.069412
0.129434
0.27619
0.059589
0.062823
0.063934
0.068974
0.037256
0.039095
0.039426
0.019276
0.087564
0.04483
0.048501
0.018873
0.085617
0.062238
0.090229
0.046722
0.031397
0.175459
0.042261
0.096859
0.053009
0.044888
0.096647
0.142734
0.123658
0.043682
0.261381
0.145305
0.043459
0.042235
0.050185
0.086289
0.115579
0.035876
0.232745
0.106401
0.15434
0.064948
0.089
0.152246
0.162803
0.110039
0.180813
0.064871
0.04397
0.017494
0.054227
0.092382
0.037931
0.012688
0.052487
0.099412
0.07307
0.058991
0.042028
0.085595
0.05904
0.044883
0.035489
0.028863
0.019055
0.21637
0.028966
0.051577
0.057136
0.066288
0.044318
0.055613
0.064305
0.051212
0.039138
0.032654
0.236924
0.062051
0.106856
0.198263
0.048303
0.05269
0.049348
0.129593
0.062301
0.06347
0.052089
0.052961
0.054624
0.048771
0.226396
0.075596
0.069189
0.055487
0.04081
0.015597
0.065946
0.042949
0.047248
0.059317
0.050584
0.079851
0.063559
0.039942
0.034024
0.009902
0.067939
0.035969
0.20836
0.023462
0.09819
0.089739
0.068128
0.045832
0.095624
0.199221
0.044711
0.050802
0.116703
0.068175
0.050048
0.111218
0.043681
0.050138
0.043825
0.2119
0.297503
0.132993
0.061121
0.039468
0.060358
0.040204
0.051347
0.04135
0.17109
0.051543
0.050795
0.049463
0.051192
0.050829
0.052869
0.045534
0.049612
0.04915
0.137821
0.214259
0.142793
0.065874
0.016601
0.101857
0.057096
0.020823
0.018897
0.059878
0.055904
0.060607
0.025166
0.065173
0.048605
0.051099
0.050351
0.049228
0.034157
0.200682
0.135226
0.140559
0.046675
0.112213
0.060296
0.048314
0.041843
0.258582
0.108096
0.058822
0.060611
0.035457
0.043988
0.112635
0.034873
0.251611
0.065104
0.042887
0.230071
0.067224
0.066633
0.127139
0.068045
0.07506
0.065813
0.075263
0.05002
0.258821
0.068309
0.067145
0.063705
0.059038
0.065184
0.06019
0.059069
0.050808
0.042029
0.194432
0.050744
0.088986
0.101505
0.071843
0.05065
0.274454
0.15563
0.107773
0.094001
0.130343
0.041071
0.050507
0.14517
0.03151
0.043604
0.107154
0.149561
0.136508
0.124224
0.141922