
0.001155
0.017987
0.006673
0.00658
0.007963
0.006937
0.006
0.012588
0.011619
0.012027
0.011035
0.008286
0.017644
0.013471
0.014615
0.013269
0.010947
0.012889
0.006343
0.006903
0.010909
0.0117
0.012344
0.011981
0.027211
0.02618
0.067039
0.012976
0.019043
0.025123
0.024788
0.025478
0.014049
0.025391
0.025437
0.036257
0.026836
0.024601
0.033704
0.036699
0.069992
0.029032
0.011199
0.018359
0.029923
0.076301
0.027343
0.023104
0.068831
0.051291
0.007191
0.003874
0.054122
0.023877
0.013452
0.013704
0.01386
0.049973
0.018788
0.006764
0.067914
0.05447
0.029918
0.01895
0.017306
0.049612
0.057907
0.014915
0.012729
0.052869
0.017651
0.017836
0.059871
0.014048
0.014028
0.063039
0.03984
0.033469
0.023135
0.062262
0.028455
0.017351
0.017312
0.016483
0.010198
0.010978
0.012059
0.019237
0.017987
0.018004
0.018177
0.019096
0.012749
0.00487
0.009969
0.018205
0.056545
0.008115
0.016455
0.011401
0.01184
0.022194
0.017792
0.018697
0.013005
0.018609
0.01758
0.00748
0.024074
0.02339
0.020496
0.019763
0.02055
0.020753
0.015115
0.013065
0.020147
0.020703
0.050935
0.026087
0.018016
0.018266
0.014286
0.002514
0.003671
0.008672
0.053676
0.052087
0.012494
0.009823
0.003585
0.009463
0.00841
0.009094
0.061898
0.008905
0.008865
0.014366
0.008319
0.00842
0.002284
0.002125
0.051262
0.01246
0.009429
0.009343
0.009681
0.00246
0.008502
0.007903
0.008462
0.007978
0.009018
0.009818
0.008236
0.008755
0.008403
0.008234
0.056468
0.002533
0.016038
0.008939
0.051819
0.013408
0.009668
0.009229
0.013758
0.014699
0.014527
0.01306
0.014366
0.014337
0.002623
0.008875
0.054791
0.012868
0.009896
0.015328
0.010541
0.010808
0.002602
0.011486
0.01241
0.011366
0.010892
0.011276
0.017013
0.003063
0.050924
0.013645
0.002931
0.00327
0.012539
0.013481
0.052249
0.014006
0.014466
0.013789
0.003112
0.002983
0.012318
0.013081
0.012971
0.012672
0.012348
0.012707
0.011822
0.012606
0.011598
0.002609
0.007654
0.007882
0.046649
0.054219
0.008585
0.002409
0.004403
0.054974
0.013018
0.048838
0.00975
0.00171
0.002033
0.006294
0.006463
0.053189
0.055952
0.05504
0.047428
0.04968
0.052419