
94
40
149
22
16
48
37
95
37
86
25
87
38
39
88
210
31
157
77
28
39
28
86
26
77
135
175
73
311
175
166
171
157
157
47
190
40
157
241
296
40
241
157
72
296
294
151
68
22
58
73
19
33
22
24
20
68
16
24
12
17
20
30
377
147
98
28
19
17
39
12
30
19
21
17
9
45
28
13
35
19
20
20
55
215
46
40
67
37
44
67
211
151
10
65
243
22
23
130
63
132
222
30
46
239
48
51
70
48
66
155
205
160
136
48
345
265
208
50
272
50
323
136
136
326
159
169
50
154
241
119
264
233
66
163
201
151
43
32
44
46
40
57
40
40
32
137
39
45
143
122
299
260
121
121
383
103
142
60
90
41
41
37
82
44
52
28
41
37
47
45
37
46
45
53
38
32
30
42
38
46
22
46
30
42
23
34
42
90
336
264
81
41
101
343
294
30
55
133
103
61
307
303
294
103
293
193
279
160
492
279
115
303
113
98
115
160
113
279
103
115
334
115
81
113
426
98
26
51
84
51
55
47
44
46
84
32
18
26
36
49
74
29
49
70
19
62
41
30
50
43
41
19
85
19
40
49
19
20
51
50
18
45
72
39
53
19
44
40
17
49
41
49
19
38
17
23
32
39
22
47
32
57
32
32
59
47
46
57
43
43
43
68
29
43
43
87
39
60
87
36
56
19
87
36
54
30
74
92
69
61
87
19
74
21
87
87
56
36
66
225
51
45
225
50
209
246
225
267
223
308
308
341
297
221
359
71
52
52
75
452
73
73
179
100
35
75
345
187
198
51
73
500
41
41
37
11
41
105
57
41
86
29
109
327
256
256
39
53
476
163
177
419
39
39
34
39
39
54
52
39
14
39
34
116
38
38
53
39
313
110
75
35
35
30
35
19
48
47
35
19
35
35
36
35
128
28
28
23
28
12
125
40
28
39
28
27
29
29
29
29
127
53
29
29
41
29
29
22
22
22
22
49
18
33
22
22
22
127
103
22
22
103
68
73
15
47
73
28
31
20
20
81
11
27
30
30
30
33
48
82
20
46
28
31
12
32
13
34
31
11
34
33
20
34
50
84
42
36
67
147
41
20
42
38
42
153
104
57
98
327
9
180
97
202
162
9
136
9
10
78
153
42
10