
0.035983
0.003421
0.003442
0.004217
0.004504
0.00561
0.003141
0.004653
0.010185
0.011322
0.00389
0.009118
0.003449
0.008808
0.00368
0.004356
0.002936
0.011021
0.004408
0.004333
0.010939
0.004514
0.004894
0.003081
0.007887
0.009737
0.007555
0.003263
0.003116
0.003325
0.004882
0.004225
0.003988
0.004345
0.003165
0.003141
0.003573
0.003186
0.004238
0.00302
0.004742
0.003214
0.003209
0.004857
0.00361
0.003668
0.00855
0.003784
0.003636
0.004257
0.004708
0.003945
0.003813
0.004034
0.003711
0.003933
0.007248
0.003594
0.003128
0.00347
0.003069
0.00846
0.007158
0.006904
0.012129
0.005047
0.007782
0.00505
0.00929
0.010872
0.004458
0.004952
0.006247
0.012136
0.005626
0.003534
0.005958
0.007771
0.008284
0.007351
0.004705
0.007474
0.006961
0.004502
0.012471
0.004666
0.005921
0.005184
0.00523
0.044846
0.003072
0.002072
0.002971
0.001921
0.001822
0.002172
0.001996
0.002669
0.001971
0.00265
0.003089
0.001855
0.007261
0.003806
0.002777
0.002031
0.006357
0.012439
0.003446
0.004298
0.039559
0.001486
0.002029
0.00185
0.001554
0.001334
0.002237
0.001428
0.001926
0.004114
0.005078
0.003843
0.007835
0.003905
0.003496
0.004095
0.003251
0.004478
0.002336
0.004608
0.004279
0.002031
0.003398
0.004817
0.006914
0.003767
0.001623
0.007923
0.005137
0.004064
0.006816
0.006813
0.00352
0.035426
0.002693
0.001258
0.001759
0.001602
0.001935
0.001309
0.001232
0.001229
0.001976
0.001831
0.00155
0.005511
0.001498
0.00495
0.002893
0.002963
0.001261
0.003465
0.001174
0.003063
0.029088
0.005518
0.008173
0.022941
0.002075
0.001185
0.001159
0.002791
0.001026
0.001311
0.001155
0.001314
0.00129
0.001587
0.013079
0.006105
0.003295
0.002067
0.001917
0.001589
0.006004
0.001895
0.002466
0.001502
0.009055
0.005157
0.002528
0.00146
0.006851
0.002236
0.029654
0.001731
0.003895
0.015845
0.007473
0.003158
0.00548
0.001895
0.005191
0.006913
0.008952
0.027312
0.00728
0.004672
0.003676
0.036962
0.001703
0.003411
0.01174
0.007414
0.007144
0.002527
0.00949
0.003155
0.012497
0.004593
0.004262
0.013703
0.008473
0.005367
0.002289
0.003984
0.009862
0.003543
0.007435
0.006628
0.003056
0.004382
0.006225
0.004237
0.052526
0.003297
0.002671
0.001452
0.003976
0.001556
0.003187
0.001477
0.001434
0.002689
0.004099
0.003239
0.003082
0.001679
0.004335
0.003402
0.007177
0.006979
0.004489
0.003231
0.008992
0.003101
0.003657
0.00282
0.005518
0.043824
0.002109
0.002182
0.00207
0.002826
0.001707
0.00171
0.001922
0.002191
0.002028
0.003101
0.007714
0.003338
0.00381
0.003204
0.002281
0.001635
0.004361
0.010979
0.003313
0.001583
0.038795
0.001744
0.001521
0.003008
0.001584
0.001847
0.001816
0.001595
0.001538
0.003123
0.002013
0.001311
0.008319
0.00164
0.00482
0.002207
0.014609
0.006616
0.008516
0.009318
0.003094
0.002241
0.003542
0.007864
0.007592
0.048083
0.001614
0.001983
0.005824
0.007725
0.004933
0.01149
0.007328
0.003524
0.008385
0.004063
0.003445
0.003725
0.006613
0.003831
0.008755
0.007185
0.007646
0.008232
0.003461
0.003049
0.003921
0.014135
0.002953
0.045354
0.00158
0.003237
0.00396
0.003263
0.001626
0.001767
0.003154
0.001574
0.003657
0.002789
0.002894
0.001728
0.003907
0.001458
0.008725
0.003552
0.004937
0.003583
0.003594
0.005168
0.004159
0.002575
0.002815
0.008799
0.002758
0.046189
0.001662
0.002328
0.001633
0.001302
0.001749
0.001782
0.003087
0.001186
0.003889
0.001372
0.004038
0.003177
0.008215
0.001814
0.002473
0.001786
0.004742
0.007584
0.001742
0.001661
0.00759
0.001879
0.006934
0.005327
0.003838
0.003205
0.008223
0.002762
0.00443
0.002318
0.006498
0.006552
0.035261
0.001462
0.002108
0.00167
0.001878
0.001776
0.001696
0.001724
0.001256
0.002017
0.002002
0.009739
0.002293
0.055805
0.001765
0.002361
0.001377
0.003191
0.001484
0.003174
0.001299
0.001462
0.003279
0.003296
0.008611
0.005444
0.012631
0.003867
0.007036
0.001915
0.006344
0.005646
0.001664
0.001726
0.007194
0.002487
0.00758
0.002212
0.005647
0.001701
0.005939
0.001719
0.039061
0.00226
0.002275
0.002186
0.00344
0.001701
0.001962
0.003154
0.002683
0.005399
0.002183
0.003621
0.005979
0.003845
0.005901
0.003577
0.008107
0.002362
0.004121
0.002118
0.005493
0.001815
0.003953
0.005565
0.001778
0.003945
0.004739
0.003034
0.002116
0.005899
0.005388
0.008251
0.004401
0.050563
0.001544
0.001704
0.022021
0.007571
0.007559
0.00769
0.006054
0.023632
0.00291
0.002679
0.002818
0.002874
0.019699
0.003684
0.003788
0.00968
0.006024
0.013939
0.002941
0.004751
0.015775
0.009937
0.005938
0.002876
0.002314
0.010859
0.052637
0.001818
0.00158
0.00152
0.001607
0.001509
0.002256
0.001538
0.003943
0.002632
0.007196
0.014229
0.012062
0.006303
0.014193
0.003141
0.001911
0.01155
0.004377
0.005735
0.011198
0.05814
0.002454
0.002213
0.001959
0.002079
0.002161
0.003187
0.001736
0.001977
0.001718
0.002063
0.003071
0.008174
0.002316
0.00451
0.008258
0.002178
0.007959
0.00235
0.00178
0.002348
0.010831
0.002089
0.013439
0.005847
0.0044
0.053458
0.00245
0.00205
0.001977
0.002019
0.00146
0.00317
0.001564
0.001988
0.001818
0.001991
0.02408
0.004782
0.003716
0.012407
0.003553
0.002125
0.007564
0.004191
0.063731
0.002121
0.002314
0.001888
0.001956
0.001299
0.003996
0.001715
0.001824
0.00286
0.001796
0.011492
0.00214
0.009522
0.001998
0.009774
0.009672
0.002103
0.001974
0.007696
0.001972
0.010698
0.004352
0.004355
0.003142
0.009985
0.008305
0.002239
0.002011
0.002855
0.003019
0.007918
0.008455
0.001902
0.001823
0.066681
0.002171
0.001832
0.001745
0.00224
0.003141
0.00171
0.001471
0.001878
0.001935
0.00181
0.010181
0.00455
0.007937
0.003985
0.008098
0.001919
0.006079
0.001887
0.008537
0.004229
0.003974
0.003443
0.006367
0.003663
0.002815
0.001504
0.004084
0.002951
0.006099
0.003774
0.045438
0.002928
0.001685
0.001849
0.003796
0.00162
0.001714
0.003302
0.002674
0.002795
0.003516
0.003945
0.002861
0.003548
0.005783
0.001988
0.003753
0.001729
0.006286
0.004942
0.001743
0.005487
0.001801
0.003304
0.015133
0.002053
0.007458
0.006033
0.040426
0.002008
0.003007
0.002781
0.001507
0.00269
0.003021
0.001167
0.003108
0.003466
0.003967
0.010002
0.006505
0.007381
0.005112
0.006748
0.021689
0.010819
0.0062
0.001221
0.002875
0.001576
0.006279
0.003392
0.005005
0.003201
0.036318
0.001172
0.005686
0.001154
0.001089
0.005191
0.002249
0.00242
0.002288
0.002278
0.005464
0.007533
0.003918
0.005757
0.00257