
195
57
149
159
217
163
152
371
161
303
210
48
157
295
152
153
142
360
153
294
288
39
166
73
143
145
39
229
143
285
139
36
31
98
22
142
36
195
140
80
215
46
40
67
37
256
67
211
151
10
239
48
111
70
48
66
155
205
160
136
63
166
104
207
234
144
258
265
271
137
101
267
127
373
109
295
53
267
97
138
103
32
120
167
103
293
48
418
90
292
118
55
133
103
319
307
303
294
103
293
111
112
286
114
313
93
114
93
433
81
107
376
88
128
307
89
117
107
436
107
106
124
87
54
307
87
307
106
91
54
211
110
70
500
289
136
289
211
106
500
87
114
302
87
293
137
19
87
260
127
225
51
72
225
341
209
246
225
267
223
178
500
63
47
328
105
57
345
212
120
177
495
61
328
479
184
52
346
111
420
175
322
57
322
305
146
47
443
112
415
492
472
50
316
302
294
40
435
125
407
333
269
267
308
63
505
33
428
388
400
28
63
262
186
190
493
27
139
139
139
101
142
84
22
142
500
20
142
90
194
42
153
104
57
98
327
9
180
97
202