
1.88327
1.88327
1.82514
1.82514
1.88327
1.87637
1.87637
1.88787
1.88787
1.86643
1.88787
1.88787
1.88787
1.88787
1.87637
1.87637
1.87637
1.87637
1.81222
1.81222
1.85079
1.85079
1.87637
1.87026
1.85633
1.83209
1.78884
1.77579
1.73252
1.71691
1.64632
2.04444
2.03612
1.98298
1.98298
1.9195
1.91026
1.89752
1.82415
1.70498
1.69705
1.94286
1.90745
1.82895
1.86138
1.77146
1.77574
1.74468
1.7239
1.7239
1.68899
1.68899
1.64073
1.63025
1.60296
1.59294
1.56167
1.59029
1.52955
1.5213
1.49261
1.51739
1.49829
1.4665
1.44796
1.44796
1.42948
1.42027
1.42698
1.39884
1.36975
1.36975
1.35619
1.29479
1.28664