
0.000958
0.000946
0.001119
0.000877
0.000945
0.000952
0.001128
0.001009
0.000933
0.000945
0.000888
0.000892
0.000847
0.001127
0.00079
0.001145
0.001197
0.000985
0.000904
0.001031
0.001006
0.000951
0.001385
0.001279
0.001086
0.000999
0.000997
0.000977
0.001154
0.000903
0.000916
0.000972
0.000995
0.00108
0.001003
0.001128
0.00104
0.000899
0.001108
0.000903
0.000979
0.000923
0.001317
0.000924
0.001006
0.000838
0.000788
0.00115
0.000949
0.000988
0.001059
0.000951
0.001565
0.001208
0.00224
0.001548
0.001811
0.001575
0.001512
0.001488
0.001505
0.00142
0.001424
0.001198
0.001653
0.000942
0.001651
0.001143
0.00108
0.001089
0.001416
0.00129
0.001281
0.000988
0.001439
0.001179
0.001227
0.000935
0.000969
0.001381
0.001733
0.001169
0.001718
0.001703
0.001254
0.00121
0.001055
0.001118
0.001129
0.00107
0.000987
0.000995
0.001084
0.00127
0.000915
0.001063
0.001305
0.001248
0.001187
0.001508
0.001145
0.001116
0.001021
0.001089
0.000986
0.000979
0.001075
0.000917
0.001131
0.001195
0.000878
0.001164
0.001199
0.001117
0.001386
0.001207
0.000979
0.003046
0.000951
0.001167
0.001485
0.001207
0.001043
0.001358
0.001495
0.000996
0.000841
0.001555
0.001535
0.001377
0.001415
0.001362
0.001005
0.001034
0.000991
0.001038
0.001179
0.000985
0.001014
0.001034
0.001082
0.000971
0.001216
0.001058
0.001157
0.001031
0.001817
0.001895
0.000968
0.001
0.000924
0.001314
0.002619
0.000897
0.00139
0.001423
0.001886
0.001063
0.001724
0.001883
0.000926
0.001619
0.001262
0.002471
0.003582
0.001872
0.001534
0.001567
0.001228
0.000992
0.001513
0.001546
0.003525
0.001261
0.001575
0.001979
0.001303
0.003194
0.001509
0.003424
0.001302
0.001438
0.001145
0.00086
0.000949
0.00103
0.000958
0.00108
0.001014
0.001108
0.001734
0.001372
0.001152
0.001564
0.000918
0.000915
0.001047
0.00109
0.001143
0.001012
0.000963
0.000981
0.001101
0.001315
0.001002
0.001219
0.001008
0.001004
0.000965
0.001569
0.001305
0.001061
0.00148
0.001734
0.00092
0.00122
0.001085
0.003368
0.000999
0.001049
0.001787
0.002328
0.002127
0.003316
0.002595
0.001184
0.001107
0.000801
0.001158
0.001126
0.001067
0.001183
0.00086
0.00146
0.003217
0.00114
0.001455
0.000975
0.000927
0.000938
0.00144
0.002325
0.001944
0.001501
0.001255
0.00115
0.001951
0.002999
0.000865
0.001074
0.000926
0.001007
0.001651
0.0011
0.001016
0.001107
0.00104
0.001269
0.001002
0.001019
0.000831
0.000962
0.000922
0.001643
0.001062
0.001975
0.001281
0.00188
0.001045
0.000978
0.001136
0.001079
0.001007