
0.005324
0.011144
0.006775
0.00429
0.00486
0.004559
0.008266
0.004662
0.004511
0.004754
0.004931
0.003957
0.008363
0.005392
0.003881
0.012356
0.005817
0.004495
0.004167
0.008906
0.005479
0.005206
0.005987
0.005494
0.008013
0.005212
0.005872
0.005377
0.005855
0.005614
0.006256
0.0066
0.004631
0.006068
0.004786
0.01007
0.005808
0.004407
0.004587
0.008494
0.006477
0.011174
0.005057
0.005449
0.004594
0.011478
0.004123
0.004595
0.006223
0.00461
0.012432
0.005789
0.014991
0.006686
0.016302
0.011243
0.007953
0.010922
0.009499
0.007712
0.011341
0.009754
0.007535
0.007019
0.011892
0.007576
0.009961
0.008785
0.004905
0.005586
0.008362
0.005043
0.012553
0.003669
0.006903
0.015531
0.00485
0.004034
0.005586
0.004649
0.020756
0.007218
0.019119
0.007629
0.008444
0.007502
0.005124
0.009316
0.006424
0.007626
0.008444
0.004837
0.0118
0.005918
0.010967
0.004524
0.022217
0.006538
0.005359
0.019699
0.004318
0.005415
0.006428
0.008069
0.006558
0.006492
0.009689
0.005306
0.004776
0.005048
0.008703
0.006843
0.005841
0.005014
0.009402
0.013536
0.006049
0.025693
0.011155
0.006996
0.019524
0.004463
0.013664
0.005897
0.014066
0.011578
0.004038
0.01693
0.014495
0.009292
0.007208
0.011775
0.004059
0.009791
0.005102
0.00493
0.009718
0.011008
0.010128
0.00406
0.004759
0.004508
0.00442
0.008438
0.005259
0.008529
0.01484
0.019057
0.010198
0.004174
0.003895
0.009819
0.029047
0.003511
0.005944
0.008454
0.015134
0.009126
0.015068
0.024358
0.00877
0.007672
0.007943
0.021688
0.043159
0.013969
0.008505
0.006846
0.00927
0.007582
0.010413
0.011964
0.016546
0.004907
0.010017
0.009374
0.005884
0.015906
0.006336
0.040552
0.00775
0.009302
0.006006
0.007034
0.007527
0.005044
0.003357
0.0037
0.006391
0.007169
0.02321
0.006357
0.004372
0.015273
0.006022
0.003744
0.009355
0.010075
0.006568
0.004729
0.003162
0.006811
0.011846
0.010621
0.003203
0.011902
0.008063
0.003042
0.006307
0.01151
0.005484
0.004531
0.012367
0.024554
0.007203
0.005057
0.009726
0.01334
0.009357
0.008372
0.015018
0.01174
0.013925
0.028938
0.023249
0.010421
0.005027
0.003092
0.004174
0.005441
0.007627
0.009981
0.006767
0.006704
0.027706
0.005517
0.015055
0.005209
0.006483
0.003807
0.007615
0.02701
0.018017
0.007507
0.008245
0.008056
0.015835
0.023019
0.005197
0.011116
0.007842
0.009469
0.017324
0.016812
0.005962
0.006189
0.005301
0.014703
0.006442
0.012434
0.004696
0.007723
0.00568
0.027392
0.012033
0.019603
0.017298
0.01671
0.002324
0.002307
0.012114
0.018821
0.007144