
0.0282843
0.0786572
0.0627503
0.0837241
0.0738661
0.106866
0.109802
0.0561948
0.0789859
0.0647327
0.0811668
0.0667734
0.0639784
0.0862062
0.0156722
0.0156722
0.0272646
0.0272646
0.0299362
0.0299362
0.0409563
0.0325006
0.0431622
0.0431622
0.0449336
0.0486379
0.00441021
0.0234437
0.168389
0.168389
0.178182
0.168726
0.197985
0.197985
0.184046
0.179252
0.183932
0.183932
0.349512
0.301218
0.328638
0.341059
0.529589
0.523214
0.499199
0.499199
0.497469
0.496056
0.538108
0.648275
0.613537
0.622777
0.643842
0.641206
0.647754
0.633114
0.0337742
0.0117881
0.0158786
0.0339459
0.039395
0.0634228
0.0434816
0.0294679
0.00487395
0.0254465
0.00215223
0.00967564
0.00393274
0.0062819
0.0062819
0.0142145
0.0102819
0.0179697
0.00693423
0.0157118
0.00379239
0.0114177
0.00297682
0.00722536
0.0193838
0.0145182
0.00433437
0.0105167
0.0105167
0.00703928
0.00982152
0.0136618
0.0158105
0.0158105
0.0110365
0.00673867
0.0144982
0.0346959
0.0169779
0.0361104
0.0110427
0.0110427
0.00616324
0.00236402
0.00895662
0.0416955
0.00294005
0.00711721
0.0500024
0.0220432
0.0269589
0.0281364
0.0153082
0.0356391
0.0104317
0.0181835
0.0181835
0.0129056
0.00173332
0.0207274
0.0159278
0.0231465
0.0660002
0.0153148
0.0355599
0.0558093
0.00489169
0.0360182
0.00335047
0.00864408
0.00864408
0.00191101
0.0265302
0.0352088
0.0162148
0.00410214
0.00915373
0.0145737
0.00708494
0.0200866
0.0128493
0.0128493
0.00572474
0.0601111
0.0545255
0.0287879
0.0359535
0.0228922
0.0303967
0.0377749
0.0249521
0.0521488
0.014356
0.029902
0.0101385
0.010788
0.0284009
0.0087188