
3e-06
1e-06
1e-06
1e-06
1e-06
1e-06
1e-06
1e-06
2e-06
1e-06
1e-06
1e-06
1e-06
1e-06
1e-06
1e-06
3e-06
1e-06
1e-06
1e-06
1e-06
0
1e-06
2e-06
1e-06
1e-06
1e-06
1e-06
1e-06
1e-06
1e-06
1e-06
2e-06
1e-06
1e-06
1e-06
1e-06
1e-06
1e-06
1e-06
1e-06
1e-06
1e-06
1e-06
2e-06
1e-06
1e-06
1e-06
1e-06
1e-06
1e-06
1e-06
2e-06
2e-06
3e-06
2e-06
2e-06
2e-06
3e-06
3e-06
3e-06
2e-06
2e-06
2e-06
3e-06
1e-06
3e-06
1e-06
1e-06
1e-06
2e-06
1e-06
1e-06
1e-06
2e-06
0.029034
0.028654
0.02552
0.024477
0.027555
0.06157
0.02944
0.061882
2e-06
1e-06
2e-06
2e-06
2e-06
2e-06
2e-06
2e-06
1e-06
1e-06
1e-06
1e-06
1e-06
0.024005
0.02693
0.024288
0.024217
0.024477
0.020474
0.016373
0.016963
0.014543
0.01521
0.016092
0.014861
0.018259
0.018682
0.014675
0.019477
0.0194
0.022565
0.021836
0.062077
1e-06
7e-06
1e-06
1e-06
2e-06
1e-06
1e-06
1e-06
2e-06
1e-06
1e-06
2e-06
4e-06
1e-06
3e-06
2e-06
1e-06
0.016994
0.018963
0.017014
0.015993
0.015861
0.016113
0.016689
0.02161
0.016756
0.016981
0.015042
0.016133
0.016221
2e-06
2e-06
1e-06
0.02131
2e-06
2e-06
5e-06
0.016881
0.081596
0.027824
0.054677
0.023626
0.066267
0.074324
0.012988
0.025688
0.014503
0.058927
0.058627
0.061956
0.030231
0.025998
0.038028
1e-06
0.032917
2e-06
8e-06
3e-06
2e-06
2e-06
3e-06
8e-06
0.055315
0.062173
0.020015
0.059571
0.016495
0.016589
0.017054
0.0179
0.01636
0.019043
0.01568
0.016946
0.053779
0.029372
0.016971
0.050889
0.013817
0.01391
0.015843
0.014977
0.01383
0.013754
0.013872
0.014539
0.013838
0.012526
0.012617
0.015937
0.015073
0.013139
0.012677
0.0705
0.017982
0.013841
0.0601
0.069086
0.009419
0.009635
0.011543
0.063666
0.010972
0.011226
0.065026
0.058002
0.072371
0.065754
0.055769
0.023768
0.013829
0.012718
0.017391
0.016142
0.013076
0.013226
0.013445
0.024894
0.05876
0.012993
0.012841
0.013362
0.012026
0.013639
0.059785
0.05554
0.061223
0.065226
0.012918
0.012515
0.072114
0.072393
0.012273
0.012777
0.011772
0.01277
0.052713
0.016475
0.017331
0.01737
0.017334
0.018514
0.021153
0.021722
0.019625
0.018805
0.017878
0.056912
0.021573
0.065677
0.068296
0.072577
0.025346
0.023923
0.033423
0.01955
0.021563