
0.007788
0.014196
0.009662
0.00632
0.007656
0.0064
0.012215
0.00698
0.006546
0.007187
0.007278
0.006115
0.011543
0.006891
0.005857
0.018079
0.008534
0.006784
0.006325
0.014019
0.007189
0.007698
0.008612
0.007962
0.012314
0.007569
0.008461
0.008033
0.007817
0.008688
0.009144
0.009275
0.006937
0.008724
0.006984
0.015253
0.008516
0.006493
0.006878
0.011309
0.008526
0.014944
0.007343
0.007813
0.006748
0.014393
0.006249
0.006805
0.009318
0.006789
0.01781
0.008209
0.020356
0.009759
0.023063
0.015619
0.011555
0.016406
0.014752
0.012094
0.016084
0.013971
0.011682
0.011516
0.0185
0.011297
0.01526
0.01363
0.007132
0.008206
0.012625
0.007616
0.019173
0.006014
0.011168
0.061231
0.038857
0.033958
0.036943
0.037395
0.1037
0.044711
0.094355
0.016461
0.017473
0.013613
0.012321
0.018644
0.012971
0.017552
0.015049
0.010667
0.059108
0.013
0.018995
0.0095
0.05445
0.036681
0.034657
0.059016
0.033909
0.030121
0.030661
0.033497
0.02829
0.02924
0.036137
0.024634
0.027669
0.029191
0.031518
0.034392
0.031764
0.03036
0.034921
0.080388
0.008539
0.034037
0.015205
0.009925
0.029864
0.007349
0.019502
0.008642
0.018846
0.015261
0.006453
0.023175
0.019532
0.014015
0.014188
0.027538
0.009754
0.030363
0.026611
0.027384
0.032548
0.033733
0.029594
0.022655
0.031306
0.023646
0.023372
0.029076
0.023856
0.027985
0.023333
0.02587
0.014055
0.027473
0.006029
0.013177
0.046176
0.022395
0.090602
0.03921
0.079395
0.035857
0.095612
0.115633
0.029326
0.042682
0.02992
0.100356
0.125339
0.086181
0.051522
0.040024
0.054729
0.01537
0.048942
0.017624
0.026184
0.007131
0.013786
0.016531
0.013091
0.035256
0.067578
0.122686
0.034223
0.075794
0.028237
0.028398
0.030303
0.025378
0.024287
0.026241
0.027173
0.029678
0.099529
0.043612
0.026435
0.077078
0.028606
0.022455
0.033807
0.03449
0.025427
0.023345
0.021104
0.026645
0.035519
0.03
0.020031
0.038239
0.03012
0.020114
0.025142
0.091322
0.028077
0.02248
0.083118
0.114538
0.021115
0.01904
0.029496
0.083726
0.030233
0.026335
0.091891
0.084453
0.099699
0.100003
0.095082
0.040581
0.024684
0.019309
0.025913
0.027885
0.028417
0.02891
0.025437
0.037781
0.096543
0.025372
0.041692
0.02388
0.025546
0.022657
0.070809
0.109528
0.098012
0.080264
0.028843
0.03086
0.099596
0.116513
0.024249
0.036225
0.025554
0.028779
0.081685
0.04874
0.031095
0.029383
0.030093
0.044038
0.03444
0.046396
0.03121
0.032167
0.030755
0.10257
0.044187
0.10488
0.094571
0.095793
0.029094
0.027745
0.04911
0.045006
0.033049