
1.5163e+09
0.009306
0.015719
0.011133
0.007771
0.009665
0.007837
0.013617
0.008353
0.007929
0.008494
0.00845
0.007283
0.012858
0.008201
0.007174
0.019449
0.009881
0.00803
0.007558
0.015252
0.008409
0.008894
0.009982
0.0091
0.013455
0.008731
0.009642
0.009278
0.009078
0.009934
0.010433
0.010551
0.008184
0.009989
0.008253
0.016552
0.009837
0.007828
0.008122
0.012645
0.009869
0.016478
0.00878
0.009262
0.008104
0.015795
0.007641
0.008127
0.010693
0.008133
0.020624
0.055556
0.04766
0.063774
0.045079
0.058202
0.049876
0.049763
0.045285
0.049731
0.050761
0.048972
0.047194
0.050026
0.048607
0.056399
0.046695
0.045662
0.049367
0.053377
0.048304
0.052207
0.049605
0.051474
0.218161
0.133132
0.067769
0.062517
0.109922
0.064177
0.125495
0.21499
0.180108
0.062831
0.060423
0.048069
0.044478
0.055601
0.049567
0.054309
0.036856
0.019744
0.256684
0.043616
0.048497
0.077087
0.120969
0.064415
0.065995
0.086801
0.047283
0.167613
0.051871
0.051293
0.044559
0.048595
0.052261
0.054758
0.051039
0.046224
0.05376
0.048313
0.164893
0.054751
0.06113
0.109867
0.038814
0.062904
0.025194
0.085558
0.05911
0.024912
0.030466
0.072372
0.049517
0.040881
0.129016
0.043794
0.04845
0.232045
0.040088
0.049965
0.045319
0.046446
0.049574
0.048551
0.050316
0.049317
0.050838
0.074144
0.038482
0.028229
0.20625
0.042293
0.050697
0.093016
0.101303
0.044362
0.049218
0.048608
0.052955
0.092836
0.182858
0.082245
0.11118
0.052544
0.102594
0.085744
0.15551
0.242965
0.081263
0.06086
0.041851
0.125273
0.184189
0.100173
0.233842
0.105822
0.067984
0.098222
0.10207
0.092319
0.087399
0.016549
0.166058
0.069738
0.075526
0.062258
0.083836
0.177179
0.042211
0.208803
0.040636
0.050863
0.051539
0.039201
0.060876
0.039236
0.061669
0.038104
0.161234
0.05242
0.04848
0.20042
0.032078
0.058797
0.050575
0.048026
0.051445
0.04911
0.050869
0.050947
0.047978
0.049875
0.052696
0.045111
0.178458
0.030549
0.095261
0.106227
0.049283
0.107019
0.151122
0.228695
0.02904
0.051835
0.095075
0.093527
0.050221
0.092293
0.271649
0.150123
0.157346
0.150633
0.110063
0.169991
0.034163
0.053024
0.050085
0.047807
0.049687
0.050623
0.074094
0.088252
0.10948
0.042695
0.177384
0.033228
0.050921
0.097178
0.077677
0.289871
0.326773
0.089937
0.050805
0.097394
0.162986
0.259507
0.032783
0.050182
0.050909
0.050786
0.098223
0.061223
0.0494
0.050342
0.049488
0.212967
0.047423
0.058941
0.043617
0.046424
0.050643
0.124483
0.057276
0.11844
0.277178
0.12065
0.042479
0.087894
0.062224
0.057367