
0.001088
0.002116
0.001538
0.01117
0.008967
0.016969
0.016913
0.016577
0.012072
0.01193
0.012723
0.011678
0.009631
0.009618
0.00878
0.012904
0.01186
0.007825
0.007426
0.009427
0.00879
0.010664
0.010909
0.011246
0.011112
0.06378
0.021023
0.020487
0.065064
0.020136
0.012376
0.009491
0.075173
0.035415
0.033385
0.02698
0.025172
0.026015
0.027278
0.027371
0.012356
0.016007
0.020654
0.021613
0.039365
0.058586
0.020007
0.022363
0.020278
0.005702
0.016471
0.011147
0.011102
0.010698
0.010961
0.017675
0.017335
0.011158
0.016959
0.008123
0.008046
0.018553
0.018844
0.020917
0.021948
0.033399
0.021187
0.011921
0.020152
0.02118
0.012283
0.089113
0.009274
0.008121
0.00784
0.016706
0.014004
0.01255
0.009109
0.008715
0.0081
0.008327
0.007901
0.008503
0.026043
0.002858
0.008834
0.008279
0.008627
0.051165
0.061146
0.010943
0.010666
0.009643
0.011753
0.05406
0.004371
0.054025
0.012958
0.008388
0.015435
0.045975
0.052623
0.003257
0.047187
0.01097
0.007623
0.013303
0.050015
0.004471
0.002924
0.057724
0.008401
0.055481
0.047931
0.064444
0.049974
0.003195
0.003233
0.048777
0.055108
0.014507
0.010399
0.048175
0.002584
0.002574
0.008203
0.008763
0.0103
0.009938
0.010498
0.052199
0.003035
0.002305
0.006931
0.007928
0.008499
0.007022
0.008197
0.007513
0.008081
0.008084
0.007383
0.007117
0.00931
0.002394
0.002676
0.006763
0.047684
0.009717
0.009421
0.060623
0.056089
0.00336
0.005078
0.006479
0.051036
0.006391
0.006434
0.048384
0.003619
0.055614
0.050765
0.045924
0.005222
0.001713
0.006534
0.008699
0.008777
0.007255
0.006834
0.007285
0.026157
0.047184
0.008408
0.001831
0.001985
0.00643
0.007065
0.053259
0.002481
0.003074
0.050203
0.006686
0.007324
0.054072
0.057421
0.003979
0.006033
0.00616
0.006866
0.007547
0.011053
0.008758
0.008545
0.008637
0.008278
0.009471
0.009389
0.00913
0.008948
0.008413
0.009012
0.014723
0.009441
0.005124
0.002827
0.018246
0.009876
0.049574
0.009965
0.009185
0.009765