
47
146
116
49
47
238
42
49
37
72
101
47
44
19
75
44
50
76
65
60
60
70
57
48
70
48
66
48
64
107
20
46
46
73
83
66
93
17
47
127
121
55
54
53
61
63
38
28
55
63
70
28
16
500
210
187
16
40
54
15
10
119
9
16
51
106
9
38
10
108
60
100
75
101
107
60
12
12
11
20
42
101
61
142
89
187
188
220
312
83
341
89
164
92
294
417
188
220
127
331
188
92
220
92
229
135
105
234
417
127
256
250
181
97
9
69
23
39
58
41
80
80
13
82
119
80
119
331
106
54
169
54
115
28
341
115
53
106
61
69
72
57
38
28
108
26
69
28
57
35
107
261
130
270
349
114
62
218
106
87
16
13
47
31
17
97
13
74
17
47
47
94
226
95
94
243
89
76
7
39
40
27
7
87
10
64
58
39
60
36
73
64
27
64
30
27
106
17
34
28
75
20
95
20
73
53
75
22
66
74
88
126
122
83
91
171
15
37
73
15
14
88
14
67
49
60
69
33
17
15
90
61
26
26
17
73
17
28
29
81
86
60
45
54
35
17
22
86
82
14
19
25
55
18
33
58
60
17
9
47
9
34
19
73
46
51
19
49
47
74
47
88
19
73
24
14
74
20
10
55
10
15
73
20
9
24
38
13
38
15
29
66
38
16
38
40
66
49
40
14
13
39
66
38
44
80
44
12
45
60
35
14
44
37
28
16
48
46
14
35
44
45
48
52
32
20
49
53
27
37
38
29
14
50
222
21
20
57
104
75
34
57
45
19
53
51
34
43
19
20
19
45
97
17
18
29
24
51
132
17
68
29
46
36
143
41
42
60
21
14
23
76
25
71
34
76
82
33
53
44
25
40
34
38
22
36
118
79
49
116
41
44
30
52
38
12
71
44
77
44
16
43
85
55
50
50
51
23
57
51
29
48
75
56
50
20
18
18
84
81
56
56
74
23
18
11
67
89
57
84
15
11
11
11
73
68
82
14
86
15
82
12
14
82
130
13
500
500
119
292
124
6
205
222
336
143
205
5
5
319
500
57
3