
0.041178
0.00379
0.009127
0.00504
0.002951
0.00324
0.003129
0.003117
0.003007
0.003149
0.003091
0.003331
0.003482
0.002682
0.006513
0.003711
0.002693
0.006377
0.003303
0.003985
0.00302
0.002894
0.003012
0.003759
0.003865
0.003671
0.00397
0.003631
0.002849
0.003117
0.003669
0.00421
0.00379
0.00407
0.004035
0.004635
0.005022
0.00312
0.00436
0.003273
0.004277
0.003336
0.00409
0.003044
0.003027
0.006742
0.0049
0.008998
0.00325
0.003918
0.003099
0.009398
0.002915
0.00305
0.004518
0.003133
0.003252
0.00654
0.004221
0.011817
0.004763
0.01235
0.008425
0.005403
0.008087
0.006936
0.005355
0.008702
0.007309
0.005279
0.005022
0.004368
0.004408
0.005721
0.006836
0.003275
0.003317
0.003342
0.0039
0.00606
0.003286
0.004082
0.005664
0.002495
0.004738
0.054365
0.004269
0.004227
0.002403
0.001703
0.003176
0.002961
0.001572
0.002761
0.002261
0.003618
0.008901
0.003019
0.003371
0.003174
0.00155
0.002732
0.001231
0.003992
0.002455
0.002868
0.001662
0.010678
0.005858
0.00463
0.003669
0.00522
0.00313
0.044758
0.003267
0.003104
0.002064
0.00225
0.003053
0.001973
0.003181
0.003185
0.003069
0.001779
0.015029
0.004775
0.005242
0.00289
0.006212
0.00235
0.005528
0.001893
0.003525
0.002587
0.007208
0.002557
0.004581
0.001925
0.005653
0.004537
0.006655
0.001868
0.003361
0.001977
0.009399
0.003305
0.043136
0.00342
0.003317
0.003143
0.001857
0.003326
0.001818
0.001549
0.003032
0.003363
0.00177
0.004047
0.002382
0.008983
0.002742
0.003075
0.001607
0.012951
0.005378
0.004606
0.003672
0.001524
0.004617
0.011243
0.002324
0.003118
0.002859
0.001813
0.0038
0.001166
0.036167
0.003277
0.001183
0.00202
0.002113
0.00382
0.001163
0.002009
0.001222
0.003657
0.002225
0.004709
0.003939
0.005984
0.003713
0.004823
0.002816
0.00475
0.004109
0.003409
0.003783
0.002553
0.001198
0.003834
0.001358
0.00313
0.001087
0.003367
0.001725
0.006762
0.002708
0.004877
0.003084
0.004007
0.002403
0.045605
0.002425
0.0024
0.003499
0.007133
0.010939
0.00441
0.015215
0.004627
0.009215
0.005224
0.004674
0.010774
0.002858
0.006419
0.004691
0.003974
0.011355
0.009335
0.002755
0.013826
0.011702
0.006769
0.051607
0.002669
0.001152
0.00228
0.001853
0.002095
0.001852
0.002993
0.001965
0.002061
0.001632
0.005154
0.002702
0.00342
0.005525
0.003485
0.002781
0.002677
0.002891
0.007769
0.003667
0.003387
0.002245
0.004277
0.003065
0.002026
0.002557
0.006328
0.001556
0.008109
0.00265
0.003213
0.001984
0.003108
0.002888
0.033024
0.005548
0.002292
0.002308
0.003102
0.001431
0.002865
0.001439
0.002401
0.001375
0.00218
0.006576
0.001713
0.003672
0.006685
0.011096
0.015225
0.008189
0.002789
0.002669
0.007622
0.009824
0.012942
0.038767
0.00142
0.001518
0.002275
0.001904
0.001213
0.002771
0.001712
0.00246
0.001378
0.002071
0.002356
0.003998
0.006226
0.005813
0.005582
0.007103
0.012026
0.007111
0.020092
0.00677
0.033762
0.001361
0.003223
0.003128
0.001938
0.001093
0.002569
0.00151
0.002333
0.002353
0.002065
0.00711
0.002868
0.005389
0.003856
0.005972
0.002917
0.017279
0.007522
0.011359
0.024688
0.003392
0.005803
0.010831
0.002874
0.003175
0.002968
0.001555
0.004142
0.042119
0.002173
0.002936
0.002735
0.003222
0.001699
0.002546
0.001657
0.002581
0.002087
0.003621
0.00464
0.002872
0.007163
0.002635
0.005892
0.003615
0.003732
0.003966
0.009106
0.011129
0.003201
0.007598
0.042777
0.001975
0.003071
0.002454
0.001635
0.001675
0.00227
0.001712
0.002332
0.002062
0.002233
0.006604
0.003389
0.004024
0.002875
0.011482
0.008165
0.004291
0.0022
0.008364
0.025196
0.006089
0.003433
0.005844
0.002301
0.00703
0.002228
0.040543
0.001465
0.003583
0.001391
0.002707
0.001849
0.002137
0.002231
0.002057
0.002289
0.004264
0.002081
0.005529
0.001289
0.005901
0.002027
0.003626
0.002133
0.002247
0.002349
0.001114
0.004858
0.001728
0.005456
0.001846
0.00512
0.013953
0.0048
0.002738
0.004489
0.004006
0.002852
0.00217
0.007835
0.004439
0.002255
0.001485
0.034478
0.001815
0.003017
0.001422
0.002698
0.001546
0.00223
0.002147
0.002295
0.00166
0.002039
0.002586
0.001863
0.002166
0.002014
0.00251
0.002255
0.007515
0.00445
0.005574
0.002352
0.001873
0.002127
0.004906
0.001773
0.003319
0.001909
0.001953
0.00206
0.005302
0.001699
0.004648
0.005012
0.001149
0.003438
0.005224
0.003152
0.001014
0.001583
0.001957
0.002079
0.003037
0.006556
0.002249
0.001384
0.006375
0.002269
0.044264
0.003257
0.001544
0.002924
0.001574
0.002547
0.00187
0.001946
0.001602
0.00311
0.001911
0.001817
0.001872
0.004869
0.003106
0.009059
0.004501
0.003741
0.002253
0.003163
0.001628
0.009925
0.005778
0.003529
0.017193
0.003628
0.005888
0.026361
0.003337
0.003343
0.00152
0.002875
0.001771
0.002018
0.001711
0.003243
0.001941
0.005709
0.001318
0.003444
0.001588
0.007747
0.004279
0.009409
0.003803
0.005075
0.002368
0.001932
0.002291
0.006574
0.002527
0.011851
0.004415
0.038936
0.003769
0.003289
0.002833
0.001608
0.003092
0.001623
0.001738
0.002889
0.002129
0.001851
0.008456
0.005304
0.010639
0.00703
0.024008
0.018681
0.005397
0.008216
0.001967
0.040739
0.003522
0.003685
0.002862
0.003168
0.001427
0.001588
0.003264
0.002871
0.00279
0.003452
0.002884
0.002064
0.001217
0.002707
0.001754
0.00213
0.001728
0.0013
0.001527
0.005861
0.003834
0.007814
0.001869
0.005307
0.00168
0.004747
0.002964
0.022586
0.003428
0.003871
0.003638
0.006949
0.005057
0.004349
0.001655
0.034792
0.003877
0.001974
0.003241
0.002788
0.004409
0.001803
0.003139
0.003608
0.002014
0.001669
0.003804
0.002081
0.005036
0.003981
0.002586
0.002126
0.005615
0.009558
0.012555
0.006847
0.008419
0.041598
0.003848
0.002163
0.003386
0.003026
0.001865
0.001392
0.001937
0.002795
0.001733
0.002807
0.014384
0.009891
0.03475
0.004156
0.00307
0.00395
0.003128
0.002978
0.001279
0.003009
0.003176
0.001474
0.005434
0.003941
0.006294
0.004574
0.00609
0.005823
0.012468
0.003697
0.016844
0.011455
0.032907
0.003941
0.003283
0.003313
0.003015
0.003168
0.001412
0.003186
0.003243
0.002702
0.003113
0.003865
0.003662
0.004749
0.004218
0.003283
0.003147
0.006239
0.002165
0.007456
0.001829
0.013759
0.003109
0.005781
0.008282
0.003964
0.003629
0.004526
0.004851
0.004679
0.003242
0.003751
0.004412
0.001377
0.01042
0.00164
0.001591
0.050584
0.001967
0.003709
0.003697
0.003896
0.003524
0.001173
0.001593
0.001602
0.001614
0.003531
0.004837
0.00339
0.003642
0.00654
0.003675
0.001785
0.00342
0.003794
0.006128
0.001954
0.004163
0.00374
0.022443
0.00391
0.005985
0.003747
0.00127
0.003657
0.015634
0.009605
0.014198
0.002246
0.060752
0.001304
0.013334
0.001195
0.001231
0.009955
0.011893
0.00378
0.005518
0.001087