
222
146
448
358
265
238
190
314
197
150
108
126
145
200
269
145
226
326
334
143
445
122
129
195
120
138
143
264
342
138
443
120
16
191
213
55
139
86
189
134
142
182
187
188
220
312
83
341
182
164
286
119
243
236
98
405
52
173
173
225
162
100
229
67
85
108
110
162
110
332
98
251
218
64
72
97
249
262
98
322
87
84
162
50
61
87
87
252
89
314
59
273
66
255
76
95
76
262
206
227
55
279
158
74
72
88
72
256
203
239
242
253
138
82
67
81
86
249
200
233
130
96
206
220
58
73
77
240
180
76
170
68
246
159
90
66
69
161
170
67
48
80
48
162
123
60
66
117
48
64
50
177
84
180
76
53
58
139
205
56
62
233
75
317
87
45
50
156
210
180
66
95
101
131
293
41
125
138
193
184
167
98
109
139
74
40
100
73
45
198
167
110
237
139
87
30
124
73
35
71
177
112
122
149
89
23
117
142
197
83
504
159
324
154
115
15
335
203
330
136
500
500
119
292
124
5
205
222
336
143