
3.5055e-05
3.0239e-05
2.4496e-05
2.4683e-05
2.79e-05
4.8643e-05
4.0649e-05
4.3815e-05
2.4877e-05
3.1084e-05
2.9463e-05
3.6694e-05
2.5196e-05
3.458e-05
2.0106e-05
2.2005e-05
3.8653e-05
4.6637e-05
2.812e-05
4.5003e-05
4.4471e-05
2.4118e-05
3.946e-05
2.376e-05
1.9334e-05
2.3254e-05
2.1958e-05
3.0369e-05
2.3998e-05
1.6384e-05
1.678e-05
2.1255e-05
2.5604e-05
3.7551e-05
2.5346e-05
2.5744e-05
2.6137e-05
2.3841e-05
4.0071e-05
2.2743e-05
2.9372e-05
4.7433e-05
1.7862e-05
2.2772e-05
3.8867e-05
4.3882e-05
3.8211e-05
5.4435e-05
3.2001e-05
3.262e-05
4.9621e-05
3.9448e-05
9.0573e-05
5.1188e-05
9.1713e-05
5.3634e-05
3.6096e-05
6.3316e-05
0.000117639
1.8731e-05
5.9015e-05
3.9056e-05
0.000104811
6.1304e-05
2.6762e-05
2.2019e-05
7.5228e-05
3.4578e-05
6.3551e-05
9.1657e-05
7.3299e-05
6.4068e-05
3.3428e-05
4.4744e-05
3.0899e-05
4.6563e-05
7.4493e-05
4.6371e-05
3.8953e-05
2.6045e-05
2.6478e-05
1.9846e-05
1.8629e-05
4.9725e-05
4.128e-05
2.1456e-05
3.2986e-05
4.228e-05
4.2518e-05
2.8679e-05
4.136e-05
2.7982e-05
2.812e-05
2.9291e-05
4.5089e-05
4.1369e-05
0.000127884
2.2374e-05
2.6591e-05
4.2152e-05
5.9421e-05
2.724e-05
4.775e-05
4.3388e-05
2.2387e-05
4.4907e-05
4.0086e-05
3.2799e-05
1.9946e-05
3.6913e-05
3.5383e-05
3.4632e-05
1.8466e-05
2.9464e-05
8.2667e-05
6.1123e-05
2.1984e-05
2.9377e-05
2.7119e-05
2.6127e-05
9.5513e-05
1.9044e-05
2.0035e-05
2.943e-05
2.7409e-05
2.4081e-05
2.573e-05
4.7785e-05
7.6577e-05
0.00010005
4.4146e-05
3.2606e-05
4.2821e-05
9.1833e-05
7.4563e-05
1.4434e-05
2.4988e-05
2.7598e-05
3.3815e-05
4.5542e-05
2.7324e-05
2.3081e-05
4.8925e-05
3.1154e-05
2.6455e-05
2.0395e-05
4.1724e-05
2.6334e-05
1.9784e-05
2.9512e-05
4.0715e-05
5.8086e-05
2.9792e-05
2.0505e-05
4.4129e-05
4.4092e-05
3.1141e-05
1.7286e-05
2.0958e-05
2.8022e-05
3.0381e-05
3.879e-05
6.3097e-05
3.6481e-05
2.4337e-05
3.0243e-05
3.0138e-05
2.48e-05
2.7231e-05
2.693e-05
1.4403e-05
3.9485e-05
2.0697e-05
2.9334e-05
3.6797e-05
2.5276e-05
2.6362e-05
1.786e-05
4.8676e-05
3.3252e-05
5.6504e-05
2.0351e-05
2.7256e-05
3.4573e-05
2.2636e-05
1.7341e-05
1.6775e-05
4.7797e-05
3.7426e-05
2.7562e-05
0.000136719
2.3581e-05
5.3305e-05
0.000112941
5.2981e-05
3.2622e-05
5.3587e-05
6.0381e-05
3.416e-05
2.996e-05
5.0134e-05
6.1837e-05
6.0321e-05
0.000177524
0.000115722
2.5418e-05
4.5998e-05
6.8757e-05
7.6509e-05
5.5251e-05
0.000147992
7.2515e-05
8.9185e-05
7.2829e-05
3.3996e-05
4.2709e-05
0.000128865
4.0955e-05
1.8373e-05
4.4814e-05
2.7262e-05
2.9404e-05
1.6892e-05
3.8485e-05
2.5046e-05
3.8837e-05
6.4471e-05
0.000107469
4.4466e-05
4.1451e-05
2.9058e-05
2.9099e-05
3.7514e-05
4.4737e-05
3.7596e-05
2.3459e-05
3.2595e-05
6.9125e-05
4.6484e-05
5.9547e-05
3.9801e-05
4.3932e-05
2.8823e-05
6.0274e-05
0.000106993
6.367e-05
2.3994e-05
2.6162e-05
8.6274e-05
3.3977e-05
1.7518e-05
9.9904e-05
0.000145163
7.1642e-05
2.2793e-05
2.6837e-05
3.4153e-05
3.8757e-05
2.7647e-05
3.8386e-05
3.1776e-05
2.3603e-05
3.8616e-05
2.4814e-05
2.1225e-05
4.7693e-05
4.0176e-05
5.7549e-05
2.0649e-05
3.186e-05
6.1648e-05
7.1229e-05
4.155e-05
2.465e-05
2.5316e-05
1.9935e-05
7.0026e-05
2.6943e-05
3.4379e-05
1.7943e-05
1.4931e-05
3.7828e-05
2.0209e-05
2.2669e-05
2.1738e-05
2.2426e-05
5.2765e-05
4.7279e-05
4.7251e-05
3.1791e-05
1.4996e-05
3.0972e-05
3.3383e-05
2.7634e-05
2.2056e-05
4.0956e-05
2.208e-05
3.2255e-05
4.8623e-05
4.095e-05
2.97e-05