
0.001018
0.000547
0.00046
0.000515
0.000569
0.000672
0.000611
0.000618
0.000557
0.000552
0.000652
0.000565
0.000566
0.000794
0.000545
0.000542
0.000551
0.000756
0.000592
0.000547
0.000541
0.000683
0.000557
0.000548
0.000576
0.000589
0.00055
0.000549
0.00054
0.000553
0.000553
0.000561
0.000551
0.000544
0.000616
0.000552
0.000554
0.000578
0.000576
0.000541
0.000566
0.000585
0.000587
0.000628
0.000622
0.000531
0.000612
0.000579
0.000548
0.000585
0.000787
0.00054
0.000788
0.000532
0.000537
0.000554
0.000596
0.000548
0.000537
0.000546
0.000538
0.000633
0.000625
0.000542
0.000613
0.000556
0.000544
0.000552
0.000545
0.000545
0.000643
0.000546
0.0006
0.000816
0.000569
0.000576
0.000552
0.000568
0.000569
0.000554
0.000549
0.000695
0.00055
0.000607
0.000573
0.000577
0.000543
0.000607
0.000547
0.000546
0.000617
0.000641
0.000551
0.000539
0.000542
0.00059
0.000537
0.000552
0.000645
0.000552
0.000708
0.000553
0.000632
0.00054
0.000656
0.000538
0.000551
0.000672
0.000725
0.000562
0.000544
0.000674
0.000614
0.00054
0.000582
0.000577
0.000595
0.000587
0.00057
0.000544
0.000558
0.000598
0.000562
0.000564
0.000559
0.000556
0.000541
0.000733
0.000559
0.000542
0.000594
0.000633
0.000672
0.000626
0.000562
0.000541
0.000541
0.000562
0.00056
0.000542
0.000551
0.000562
0.000615
0.000754
0.000554
0.000554
0.000808
0.000642
0.00053
0.000549
0.000537
0.000566
0.000537
0.00055
0.00057
0.000549
0.00066
0.000537
0.000584
0.00054
0.000632
0.000536
0.000547
0.000538
0.00078
0.000554
0.00054
0.000546
0.000538
0.000571
0.00061
0.000562
0.000617
0.000543
0.000542
0.00054
0.000678
0.000554
0.000543
0.000558
0.000548
0.000544
0.000545
0.000616
0.000691
0.000551
0.000748
0.000562
0.000547
0.000543
0.000548
0.000542
0.000571
0.000553
0.000556
0.000696
0.000708
0.000543
0.000598
0.00077
0.000537
0.000556
0.000594
0.000542
0.000905
0.000556
0.000654
0.000543
0.000541
0.000591
0.000614
0.000582
0.000724
0.000617
0.000548
0.000761
0.000546
0.000545
0.00054
0.000562
0.000544
0.000762
0.000581
0.000596
0.000545
0.000761
0.000634
0.00065
0.000638
0.000557
0.000628
0.000553
0.000699
0.000541
0.000649
0.000551
0.000596
0.000552
0.000609
0.000598
0.000545
0.000592
0.000544
0.000572
0.000549
0.000547
0.00064
0.000595
0.000568
0.00055
0.000534
0.000572
0.000603
0.000561
0.000759
0.000545
0.000581
0.000549
0.00054
0.000544
0.00057
0.000632
0.000545
0.000553
0.000616
0.000566
0.000556
0.000538
0.000546
0.000547
0.000553
0.00057
0.000579
0.000543
0.00061
0.000603
0.000542
0.00055
0.000744
0.000708
0.000752
0.000696
0.000749
0.000717
0.000709
0.000699
0.000692
0.000718
0.000715
0.000698
0.000698
0.000732
0.000714
0.00076
0.000697
0.00077
0.000709
0.000698
0.000828
0.000752
0.000677
0.000711
0.000719
0.000705
0.000697
0.000698
0.000692
0.000699
0.000676
0.000764
0.000711
0.000685
0.000764
0.000737
0.000697
0.000879
0.000921
0.000711
0.000793
0.000704
0.00071
0.000679
0.000932
0.000717
0.000716
0.000702
0.000715
0.000897
0.000709
0.000834
0.000751
0.000765
0.000697
0.000723
0.000768
0.000797
0.000948
0.000996
0.000716
0.000781
0.000795
0.000715
0.000698
0.000794
0.000972
0.000949
0.000916
0.000924
0.000714
0.000718
0.000911
0.000698
0.000686
0.00071
0.000731
0.00069
0.000705
0.000705
0.000712
0.000738
0.000728
0.000812
0.000745
0.000835
0.001217
0.000702
0.000689
0.000704
0.000707
0.000706
0.000739
0.000744
0.000756
0.001001
0.000716
0.000703
0.00072
0.000708
0.000771
0.000694
0.000767
0.000807
0.000705
0.000698
0.0008
0.000698
0.000698
0.000995
0.000717
0.000763
0.000704
0.000736
0.000707
0.000697
0.000765
0.000766
0.000696
0.000755
0.000765
0.000705
0.000929
0.000721
0.000725
0.000714
0.000683
0.000773
0.000759
0.000719
0.000756
0.00069
0.000785
0.000766
0.001049
0.000752
0.00068
0.000918
0.000715
0.000749
0.000752
0.000768
0.000694
0.000721
0.000756
0.000728
0.000712
0.00068
0.000709
0.0007
0.000728
0.000776
0.000681
0.000733
0.00068
0.001025
0.000683
0.000689
0.000708
0.000737
0.000762
0.000708
0.000676
0.000804
0.000698
0.000701
0.00096
0.00075
0.00068
0.000699
0.000681
0.000771
0.000727
0.000696
0.00071
0.000689
0.000993
0.000818
0.000726
0.0007
0.000701
0.000813
0.00069
0.000723
0.000699
0.000782
0.000708
0.000698
0.000726
0.000736
0.000789
0.000688
0.000711
0.000685
0.000709
0.000736
0.000717
0.000688
0.000735
0.000772
0.000775
0.000728
0.00068
0.000687
0.000766
0.000688
0.000748
0.000707
0.000693
0.000684
0.000735
0.000909
0.000747
0.000748
0.000718
0.000703
0.000828
0.000708
0.000726
0.000705
0.00071
0.000727
0.000704
0.000733
0.000713
0.000777
0.000783
0.000818
0.000722
0.001116
0.0008
0.000691
0.000851
0.000837
0.000966
0.00122
0.001118
0.000919
0.000816
0.000847
0.001011
0.000837
0.000933
0.000792
0.000809
0.000884
0.001045
0.000849
0.00085
0.000903
0.000929
0.000803
0.000946
0.000789
0.000833
0.001015
0.000819
0.000834
0.00099
0.00095
0.00106
0.000883
0.000908
0.000884
0.000866
0.000903
0.000935
0.000834
0.000893
0.000866
0.000914
0.000856
0.00085
0.000995
0.000833
0.000845
0.000824
0.000895
0.000834
0.00091
0.000819
0.000815
0.00084
0.000825
0.000822
0.000894
0.000888
0.000893
0.000861
0.000971
0.000903
0.000857
0.000953
0.001088
0.000916
0.000878
0.00089
0.00108
0.000871
0.001289
0.000906
0.000875
0.000851
0.000847
0.000847
0.001596
0.001614
0.003086
0.001065
0.00171
0.003508
0.000869
0.001274
0.003369
0.000986
0.001088
0.001816
0.001809
0.002224
0.002039
0.002035
0.00161
0.001698
0.001197
0.002737
0.00273
0.003354
0.003249
0.001154
0.002163
0.001711
0.001477
0.001504
0.000873
0.003495
0.001891
0.002045
0.001335
0.000862
0.000784
0.001117
0.001087
0.001629
0.000875
0.001086
0.001353
0.000839
0.000932
0.000926
0.001066
0.000966
0.001365
0.004739
0.000866
0.00082
0.000826
0.001046
0.001338
0.000897
0.000776
0.001304
0.001137
0.000813
0.000834
0.001069
0.002828
0.000886
0.001342
0.000818
0.000713
0.000742
0.000723
0.000721
0.00177
0.000711
0.000923
0.002187
0.000922
0.002822
0.000927
0.001577
0.002827
0.001431
0.001425
0.001494
0.000818
0.001135
0.001511
0.003106
0.001272
0.001498
0.000742
0.000804
0.000781
0.001144
0.000732
0.000751
0.001158
0.000752
0.002888
0.001348
0.000705
0.000791
0.000786
0.001476
0.000798
0.000816
0.000706
0.000705
0.000882
0.001123
0.001063
0.000982
0.001058
0.002873
0.000924
0.000897
0.001047
0.000715
0.001582
0.001074
0.00091
0.00093
0.001254
0.000754
0.001134
0.002809
0.003501
0.001116
0.001403
0.003494
0.00073
0.001052
0.000955
0.000724
0.000741
0.000896
0.000908
0.000904
0.002134
0.001967
0.001596
0.002765
0.002773
0.000718
0.00131
0.001653
0.000785
0.001061
0.002037
0.002517
0.001656
0.002994
0.003332
0.000929
0.001171
0.001662
0.000706
0.003285
0.001957
0.0015
0.001175
0.001955
0.001946
0.001902
0.001496
0.004642
0.003239
0.001266
0.004516
0.001165
0.000728
0.001108
0.000754
0.000964
0.002806
0.001146
0.001174
0.000788
0.000946
0.001893
0.001439
0.001238
0.001398
0.002056
0.002147
0.000838
0.00236
0.002478
0.00113
0.002274
0.001128
0.0015
0.000715
0.000719
0.000935
0.0028
0.001307
0.001228
0.002789
0.00187
0.002156
0.001751
0.001108
0.00081
0.000868
0.000932
0.001022
0.000878
0.000875
0.000736
0.001416
0.001426
0.002632
0.000736
0.001465
0.00314
0.001132
0.001777
0.000715
0.000811
0.001164
0.001496
0.000712
0.000948
0.000702
0.000711
0.000785
0.00081
0.000885
0.000732
0.000736
0.000821
0.000793
0.000715
0.000756
0.000691
0.001018
0.003169
0.002778
0.002832
0.002787
0.002803
0.002783
0.003228
0.003237
0.003154
0.002786
0.003211
0.003172
0.003096
0.003118
0.003173
0.00311
0.003117
0.003166
0.003123
0.003181
0.003171
0.003165
0.003192
0.003197
0.003158
0.003293
0.003133
0.003128
0.003142
0.003167
0.003204
0.003117
0.003126
0.003162
0.003114
0.003166
0.003152
0.003125
0.003207
0.003141
0.003126
0.003258
0.003251
0.003292
0.003151
0.003143
0.003124
0.003146
0.003153
0.003182
0.003176
0.00332
0.003139
0.003101
0.003376
0.003149
0.003193
0.003131
0.003084
0.003232
0.003204
0.003087
0.00307
0.003149
0.003184
0.003121
0.003158
0.003175
0.003223
0.003088
0.003091
0.003684
0.002816
0.003077
0.003127
0.003297
0.002779
0.003084
0.00325
0.003858
0.00317
0.00343
0.003166
0.00276
0.003108
0.00156
0.002727
0.002734
0.002835
0.002805
0.002713
0.002722
0.00314
0.003114
0.002741
0.003401
0.003101
0.003137
0.003767
0.000829
0.000724
0.000716
0.000718
0.001097
0.000698
0.000714
0.000713
0.000765
0.00072