
2.31428
2.38461
2.32233
2.32021
2.33989
2.38059
2.3143
2.38381
2.31416
2.31165
2.32246
2.38059
2.38824
2.18113
2.07781
2.04293
1.84973
1.75747
1.71219
1.66883
1.55571
1.44634
1.46828
1.43731
1.42556
1.40224
1.37822
1.36213
1.27288
1.17975
1.14788
1.11942
1.04295
0.836213
1.20781
1.18154
1.16422
1.13894
1.12218
1.09704
1.04072
1.04072
1.01751
1.00244
0.980222
0.958428
0.944586
0.924051
0.898035
0.879684
0.862312
0.851141
0.809404
0.798997
0.791344
0.781121
0.77511
0.767318
0.765074
0.757864
0.755321
0.752449
0.752449
0.752627
0.753895
0.757198
0.760315
0.766337
0.771328
0.783332
0.79802
0.79802
0.802199
0.825086
0.840962
0.858066
0.870377
0.889519
0.902854
0.945592
0.945592
0.960428
0.999553
1.05841
1.07629
1.12817
1.1452
1.17096
1.19635
1.21339
1.2303
1.2555
1.28027
1.2966
1.32091
1.33696
1.37705
1.4011
1.44247
1.48687
1.50546
1.53448
1.55436
1.59033
1.60618
1.64916
1.68708
1.71365
1.74717
1.79296
1.79296
1.80462
1.82811
1.82811
1.88565
1.92517
1.95521
1.97448
2.01863
2.03693
2.07193
2.12304
2.16664
2.21089
2.22893
2.25634
2.27492
2.30291
2.32177
2.36965
2.38908
2.42824
2.46778
2.48797
2.49817
2.50231
2.52278
2.57948
2.58991
2.66274
2.66274
2.67332
2.7263
2.7263
2.74804
2.78063
2.8024
2.84702
2.8582
2.89206