
0.003644
0.003472
0.00631
0.004451
0.004524
0.010306
0.003577
0.004689
0.003818
0.003524
0.003441
0.007574
0.004593
0.003831
0.004517
0.003807
0.004401
0.00729
0.006018
0.009373
0.010401
0.007234
0.004685
0.003555
0.004199
0.00469
0.004026
0.003982
0.003841
0.003957
0.003691
0.003513
0.00414
0.00682
0.003306
0.004393
0.003517
0.003115
0.00469
0.0031
0.00356
0.006136
0.00451
0.004531
0.004367
0.007181
0.007612
0.0065
0.006264
0.006757
0.005953
0.005935
0.011417
0.005675
0.009907
0.006532
0.003754
0.013605
0.012366
0.003535
0.005896
0.004191
0.01472
0.010631
0.003591
0.004219
0.012668
0.006633
0.008993
0.004648
0.013466
0.008451
0.007108
0.006738
0.006147
0.007646
0.011299
0.010301
0.007903
0.00616
0.005459
0.003603
0.003932
0.010873
0.00585
0.005453
0.00744
0.005597
0.007299
0.004233
0.007405
0.004178
0.006603
0.006739
0.007621
0.008468
0.015568
0.007078
0.003158
0.01015
0.004928
0.005887
0.010907
0.003639
0.003242
0.011988
0.008868
0.003077
0.006819
0.006857
0.003565
0.004719
0.003879
0.008085
0.011372
0.010668
0.003812
0.00389
0.005287
0.00374
0.012636
0.004255
0.00611
0.003583
0.003545
0.00469
0.006297
0.007059
0.02075
0.012149
0.006673
0.00588
0.010826
0.012945
0.012753
0.00297
0.00448
0.005232
0.00671
0.010716
0.00383
0.003183
0.01201
0.003365
0.004247
0.005716
0.003702
0.004738
0.004097
0.005009
0.009266
0.01025
0.003736
0.00369
0.005652
0.009152
0.005415
0.004735
0.005921
0.005203
0.005942
0.007414
0.009659
0.007363
0.005258
0.005631
0.003879
0.004618
0.004585
0.00427
0.002699
0.006304
0.00515
0.005907
0.004847
0.005075
0.004695
0.004334
0.016214
0.006111
0.01161
0.004225
0.002897
0.006678
0.003676
0.002731
0.002529
0.009778
0.005803
0.003876
0.024477
0.003334
0.007009
0.012316
0.008727
0.005369
0.00713
0.008944
0.00281
0.004562
0.007447
0.006124
0.0098
0.022815
0.020734
0.003364
0.009225
0.008997
0.013568
0.009094
0.020445
0.009046
0.018143
0.011162
0.004922
0.009092
0.012345
0.007664
0.003153
0.005849
0.003939
0.003381
0.002804
0.005585
0.003797
0.004856
0.010027
0.009028
0.01004
0.006048
0.004308
0.005249
0.006405
0.009874
0.008782
0.003638
0.003267
0.010971
0.007432
0.012488
0.005979
0.006921
0.003598
0.009112
0.02008
0.019659
0.007513
0.00414
0.01593
0.003581
0.00383
0.011717
0.027007
0.010641
0.003828
0.003471
0.00933
0.003929
0.003773
0.006009
0.004688
0.005405
0.005716
0.005216
0.005436
0.006334
0.007852
0.006709
0.004647
0.010643
0.007957
0.008113
0.007428
0.006582
0.003899
0.003664
0.008144
0.004649
0.003518
0.005665
0.002011
0.007057
0.005081
0.006434
0.004378
0.003769
0.007546
0.009527
0.007663
0.004913
0.002004
0.003303
0.003743
0.004936
0.003552
0.003616
0.003966
0.003719
0.009155
0.007729
0.005308