
2e-06
1e-06
1e-06
1e-06
1e-06
1e-06
1e-06
1e-06
2e-06
1e-06
1e-06
1e-06
1e-06
1e-06
0
1e-06
2e-06
1e-06
1e-06
1e-06
1e-06
1e-06
1e-06
1e-06
1e-06
1e-06
2e-06
1e-06
1e-06
1e-06
1e-06
1e-06
2e-06
1e-06
1e-06
1e-06
1e-06
1e-06
2e-06
0
1e-06
1e-06
1e-06
1e-06
1e-06
0
1e-06
1e-06
1e-06
1e-06
0
1e-06
3e-06
2e-06
6e-06
3e-06
1e-06
1e-06
2e-06
1e-06
1e-06
2e-06
5e-06
2e-06
3e-06
2e-06
2e-06
3e-06
4e-06
2e-06
3e-06
3e-06
3e-06
2e-06
2e-06
0.080085
0.074267
0.076309
0.089623
1e-06
1e-06
1e-06
1e-06
2e-06
1e-06
1e-06
1e-06
1e-06
1e-06
1e-06
2e-06
1e-06
0.028316
2e-06
1e-06
1e-06
7e-06
1e-06
1e-06
1e-06
3e-06
2e-06
1e-06
0.026658
0.023535
0.023936
0.024869
0.022115
0.020441
0.020624
0.020098
0.017949
0.014511
0.02147
0.064696
0.060069
0.015318
0.014805
0.015695
0.016321
0.056528
0.019483
0.014163
0.01599
0.014503
0.035851
0.019675
0.018351
0.060549
0.067924
0.057864
0.031862
0.064873
0.072196
0.068714
0.019266
0.015872
0.016451
0.018091
0.057415
0.026647
0.020139
0.018558
0.020448
0.020697
0.019679
0.049502
0.03442
0.015827
0.017701
0.018139
0.017908
0.018067
0.016968
0.016941
0.015381
0.01785
0.017356
0.018601
0.01727
0.027114
0.061294
0.062074
0.043658
0.020952
0.021001
0.018227
0.021796
0.014835
0.024732
0.018766
0.024668
0.014639
0.014069
0.016293
0.036483
0.01544
0.01471
0.083006
0.01816
0.063474
0.015004
0.012625
0.012403
0.016533
0.012087
0.012515
0.015204
0.01602
0.014793
0.071386
2e-06
1e-06
7e-06
2e-06
1e-06
3e-06
3e-06
0.016379
1e-06
1e-06
2e-06
3e-06
4e-06
5e-06
1e-06
2e-06
2e-06
5e-06
0.079382
0.072438
6e-06
3e-06
4e-06
2e-06
2e-06
4e-06
1e-06
1e-06
2e-06
0.059556
0.014801
0.012677
0.014392
0.017443
1e-06
7e-06
3e-06
1e-06
1e-06
1e-06
2e-06
2e-06
3e-06
3e-06
2e-06
1e-06
3e-06
2e-06
5e-06
3e-06
2e-06
1e-06
6e-06
3e-06
5e-06
2e-06
1e-06
3e-06
2e-06
1e-06
7e-06
0.075974
0.078763
0.0156
0.013804
0.022295
0.019347
0.013131
0.015919
0.016417
0.018084
0.017899
0.016388
0.015991
0.017844
0.051914
0.073001
0.017305
0.054368
0.066881
0.023471
0.06006
0.022854
0.014878
0.014905
0.053533
0.028478
0.01571
0.015414
0.015594
0.015676
0.017179
0.016349
0.018939
0.016738
0.019442
0.015754
0.018534
0.018548
0.020154
0.019222
0.019796
0.018114
0.02121
0.018216
0.019598
0.018357
0.021283
0.018035
0.019959