
1.50472e+09
0.008028
0.007644
0.011694
0.0091
0.009202
0.017706
0.007606
0.009411
0.008205
0.007571
0.007557
0.014449
0.008986
0.007718
0.008427
0.007486
0.008656
0.014175
0.010713
0.016633
0.017886
0.012778
0.008964
0.007737
0.008062
0.008886
0.008139
0.0079
0.007496
0.007884
0.007325
0.007242
0.008256
0.012508
0.006852
0.008582
0.007249
0.007396
0.008998
0.0068
0.007308
0.01231
0.008356
0.007993
0.008754
0.013396
0.014263
0.012312
0.010795
0.011496
0.020203
0.060679
0.03567
0.077841
0.035991
0.044288
0.040661
0.10459
0.043124
0.010875
0.040923
0.078255
0.041346
0.03918
0.041483
0.067187
0.034773
0.069764
0.02913
0.068071
0.034175
0.066437
0.031947
0.063665
0.445031
0.146315
0.147497
0.380078
0.200329
0.055858
0.044914
0.023581
0.081563
0.034546
0.051798
0.154041
0.104633
0.057354
0.023937
0.054863
0.025882
0.075078
0.049331
0.042933
0.034643
0.154679
0.169017
0.042032
0.025582
0.117636
0.018369
0.04633
0.025169
0.065609
0.034133
0.126922
0.066054
0.032691
0.061808
0.03704
0.062012
0.036732
0.066102
0.041128
0.111396
0.211546
0.036123
0.137872
0.040368
0.038261
0.112669
0.04115
0.02812
0.026474
0.097937
0.063747
0.035937
0.062531
0.160527
0.129798
0.098472
0.050656
0.22011
0.175913
0.128785
0.040352
0.029993
0.063933
0.036119
0.103607
0.052171
0.030486
0.057177
0.031687
0.032773
0.105544
0.116298
0.052336
0.13464
0.043454
0.03988
0.061026
0.036112
0.064302
0.035536
0.064315
0.036116
0.064962
0.03472
0.066645
0.043957
0.098953
0.149167
0.076083
0.049823
0.034869
0.057275
0.126354
0.07816
0.038588
0.082103
0.051371
0.038019
0.062532
0.041856
0.060544
0.035049
0.106351
0.150019
0.081839
0.117834
0.025501
0.049676
0.057493
0.143635
0.030454
0.043259
0.063357
0.037671
0.104632
0.142624
0.030077
0.119267
0.050233
0.112961
0.067326
0.050028
0.027748
0.05802
0.039203
0.07668
0.025174
0.112748
0.125603
0.050994
0.045792
0.043945
0.266572
0.092405
0.165508
0.17637
0.024961
0.063978
0.024105
0.02762
0.093833
0.048129
0.017209
0.040085
0.089413
0.190713
0.035282
0.040394
0.063951
0.036674
0.097208
0.034265
0.026664
0.041718
0.138288
0.021007
0.040542
0.124682
0.04409
0.018982
0.011514
0.070323
0.03127
0.079232
0.030625
0.056219
0.032594
0.086689
0.028233
0.103311
0.065451
0.025875
0.062176
0.170289
0.019093
0.193371
0.093424
0.188878
0.130207
0.026092
0.050775
0.066467
0.033281
0.060712
0.039232
0.062741
0.037432
0.062037
0.037589
0.056864
0.129251
0.094563
0.12413
0.039608
0.097342
0.123812
0.056738
0.106992
0.035877
0.047837
0.039533
0.098017
0.039859
0.030782
0.031176
0.146785
0.042759
0.038747
0.062908
0.037118
0.063729
0.036093
0.062455
0.037764
0.063249
0.036774
0.063284
0.036756
0.064486
0.035424
0.064188
0.036124
0.065305
0.039137
0.051254