
0.007604
0.013503
0.022561
0.009301
0.014963
0.009891
0.020356
0.008445
0.014507
0.017987
0.015729
0.01636
0.013214
0.035176
0.036924
0.017053
0.073785
0.028117
0.024412
0.029976
0.014261
0.035985
0.031972
0.023064
0.023923
0.016254
0.085196
0.013779
0.024089
0.066682
0.028611
0.022809
0.034417
0.019884
0.013679
0.012779
0.01507
0.012998
0.00918
0.005965
0.010762
0.01148
0.022816
0.010508
0.055246
0.013764
0.012331
0.05343
0.01918
0.020532
0.009883
0.060638
0.025778
0.011616
0.013075
0.020724
0.013601
0.013177
0.061327
0.054735
0.005325
0.012298
0.012645
0.013408
0.013639
0.013331
0.014422
0.015559
0.018044
0.061043
0.014686
0.014264
0.006535
0.051183
0.054462
0.011667
0.012176
0.011423
0.055257
0.026275
0.049032
0.018729
0.006956
0.006964
0.012727
0.054342
0.016622
0.067332
0.00863
0.050214
0.023069
0.01132
0.02384
0.061595
0.068813
0.008267
0.006574
0.068542
0.059983
0.056298
0.056922
0.024587
0.039883
0.015274
0.038056
0.007797
0.009652
0.013263
0.040237
0.005684
0.009573
0.010145
0.07078
0.019278
0.018324
0.026787
0.015312
0.031516
0.059269
0.020281
0.010041
0.005358
0.057377
0.060462
0.019439
0.015944
0.0107
0.01227
0.012047
0.006438
0.021073
0.021148
0.010963
0.018778
0.022341
0.013126
0.024373
0.010408
0.022026
0.005124
0.010245
0.011119
0.01239
0.013061
0.011594
0.01263
0.012595
0.013731
0.013416
0.01446
0.005481