
44
114
39
146
166
39
16
44
19
39
21
67
31
57
109
61
142
175
42
8
22
17
50
15
145
50
42
54
15
50
57
145
40
102
49
138
40
37
145
19
44
54
54
40
54
40
54
17
247
71
500
500
57
257
94
139
136
75
75
424
63
500
61
425
73
388
160
87
139
424
160
102
87
500
162
303
95
73
403
335
88
138
137
260
73
289
48
88
77
36
50
58
80
40
85
33
23
76
77
84
314
134
157
76
92
70
280
229
243
105
77
92
139
320
126
126
128
153
174
75
243
12
92
126
251
81
70
132
131
103
221
96
255
120
246
96
197
103
163
239
396
401
151
93
350
391
99
166
294
99
122
171
161
56
122
136
103
103
286
176
121
341
173
341
59
188
142
49
145
103
103
142
286
194
176
317
219
108
199
122
141
285
155
209
121
137
218
44
127
42
80
306
45
183
165
50
183
84
84
123
170
307
163
162
139
163
183
84
139
127
111
84
183
84
38
48
42
55
35
38
18
37
45
50
75
87
87
168
97
202
71
298
88
52
30
46
318
52
19
25
31
26
89
32
152
52
64
44
8
52
56
144
59
105
58
148
105
107
262
61
348
105
89
248
80
75
75
70
87
87
256
71
75
247
81
71
75
79
410
156
70
142
87
339
70
75
70
111
88
27
14
44
15
15
77
22
57
82
63
60
57
57
108
57
63
76
415
72
63
108
415
96
64
80
177
92
92
166
77
46
169
246
155
229
203
64
92
289
108
153
46
316
81
77
311
286
286
92
92
167
61
25
93
40
57
22
22
40
53
44
41
57
85
99
299
327
124
91
91
178
141
33
105
330
59
99
112
327
92
112
193
97
124
179
160
231
32
141
171
115
115
333
139
234
125
72
157
21
186
21
178
234
21
110
69
85
333
92
75
165
157
103
234
22
301
166
123
104
174
243
136
85
166
11
301
10
243
348
166
145
167
166
166
346
169
166
229
10
117
133
221
133
129
166
122
133
348
10
383
255