
500
159
187
146
166
187
147
500
504
187
57
154
334
142
175
174
143
256
488
221
60
149
140
138
60
65
145
254
69
224
257
135
139
136
75
75
424
63
500
61
89
136
310
126
150
89
104
84
282
64
77
124
314
134
157
76
92
70
280
229
81
112
132
131
103
221
96
255
120
246
161
102
122
136
103
103
286
176
121
341
218
91
127
97
80
306
109
183
165
110
187
87
108
90
73
75
103
168
155
75
183
70
65
82
60
89
94
152
299
64
248
80
75
75
70
87
87
256
71
70
415
345
65
67
153
79
79
169
67
57
415
96
64
80
177
92
92
166
77
46
320
87
287
315
122
80
80
166
140
44
85
99
299
327
124
91
91
178
141
33
171
115
115
333
139
234
125
72
157
21
301
166
123
104
174
243
136
85
166
11
354
127
229
139
172
247
352
390
260
22