
0.024374
0.002074
0.001956
0.004311
0.002762
0.002992
0.004601
0.00259
0.002047
0.002852
0.002243
0.002037
0.001987
0.002792
0.002188
0.002752
0.002168
0.00297
0.002231
0.002581
0.002543
0.00229
0.004039
0.003933
0.002489
0.004728
0.002312
0.004823
0.002293
0.002093
0.002279
0.00304
0.002288
0.002414
0.002243
0.002391
0.002145
0.002001
0.002425
0.002434
0.002009
0.00193
0.002759
0.002148
0.001807
0.002816
0.001701
0.001923
0.002075
0.00188
0.002689
0.002812
0.00262
0.002729
0.002023
0.003054
0.001893
0.002042
0.002352
0.004144
0.004565
0.001813
0.002057
0.003943
0.003477
0.00404
0.003211
0.00563
0.003728
0.002242
0.002458
0.006667
0.004167
0.003907
0.002028
0.001879
0.001873
0.002565
0.009115
0.007013
0.002037
0.002312
0.004321
0.003898
0.003837
0.005465
0.002726
0.004364
0.004362
0.005182
0.004188
0.00397
0.003514
0.043134
0.002494
0.003498
0.005242
0.005973
0.006689
0.003643
0.007044
0.003142
0.008303
0.004699
0.002523
0.007465
0.002468
0.006617
0.002465
0.02319
0.001994
0.001514
0.002031
0.002325
0.000878
0.00131
0.001341
0.008574
0.004678
0.002007
0.003703
0.003267
0.003619
0.002063
0.002205
0.00206
0.002194
0.00161
0.002651
0.004958
0.001256
0.003087
0.004082
0.002805
0.003153
0.020182
0.002413
0.00154
0.001503
0.002072
0.002236
0.002362
0.001479
0.002169
0.002258
0.004918
0.002552
0.003486
0.003567
0.004913
0.002578
0.002457
0.002308
0.004941
0.002764
0.002387
0.001342
0.004489
0.004196
0.001782
0.00507
0.005593
0.009769
0.020595
0.001485
0.004662
0.00169
0.004407
0.00225
0.002753
0.003461
0.00497
0.002534
0.002077
0.001764
0.005159
0.003135
0.003821
0.002213
0.001624
0.004422
0.004492
0.001946
0.002778
0.002237
0.005329
0.00656
0.007034
0.027377
0.001779
0.001438
0.002317
0.001419
0.001521
0.00157
0.001864
0.00152
0.001773
0.001645
0.002418
0.001373
0.002491
0.019312
0.001593
0.003547
0.002378
0.003362
0.004879
0.002442
0.004077
0.002025
0.00203
0.002607
0.003974
0.002683
0.001906
0.01341
0.007119
0.003412
0.003931
0.003174
0.007073
0.019133
0.001329
0.007874
0.008101
0.001516
0.002921
0.003425
0.004506
0.007123
0.002177
0.001762
0.004114
0.004388
0.001921
0.002648
0.003874
0.002057
0.002838
0.002437
0.020181
0.001388
0.003222
0.004391
0.001958
0.001442
0.004209
0.002874
0.002266
0.001363
0.002241
0.001883
0.001809
0.002495
0.00395
0.003553
0.002897
0.003943
0.003291
0.003561
0.004836
0.003079
0.003321
0.0047
0.003492
0.003688
0.002225
0.002685
0.018697
0.001261
0.001184
0.001221
0.001209
0.002926
0.002279
0.001555
0.004086
0.003437
0.003988
0.003076
0.003001
0.003048
0.002703
0.010017
0.001505
0.002746
0.007063
0.002752
0.001492
0.002921
0.001548
0.001995
0.001491
0.019717
0.00274
0.001536
0.001413
0.00144
0.001356
0.000934
0.001322
0.002276
0.002299
0.001328
0.001496
0.001554
0.001346
0.001532
0.003995
0.002635
0.003884
0.002498
0.016971
0.001809
0.001935
0.002308
0.002206
0.001671
0.001632
0.007387
0.004211
0.005806
0.016738
0.001623
0.001025
0.001008
0.001274
0.001132
0.00127
0.00142
0.001569
0.003634
0.002125
0.004847
0.001857
0.005989
0.002618
0.001509
0.003017
0.0019
0.002826
0.003514
0.006312
0.007422
0.007117
0.0146
0.001856
0.006088
0.003084
0.002684
0.020975
0.001352
0.009251
0.00564
0.005978
0.007236
0.005648
0.012405
0.007651
0.002671
0.005896
0.007486
0.005197
0.001671
0.003362
0.002117
0.022689
0.002876
0.002584
0.001433
0.000962
0.001405
0.001099
0.001012
0.002374
0.001075
0.001505
0.002011
0.001529
0.002246
0.001585
0.002095
0.003171
0.005629
0.002632
0.003074
0.004601
0.002378
0.001556
0.00236
0.019601
0.001129
0.002899
0.003424
0.004253
0.006679
0.005991
0.002083
0.001994
0.007592
0.00492
0.008432
0.003143
0.003376
0.004644
0.002034
0.005539
0.014319
0.014469
0.005285
0.002397
0.004163
0.007584
0.025195
0.002516
0.001384
0.001825
0.001561
0.002398
0.001409
0.001348
0.001503
0.002207
0.00114
0.002102
0.002315
0.002552
0.002245
0.024498
0.001108
0.006857
0.019189
0.006973
0.002505
0.001989
0.006279
0.002427
0.002254
0.004008
0.003129
0.003633
0.003599
0.003466
0.003683
0.001369
0.002836
0.021516
0.001084
0.005289
0.003311
0.003264
0.003044
0.007387
0.003853
0.003792
0.002807
0.002646
0.004864
0.004374
0.002473
0.002449
0.004986
0.002833
0.001992
0.004065
0.000967
0.001073
0.018259
0.00099
0.003874
0.000984
0.003438
0.004306
0.002311
0.002267
0.002913
0.002343
0.002386
0.004076
0.002926
0.002303
0.003251
0.000973
0.00194
0.002159
0.003249
0.002049
0.002089
0.002279
0.002164
0.002186
0.004197
0.001004
0.00433
0.003558
0.022956