
1.8357
1.8357
1.8357
1.8357
1.8357
1.8357
1.8357
1.8357
1.8357
1.8357
1.8357
1.8357
1.79513
1.79513
1.8357
1.79513
1.79513
1.8357
1.8357
1.8357
1.8357
1.8357
1.8357
1.8357
1.79513
1.8274
1.79396
1.79396
1.78095
1.76268
1.76403
1.74728
1.72517
1.6902
1.66237
1.63675
1.691
1.94298
1.82876
1.81097
1.73947
1.72159
1.56287
1.55408
1.43471
1.41538
1.33349
1.31662
1.8954
1.90089
1.82234
1.80367
1.82317
1.82752
1.81636
1.80219
1.75603
1.74131
1.74131
1.71652
1.69675
1.68095
1.64311
1.62533
0.660768
0.662003
0.628009
0.664772
0.64603
0.640331
0.631061
0.590691
0.590954
0.556695
0.547434
0.59923
0.597468
0.579899
0.516077
0.516077
0.526705
0.595631
0.527074
0.527074
0.527074
0.527258
0.527442
0.527478
0.52766
0.517387
0.517565
0.517635
0.51767
1.5732
1.5732
1.5732
1.51389
1.55959
1.53862
1.53945
1.53949
1.53229
1.54755
1.54716
1.57328
1.57244
1.57217
1.54158
1.53322
1.53322
1.47956
1.47948
1.55484
1.49188
1.49175
1.51648
1.51324
1.5597
1.55953
1.51851
1.50439
0.591254
0.591254
0.591135
0.591135
0.590568
0.639393
0.639106
0.639106
0.639106
0.609823
0.638736
0.59825
0.563271
0.551502
0.567241
0.567349
0.582612
0.570936
1.55857
1.55703
1.55578
1.54611
1.54611
1.55062
1.54378
1.54379
1.54605
1.54008
1.55003
1.55191
1.54525
1.52931
1.52906
1.52274
1.52271
1.52271
1.51037
1.50985
1.51915
1.51911
1.52946
1.51894
1.56505
1.565
1.5765
1.50449
1.54549
1.52471
1.52501
1.50629
1.5048
1.5015
1.49629
1.49613
1.57901
1.58208
1.54175
1.54159
1.54218
1.54822
1.56854
1.5133
1.51064
1.31078
1.3606
1.35069
1.33606
1.3096
1.30449
1.30449
1.23337
1.30692
1.20232
1.18386
1.2409
1.16433
1.15476
1.22371
1.20436
1.12672
1.12672
1.10219
1.10838
1.06086
1.05126
1.07771
1.07771
1.0242
1.0242
1.00502
0.971298
0.940575
0.914367
0.904577
0.853315
0.847788
0.830094
0.885876
0.857771
0.859297
1.58264
1.6581
1.6581
1.72061
1.65763
1.65763
1.63043
1.63043
1.64944
1.64384
1.63384
1.58753
1.58297
1.56164
1.55283
1.5006
0.870437