
0.001018
0.001159
0.000953
0.000937
0.001052
0.001056
0.000918
0.001046
0.001011
0.000967
0.000858
0.001094
0.001036
0.001076
0.001027
0.000899
0.001051
0.001115
0.000975
0.001171
0.000896
0.001228
0.001082
0.001278
0.001146
0.001008
0.001124
0.000909
0.001101
0.000998
0.000927
0.000984
0.000946
0.00086
0.001045
0.000972
0.000866
0.001336
0.000824
0.001066
0.001048
0.000865
0.00123
0.000991
0.000965
0.001163
0.001373
0.000848
0.00083
0.000877
0.000954
0.000944
0.001061
0.001456
0.001331
0.001509
0.001725
0.001694
0.001275
0.001324
0.001473
0.001487
0.001392
0.001669
0.001618
0.001415
0.001426
0.001408
0.001418
0.001355
0.001104
0.001651
0.001238
0.001486
0.00088
0.001388
0.000979
0.00137
0.001211
0.000941
0.001015
0.001018
0.00093
0.001122
0.001071
0.001088
0.001113
0.001498
0.001186
0.001098
0.000983
0.001127
0.001477
0.000986
0.001089
0.000929
0.001115
0.001244
0.00115
0.000913
0.001013
0.000976
0.001372
0.000982
0.001038
0.00114
0.001076
0.001153
0.000975
0.001065
0.001088
0.000984
0.000966
0.000838
0.000986
0.000991
0.001015
0.000979
0.000943
0.001117
0.001181
0.000924
0.000931
0.001106
0.0011
0.001085
0.001091
0.001094
0.00097
0.000998
0.001057
0.001118
0.001009
0.001153
0.001053
0.001766
0.000958
0.00112
0.000843
0.00317
0.00106
0.001209
0.001158
0.001057
0.00093
0.001004
0.000965
0.00131
0.001282
0.000884
0.001012
0.001103
0.001526
0.001022
0.001375
0.001292
0.00171
0.001307
0.001164
0.001241
0.001032
0.001105
0.001112
0.001038
0.00116
0.000886
0.000883
0.001011
0.000985
0.001095
0.001367
0.001094
0.00116
0.001193
0.00107
0.000975
0.000993
0.001137
0.001655
0.000968
0.001337
0.001141
0.001041
0.001301
0.00169
0.000953
0.001298
0.00096
0.001053
0.001063
0.001565
0.00285
0.001289
0.001158
0.001188
0.000931
0.001371
0.001035
0.001322
0.001049
0.001141
0.001063
0.000956
0.001078
0.001036
0.001066
0.001302
0.00124
0.000871
0.001201
0.000987
0.00113
0.001072
0.001049
0.001034
0.000942
0.001006
0.001576
0.001024
0.001389
0.001167
0.001135
0.001054
0.00115
0.001173
0.001061
0.001043
0.001306
0.001085
0.001042
0.001146
0.001113
0.001019
0.001263
0.001349
0.001174
0.001102
0.001339
0.00109
0.001421
0.001265
0.001197
0.001012
0.000941
0.000976
0.000983
0.001455
0.001426
0.000943
0.001285
0.000996
0.001819
0.00105
0.00106
0.000961
0.000795
0.000815
0.001034
0.000945
0.000901
0.000981
0.002605
0.001116
0.001135
0.000956
0.001215
0.001234
0.000983
0.001183
0.003339
0.001177
0.000944
0.002269
0.001845
0.001665
0.001441
0.001289
0.00321
0.000975
0.000972
0.001007
0.00209
0.00157
0.001242
0.001749
0.00092
0.00088
0.000946
0.001142
0.001178
0.001081
0.003103
0.001355
0.001053
0.000932
0.001101
0.001237
0.00094
0.00088
0.000981
0.001078
0.000982
0.001035
0.001133
0.001119
0.001637
0.00131
0.001112
0.000858
0.00086
0.000789
0.002502
0.000985
0.000918
0.001431
0.002144
0.001863
0.001206
0.003202
0.001649
0.001702
0.001664
0.001552
0.001232
0.001664
0.00288
0.000911
0.000957
0.002311
0.00108
0.00093
0.003188
0.001232
0.001154
0.00084
0.001109
0.000962
0.002068
0.000873
0.001128
0.001462
0.001235
0.001373
0.001489
0.002123
0.001329
0.001275
0.000977
0.001823
0.000888
0.00087
0.001257
0.002163
0.001611
0.001382
0.001097
0.001076
0.001778
0.001443
0.001449
0.001096
0.001233
0.001555
0.000998
0.001259
0.001599
0.001121
0.001007
0.001191
0.003554
0.000909
0.000869
0.002761
0.001805
0.00106
0.001438
0.001272
0.001561
0.001191
0.001013
0.000841
0.000942
0.001106
0.001039
0.001527
0.001266
0.000985
0.000944
0.000978
0.001159
0.002974
0.00142
0.003326
0.001358
0.002559
0.002809
0.001487
0.00151
0.002739
0.001801
0.001243
0.001135
0.002625
0.001063
0.000931
0.001202
0.001039
0.001207
0.001395
0.00103
0.00132
0.001086
0.000814
0.000954
0.000851
0.001124
0.000875
0.000932
0.001276
0.001061
0.000995
0.00095
0.001003
0.001332
0.000851
0.001033
0.001514
0.00105
0.001506
0.00121
0.000998
0.001061
0.000857
0.000813
0.001169
0.000886
0.000869
0.001027
0.001153
0.000942
0.003075
0.001122
0.001124
0.001446
0.002274
0.001045
0.000977
0.001031
0.000912
0.001035
0.001174
0.001033
0.000945
0.001083