
0.005575
0.005848
0.006026
0.005573
0.00557
0.004282
0.005069
0.009477
0.00407
0.005476
0.005303
0.004016
0.010056
0.011334
0.004367
0.004005
0.006197
0.009501
0.009784
0.004372
0.009608
0.005083
0.004485
0.011206
0.012187
0.005624
0.008495
0.004427
0.005421
0.004157
0.008587
0.004158
0.004027
0.003896
0.004602
0.008674
0.010041
0.009118
0.005612
0.005601
0.004208
0.00379
0.009757
0.004714
0.005966
0.009413
0.007906
0.004232
0.00437
0.008498
0.005707
0.005793
0.004801
0.015963
0.005521
0.009327
0.022181
0.014463
0.010298
0.008661
0.007356
0.006117
0.009402
0.008096
0.00756
0.007507
0.008297
0.013069
0.007635
0.00652
0.006624
0.007191
0.007273
0.008923
0.007852
0.012021
0.00834
0.009967
0.004256
0.004677
0.003996
0.003933
0.00472
0.005318
0.008417
0.016428
0.008151
0.006191
0.00807
0.004925
0.004576
0.007191
0.007032
0.005204
0.004841
0.00451
0.006289
0.005671
0.015248
0.006139
0.005525
0.005191
0.00612
0.005775
0.006005
0.01075
0.004835
0.007531
0.009882
0.015484
0.005357
0.005643
0.004623
0.008661
0.005644
0.00532
0.005671
0.009309
0.00426
0.005329
0.004838
0.009701
0.005132
0.008778
0.005004
0.008492
0.005639
0.008612
0.005016
0.00512
0.008225
0.008343
0.007699
0.008697
0.007983
0.019412
0.00876
0.007972
0.004645
0.019704
0.009732
0.014712
0.012332
0.007999
0.005576
0.007976
0.006656
0.00594
0.010551
0.00994
0.008267
0.007992
0.011189
0.008282
0.009095
0.020736
0.016282
0.017576
0.009871
0.011806
0.005651
0.004784
0.005318
0.005483
0.012116
0.007681
0.007425
0.004931
0.014816
0.004947
0.010104
0.005068
0.008883
0.008977
0.009143
0.004566
0.004767
0.014382
0.008292
0.004485
0.007181
0.005812
0.011394
0.009015
0.013405
0.005944
0.005988
0.004401
0.005784
0.004955
0.007503
0.021977
0.006708
0.015114
0.015212
0.009074
0.007337
0.005743
0.005859
0.004466
0.009237
0.021284
0.004217
0.012491
0.011483
0.008742
0.016755
0.022705
0.004313
0.017594
0.004365
0.010196
0.01961
0.006017
0.005268
0.005536
0.005265
0.01048
0.006752
0.013544
0.012044
0.010247
0.004274
0.007628
0.004892
0.007716
0.005819
0.012084
0.010353
0.010911
0.011016
0.008976
0.008379
0.00959
0.009479
0.010543
0.005877
0.005955
0.006092
0.006983
0.010328
0.006298
0.00693
0.005991
0.009078
0.013509
0.007782
0.018604
0.011055
0.011229
0.005895
0.018912
0.009522
0.014776
0.009032
0.004603
0.007426
0.009084
0.005527
0.005417
0.006686
0.01347
0.010113
0.017888
0.005048
0.007205
0.005825
0.004878
0.005094
0.017792
0.017284
0.004918
0.021805
0.025155
0.016404
0.00898
0.008661
0.016709
0.00968
0.005021
0.005386
0.015848
0.012161
0.00569
0.011501
0.004181
0.009734
0.009727
0.010808
0.015221
0.006279
0.029308
0.008086
0.013343
0.004757
0.006325
0.007508
0.005407
0.004379
0.006051
0.00998
0.00447
0.004361
0.005342
0.01099
0.023881
0.009568
0.00661
0.008636
0.004836
0.00652
0.019938
0.010345
0.006684
0.006926
0.021257
0.012773
0.008968
0.021036
0.011367
0.016387
0.020369
0.012252
0.005985
0.016626
0.035776
0.008265
0.004835
0.012423
0.004545
0.004005
0.036569
0.004717
0.016053
0.005761
0.009191
0.004988
0.038746
0.009211
0.006943
0.019939
0.005695
0.010803
0.015819
0.009715
0.004828
0.007541
0.004298
0.015797
0.004665
0.009735
0.006723
0.014972
0.006288
0.005858
0.005733
0.014008
0.010074
0.005948
0.015673
0.011574
0.022835
0.007699
0.00359
0.007596
0.008362
0.01087
0.007281
0.010495
0.035223
0.011606
0.004391
0.009461
0.015608
0.003473
0.011423
0.004382
0.007438
0.010767
0.010455
0.006695
0.004944
0.005915
0.008983
0.007113
0.00556
0.004156
0.007796
0.01044
0.006405
0.019743
0.025602
0.02557
0.007437
0.021241
0.010621
0.012416
0.004855
0.0482
0.009282
0.009075
0.00563
0.02373
0.011175
0.002748
0.011214
0.002818
0.008901
0.028361
0.00797
0.011291
0.003994
0.002495
0.005547
0.002557
0.011204
0.009801
0.005443
0.012352
0.011524
0.014376
0.003992
0.01124
0.007493
0.003498
0.010362
0.017626
0.015056
0.003856
0.008711
0.00505
0.009362
0.009736
0.004967
0.010265
0.0092
0.002238
0.007466
0.006012
0.010996
0.016458
0.00797
0.007174
0.006717
0.025041
0.014213
0.009467
0.009543
0.01271
0.00755
0.00925
0.012667
0.011988
0.01585