
0.0282843
0.0282843
0.0506894
0.0836894
0.0897372
0.0677318
0.100732
0.0792383
0.101961
0.0820456
0.115046
0.0945764
0.0351589
0.0550083
0.0281839
0.163186
0.153715
0.168702
0.169913
0.161434
0.173944
0.158184
0.165999
0.158267
0.178058
0.161599
0.273396
0.273329
0.273329
0.273495
0.273495
0.273661
0.273694
0.273858
0.273858
0.27402
0.274083
0.274114
0.274085
0.274085
0.274109
0.273858
0.273873
0.273908
0.273958
0.273964
0.273954
0.273932
0.273923
0.273923
0.273918
0.273904
0.27389
0.27389
0.27389
0.273868
0.27386
0.273848
0.273752
0.273717
0.273748
0.273533
0.273533
0.273434
0.273374
0.273374
0.27323
0.27323
0.273121
0.273121
0.00528029
0.00528029
0.00528032
0.00528032
0.00486572
0.00490703
0.00486562
0.00490581
0.00506683
0.00518619
0.00530316
0.0054933
8.52872e-05
0.000137946
0.000263848
0.000348618
0.000348614
0.000348614
0.000348615
0.000263719
0.000221418
5.15185e-05
0.000178905
0.000255754
0.000255754
0.000383716
0.00059582
0.000638268
0.000934844
0.000977283
0.000977289
0.00101972
0.000934876
0.000680931
0.000723213
0.000427506
0.000427506
0.000385277
0.000427676
0.000468888
0.000298064
0.000298064
0.000266438
0.000648996
0.000947509
0.0011177
0.00128776
0.0054803
0.00519117
0.00524967
0.00549664
0.00549664
0.00602079
0.00605503
0.00608972
0.00608972
0.00605391
0.00605254
0.00632691
0.00640588
0.011672
0.0115495
0.0115086
0.0113454
0.0111427
0.0111832
0.0111434
0.0111434
0.0111825
0.0167772
0.0167772
0.0345503
0.0346352
0.0643318
0.0292105
0.0782633
0.0494208
0.0621578
0.041402
0.0743301
0.0640444
0.0866229
0.0553588
0.087986
0.0968378
0.0761802
0.119544
0.0891005
0.215018
0.0444566
0.0722229
0.104231
0.095729
0.095729
0.102685
0.118714
0.12663
0.12663
0.12663
0.017451
0.00973623
0.00973623
0.0232663
0.0562659
0.01671
0.0455792
0.0249255
0.066
0.00995006
0.0660002
0.0146006
0.0473746
0.00893165
0.0167724
0.00708482
0.0369463
0.0369463
0.0191072
0.0142368
0.0142368
0.0147526
0.0389331
0.00735452
0.0537664
0.0254887
0.0172305
0.00262722
0.0180506
0.0508239
0.0108463
0.0428644
0.0121242
0.0472566
0.0513035
0.0154488
0.0410539
0.032889
0.020488
0.020488
0.0017777
0.0537054
0.0125724
0.00385
0.0133302
0.00755642
0.0402957
0.0660001
0.0214169
0.00182557
0.0321323
0.00920735
0.0282254
0.035005
0.0145582
0.0185994
0.0115362
0.0115362
0.00438399
0.0090276
0.0090276
0.0264581
0.0531213
0.0103996
0.00756611
0.0255313
0.0660007
0.00998498
0.00998498
0.0429058
0.0207256
0.0197147
0.0197147
0.00665353
0.00665353
0.0275793
0.0100568
0.0100568
0.0250682
0.0577381
0.0233571
0.0359659
0.0739922
0.0602556
0.0793503
0.0719665
0.0719665
0.0390662
0.0390662