
2e-06
1e-06
1e-06
1e-06
1e-06
1e-06
1e-06
1e-06
2e-06
1e-06
1e-06
1e-06
1e-06
1e-06
1e-06
1e-06
2e-06
1e-06
1e-06
1e-06
1e-06
1e-06
1e-06
1e-06
1e-06
1e-06
1e-06
1e-06
1e-06
1e-06
0
1e-06
1e-06
1e-06
1e-06
1e-06
1e-06
1e-06
1e-06
1e-06
1e-06
1e-06
1e-06
1e-06
1e-06
1e-06
1e-06
1e-06
1e-06
1e-06
0
1e-06
1e-06
2e-06
1e-06
2e-06
2e-06
2e-06
2e-06
2e-06
2e-06
2e-06
2e-06
2e-06
4e-06
2e-06
2e-06
2e-06
1e-06
1e-06
2e-06
2e-06
2e-06
1e-06
1e-06
0.016687
0.016295
0.016678
0.056381
0.016095
0.016221
0.016224
0.016674
0.016988
0.01583
0.015575
0.021249
0.02113
0.021168
0.021843
1e-06
1e-06
4e-06
2e-06
1e-06
2e-06
2e-06
1e-06
2e-06
2e-06
2e-06
1e-06
2e-06
2e-06
2e-06
2e-06
2e-06
0.018742
0.018422
0.017606
0.040172
0.019749
0.019723
0.019226
0.019495
0.019564
0.019361
0.019594
2e-06
2e-06
2e-06
2e-06
2e-06
2e-06
2e-06
2e-06
2e-06
2e-06
6.6e-05
2e-06
2e-06
2e-06
2e-06
2e-06
2e-06
4e-06
2e-06
1e-06
1e-06
9e-06
2e-06
0.022847
0.018175
0.039934
0.019273
0.016743
0.016608
0.01695
0.017087
0.016689
0.017273
0.038483
0.062165
0.021953
0.022049
0.021776
0.062433
0.032496
0.026961
0.023093
0.024829
0.040329
0.025097
0.02529
0.028583
0.024305
0.02425
0.025035
0.021093
0.021293
0.023286
0.023201
0.053669
0.024165
0.02426
0.024699
0.023601
0.021051
0.060031
0.020781
0.032597
0.023104
0.021159
0.020476
0.065238
2e-06
0.019784
0.017027
0.016817
0.017641
0.063186
0.06763
0.034391
0.02084
0.023373
0.029828
0.071161
0.037475
0.040227
0.024524
0.024662
0.026171
0.024663
0.024627
0.027226
0.024911
0.027951
0.031429
0.026888
0.030058
0.032283
0.029204
0.033013
0.032162
0.029904
0.023922
0.024717
0.067696
0.024196
0.023891
0.026239
0.028544
0.02535
0.02628
0.035767
0.026569
0.027182
0.024164
0.026661
2e-06
0.027939
0.027999
0.030223
0.029319
0.029658
0.028769
0.02795
0.026394
0.022573
0.065259
0.020995
0.024136
0.024207
0.041024
0.023773
0.053407
0.061137
0.064192
0.02508
0.065429
0.028483
0.070003
0.026695
0.02294
0.021302
0.021219
0.02109
0.021054
0.020718
0.020655
0.018823
0.062868
0.032706
0.02012
0.020109
0.017727
0.017215
0.017339
0.016939
0.064753
0.018515
0.018511
0.053918
0.076478
3e-06
3e-06
2e-06
8e-06
2e-06
2e-06
2e-06
4e-06
4e-06
0.052424
3e-06
1e-06
1e-06
2e-06
2e-06
2e-06
2e-06
7e-06
3e-06
2e-06
3e-06
1e-06
0.02372
2e-06
1e-06
2e-06
0.018199
2e-06
1e-06
2e-06
2e-06
4e-06
2e-06
1e-06
1e-06
2e-06
1e-06
6e-06
2e-06
1e-06
2e-06
3e-06
4e-06
2e-06
6e-06
2e-06
3e-06
3e-06
3e-06
2e-06
3e-06
6e-06
4e-06
1e-06
6e-06
3e-06
1e-06
5e-06
1e-06
2e-06
1e-06
1e-06
2e-06
4e-06
2e-06
0.023569
3e-06
3e-06
2e-06
1e-06
3e-06
1e-06
1e-06
2e-06
2e-06
2e-06
1e-06
1e-06
5e-06
4e-06
7e-06
1e-06
2e-06
0.064472
0.023378
0.022509
0.017606
0.03239
0.020279
0.020538
0.020541
0.082561
0.019506
0.021021
0.020494
0.075964
0.021461
0.041298
0.021648
0.060948
0.023747
0.056777
0.022025
0.081288
0.028168
0.018018
0.019094
0.017727
0.054917
0.01582
0.022442
0.017544
0.013658
0.013332
0.014667
0.035673
0.058158
0.053951
0.063093
0.026986
0.06802
0.064836
0.066271
0.027217
0.071503
0.053434
0.037668
0.014802
0.055203
0.017332
0.018599
0.036017
0.03757
0.023544
0.036413
0.027114
0.059377
0.026588
0.018815
0.019201
0.019088
0.037278
0.016891
0.016488
0.017024
0.031855
0.021386
0.020129
0.020416
0.069545
0.02635
0.017255
0.058301
0.019479
0.080834
0.035519
0.020371
0.024353
0.019863
0.019805
0.017926
0.019371
0.019581
0.020089
0.019563
0.018306
0.094477
0.031855
0.015544
0.026488
0.055603
0.012065
0.014942
0.016405
0.016611
0.016785
0.01887
0.016547
0.016405
0.016592