
0.008244
0.008328
0.008775
0.008052
0.008111
0.006355
0.007273
0.014307
0.006325
0.008166
0.007624
0.006516
0.014989
0.016208
0.00651
0.006107
0.008833
0.014025
0.013083
0.006669
0.012295
0.0073
0.005915
0.01634
0.017122
0.0083
0.012121
0.006253
0.008122
0.006499
0.011662
0.006434
0.006299
0.006103
0.006374
0.011705
0.013335
0.013643
0.008091
0.00797
0.006288
0.005743
0.014533
0.007135
0.008591
0.014269
0.012359
0.00619
0.006271
0.011373
0.008115
0.008263
0.007227
0.021999
0.008714
0.014194
0.031352
0.022365
0.014825
0.01282
0.010951
0.009999
0.014322
0.012546
0.011894
0.011881
0.013596
0.020296
0.0115
0.010636
0.009833
0.010611
0.010646
0.014534
0.012794
0.038227
0.032611
0.038876
0.066213
0.026758
0.026141
0.025643
0.027262
0.028042
0.03623
0.049841
0.0371
0.034275
0.033357
0.03018
0.00724
0.011178
0.009877
0.010264
0.007166
0.006764
0.010694
0.008818
0.023017
0.009595
0.008687
0.008257
0.012145
0.009119
0.009412
0.016724
0.007535
0.030365
0.033227
0.039457
0.048132
0.028321
0.027222
0.031634
0.027096
0.028489
0.02792
0.033351
0.006368
0.008384
0.007608
0.013752
0.008093
0.012782
0.007891
0.012548
0.009232
0.01246
0.007823
0.008371
0.012366
0.011993
0.011827
0.012446
0.011873
0.026599
0.012407
0.013685
0.007439
0.02576
0.014032
0.044152
0.03488
0.051082
0.027482
0.027646
0.02589
0.024618
0.035947
0.033525
0.028649
0.049338
0.079625
0.033547
0.034385
0.05471
0.084408
0.055581
0.04222
0.039199
0.033424
0.047522
0.032385
0.033885
0.045591
0.035318
0.034862
0.032744
0.045057
0.029023
0.036379
0.031029
0.066226
0.037725
0.03705
0.032272
0.030985
0.042141
0.07311
0.027992
0.043702
0.031932
0.037083
0.032784
0.085429
0.008906
0.027936
0.02366
0.025311
0.024397
0.073915
0.099334
0.043962
0.040997
0.043515
0.042842
0.081704
0.046569
0.04857
0.03146
0.037554
0.056333
0.031037
0.041633
0.042928
0.037323
0.049537
0.062757
0.033093
0.056465
0.038921
0.042794
0.060022
0.041101
0.038104
0.033914
0.03461
0.083695
0.033522
0.042141
0.042445
0.042553
0.031932
0.036871
0.043217
0.036792
0.035996
0.040359
0.040951
0.014254
0.042444
0.040516
0.042047
0.044088
0.042767
0.043376
0.0366
0.034875
0.031513
0.075808
0.036321
0.033078
0.034505
0.05008
0.036206
0.071378
0.073055
0.08948
0.040091
0.082253
0.037218
0.093621
0.042376
0.045672
0.032468
0.028178
0.031256
0.033473
0.029027
0.028866
0.028535
0.080217
0.046474
0.044921
0.027752
0.027775
0.025277
0.024685
0.024324
0.091611
0.042218
0.025905
0.084519
0.134278
0.033394
0.011727
0.019943
0.020931
0.013467
0.007786
0.008824
0.020542
0.015431
0.06014
0.025773
0.006656
0.014527
0.013395
0.02085
0.021245
0.009588
0.034989
0.016699
0.022649
0.006746
0.009505
0.034782
0.010556
0.009071
0.015
0.033047
0.006847
0.00673
0.008582
0.019231
0.032574
0.012865
0.009808
0.011761
0.007075
0.009129
0.029448
0.013489
0.009372
0.01032
0.028455
0.019106
0.013425
0.02721
0.016553
0.022114
0.026259
0.017831
0.008561
0.022697
0.04456
0.015138
0.009723
0.03158
0.010669
0.00868
0.062044
0.010428
0.030704
0.012196
0.019819
0.006588
0.050611
0.013053
0.033655
0.031149
0.008681
0.015036
0.021567
0.014627
0.006926
0.011062
0.006477
0.020032
0.007007
0.013385
0.009916
0.021812
0.009452
0.01172
0.013391
0.024637
0.079919
0.032526
0.046139
0.033094
0.063266
0.029893
0.025997
0.031822
0.103285
0.038544
0.034945
0.041133
0.135456
0.041518
0.050428
0.036803
0.092334
0.031523
0.076853
0.031742
0.098098
0.050242
0.037195
0.031976
0.026782
0.067172
0.031972
0.037008
0.028959
0.022503
0.028293
0.036303
0.047902
0.091053
0.094782
0.110633
0.041231
0.107234
0.087568
0.093442
0.038593
0.127762
0.068269
0.054723
0.023215
0.084314
0.03513
0.02578
0.054868
0.044164
0.040868
0.088436
0.040256
0.081714
0.035257
0.025009
0.030097
0.024964
0.055798
0.032528
0.029045
0.033677
0.05258
0.047803
0.028527
0.038542
0.085109
0.033722
0.040067
0.092551
0.048551
0.090738
0.049608
0.032952
0.0373
0.033198
0.027468
0.03158
0.031886
0.023331
0.030168
0.028444
0.035145
0.119007
0.042761
0.025262
0.036027
0.092065
0.032556
0.027697
0.03063
0.034169
0.027078
0.031692
0.032334
0.032538
0.037646