
1.5163e+09
0.009685
0.009825
0.010323
0.00958
0.00965
0.007725
0.008576
0.015608
0.007594
0.009478
0.008958
0.007804
0.016234
0.01744
0.007691
0.007227
0.009973
0.015158
0.014337
0.007877
0.0135
0.008458
0.007099
0.017567
0.018315
0.009479
0.013329
0.007446
0.009312
0.007637
0.012878
0.007562
0.007312
0.00711
0.007392
0.012805
0.014648
0.014765
0.009174
0.009104
0.007366
0.006817
0.015686
0.008732
0.009675
0.015356
0.013376
0.00722
0.007287
0.012511
0.010359
0.052604
0.055758
0.05212
0.053986
0.050703
0.052104
0.045818
0.050037
0.04615
0.053347
0.0523
0.049289
0.050308
0.049849
0.049806
0.047799
0.050068
0.051118
0.047018
0.052872
0.056094
0.040029
0.048372
0.196005
0.061534
0.057338
0.063235
0.090985
0.051164
0.052097
0.031586
0.066001
0.051818
0.05153
0.068861
0.205507
0.064662
0.064334
0.060016
0.012717
0.100408
0.033674
0.01541
0.057554
0.045606
0.111019
0.036246
0.052098
0.037547
0.013698
0.112197
0.038631
0.033281
0.014631
0.054106
0.049904
0.051505
0.055046
0.106381
0.071251
0.050305
0.048606
0.053605
0.048777
0.051632
0.049941
0.045816
0.042319
0.166276
0.02791
0.053149
0.051653
0.058629
0.056171
0.050834
0.041874
0.049476
0.054405
0.050225
0.043101
0.050399
0.049884
0.050728
0.087795
0.063432
0.018847
0.039804
0.075076
0.052325
0.135008
0.062261
0.101894
0.069505
0.049401
0.049365
0.050663
0.051335
0.052831
0.051218
0.097797
0.074233
0.105787
0.05633
0.047771
0.146544
0.120133
0.084783
0.066616
0.064966
0.09196
0.074081
0.061247
0.096334
0.071946
0.060052
0.062552
0.051584
0.064074
0.052232
0.049967
0.208693
0.091153
0.062694
0.062806
0.058571
0.054745
0.062414
0.111007
0.092415
0.077116
0.060388
0.060008
0.057208
0.220465
0.030972
0.043241
0.050766
0.051105
0.055642
0.104572
0.185436
0.067245
0.067027
0.076503
0.077259
0.10658
0.311487
0.077423
0.060303
0.064332
0.083107
0.057918
0.070334
0.065111
0.064904
0.080359
0.085095
0.049497
0.075209
0.166338
0.073478
0.08995
0.07045
0.058516
0.054196
0.096694
0.128801
0.058427
0.068445
0.069962
0.067121
0.057752
0.104568
0.194836
0.063455
0.060802
0.066314
0.068103
0.041975
0.069238
0.068551
0.058521
0.203594
0.070493
0.071476
0.062276
0.054439
0.052633
0.100683
0.061735
0.058512
0.118824
0.066594
0.102285
0.078714
0.220883
0.11026
0.056396
0.101366
0.052561
0.156986
0.057388
0.059662
0.046379
0.043171
0.050379
0.050278
0.049555
0.042723
0.125516
0.134703
0.060039
0.058487
0.040726
0.049851
0.050377
0.050571
0.04864
0.113899
0.055451
0.037104
0.152839
0.155506
0.04307
0.044484
0.2145
0.051835
0.045669
0.052209
0.084946
0.053695
0.032979
0.128628
0.053962
0.010861
0.037803
0.055299
0.048396
0.050285
0.089255
0.062884
0.040466
0.037335
0.012193
0.049205
0.17541
0.033564
0.051252
0.050307
0.056691
0.041883
0.051379
0.044656
0.090804
0.05995
0.019711
0.018727
0.160856
0.011693
0.113943
0.059215
0.042005
0.056239
0.102643
0.102208
0.055049
0.080665
0.051575
0.049257
0.04969
0.047962
0.045095
0.053697
0.093364
0.200345
0.031568
0.092884
0.056843
0.016424
0.072185
0.085387
0.049296
0.048899
0.044064
0.147457
0.074079
0.08158
0.047036
0.097999
0.055581
0.050478
0.049479
0.094325
0.029736
0.011328
0.056528
0.073677
0.031668
0.043242
0.054174
0.092016
0.036563
0.206522
0.030182
0.047721
0.051268
0.102872
0.050647
0.059973
0.093037
0.079649
0.041013
0.050733
0.342665
0.124688
0.053126
0.050135
0.097087
0.323919
0.108077
0.057471
0.2167
0.105193
0.208634
0.098211
0.094133
0.124166
0.06341
0.050686
0.037968
0.032864
0.232264
0.084957
0.051072
0.042235
0.033871
0.03171
0.220606
0.053743
0.238958
0.111801
0.16442
0.096242
0.123795
0.103221
0.333638
0.096521
0.139151
0.138555
0.065634
0.044913
0.239132
0.048021
0.093237
0.119594
0.097775
0.231973
0.107868
0.055352
0.091114
0.198192
0.028525
0.060818
0.100592
0.204315
0.181353
0.040336
0.095054
0.06621
0.061167
0.041424
0.093283
0.10282
0.045931
0.046093
0.27387
0.104487
0.117818
0.055461
0.208122
0.050414
0.049451
0.049591
0.049973
0.050472
0.050681
0.049323
0.049664
0.091129
0.142658
0.05307
0.07396
0.086536
0.207735
0.042091
0.051349
0.049474
0.050481
0.051517
0.048237
0.049909
0.050496