
0.000867
0.001091
0.00588
0.008331
0.011115
0.011798
0.012124
0.010251
0.010532
0.006453
0.010008
0.011846
0.011027
0.011417
0.011333
0.011063
0.009549
0.009604
0.01069
0.008203
0.010145
0.016125
0.007625
0.006314
0.024822
0.016722
0.017737
0.017406
0.017638
0.017415
0.01793
0.018796
0.017357
0.009137
0.012046
0.023913
0.024278
0.024553
0.02393
0.054175
0.017885
0.018332
0.013289
0.014248
0.022682
0.023154
0.022745
0.069089
0.020417
0.01854
0.017207
0.016991
0.016036
0.016814
0.061058
0.016853
0.016998
0.01642
0.016827
0.016712
0.01646
0.017043
0.007483
0.008192
0.016715
0.015573
0.018252
0.019909
0.028486
0.03443
0.03181
0.026104
0.026288
0.031544
0.031514
0.024035
0.024367
0.024378
0.024989
0.06235
0.023406
0.019292
0.061256
0.013269
0.012555
0.059874
0.012325
0.011655
0.010969
0.011547
0.013003
0.0113
0.011792
0.062094
0.018732
0.019288
0.017053
0.007531
0.007611
0.026473
0.020658
0.018529
0.018897
0.051244
0.019796
0.020785
0.055972
0.01899
0.018735
0.021535
0.012762
0.013252
0.017701
0.00786
0.007684
0.018829
0.018817
0.019329
0.0189
0.017227
0.013135
0.025098
0.057413
0.024695
0.023007
0.017462
0.018707
0.013678
0.016858
0.010248
0.01057
0.01145
0.017165
0.022479
0.068824
0.017394
0.020276
0.026455
0.027351
0.015905
0.011951
0.02212
0.021971
0.020127
0.019274
0.019282
0.02035
0.014505
0.02039
0.022339
0.015087
0.008883
0.009138
0.016831
0.022686
0.022389
0.022056
0.014164
0.013773
0.054501
0.03041
0.018594
0.019694
0.020513
0.015254
0.018098
0.059592
0.00876
0.020161
0.018777
0.019575
0.020462
0.020825
0.020149
0.021071
0.00861
0.008544
0.02066
0.021172
0.019171
0.013181
0.013468
0.014753
0.018361
0.018334
0.076789
0.009409
0.060183
0.002635
0.003668
0.014845
0.011209
0.012912
0.010609
0.053565
0.010352
0.009482
0.009423
0.009543
0.009804
0.010045
0.009604
0.002437
0.002724
0.049181
0.008952
0.009215
0.008392
0.008299
0.008443
0.009028
0.00782
0.012612
0.008957
0.007575
0.059547
0.013482
0.003264
0.002834
0.060909
0.020706
0.018168
0.019853
0.054471
0.020898
0.011096
0.061902
0.019065
0.015357
0.020268
0.018674
0.018905
0.057312
0.02188
0.017272
0.008906
0.009232
0.016738
0.016807
0.017778
0.017646
0.016506
0.016335
0.017266
0.011512
0.052019
0.013501
0.004759
0.01038
0.061266
0.016263
0.011508
0.016514
0.067311
0.061268
0.026047
0.053316
0.016112
0.015319
0.015051
0.012912
0.009874
0.012934
0.05325
0.00353
0.011122
0.053012
0.01497
0.049325
0.012827
0.01278
0.01111
0.005647
0.005237
0.061415
0.021101
0.018987
0.057265
0.015871
0.015996
0.015772
0.059538
0.008524
0.008631
0.024747
0.007604
0.007739
0.011078
0.052408
0.004536
0.012055
0.010225
0.011162
0.014093
0.011809
0.009325
0.054674
0.010687
0.002226
0.002626
0.07261
0.013031
0.00982
0.010351
0.051278
0.002987
0.058597
0.002333
0.002528
0.003755
0.009122
0.014502
0.056866
0.017286
0.008972
0.009028
0.001957
0.002029
0.007834
0.04898
0.009266
0.008531
0.007599
0.002164
0.002064
0.003743
0.011363
0.048448
0.049985
0.010159
0.004785
0.057816
0.051682
0.007795
0.060898
0.007476
0.002205
0.008306
0.009018
0.051308
0.056525
0.049562
0.002675
0.013539
0.010542
0.003429
0.009365
0.009741
0.05941
0.002569
0.002344
0.00791
0.051928
0.009716
0.009479
0.009118
0.050305
0.012544
0.008304
0.002446
0.003829
0.051726
0.019516
0.002287
0.012864
0.00968
0.00909
0.008562
0.008754
0.009038
0.009671
0.009127
0.008652
0.049364
0.017267
0.007264
0.045696
0.047441
0.004246
0.006975
0.008075
0.007548
0.008003
0.009272
0.007793
0.00767
0.00812
0.008179