
114
48
13
59
16
115
146
46
35
115
47
162
117
62
118
51
49
51
51
49
51
56
53
138
124
66
115
87
78
73
9
69
64
135
69
70
49
228
155
87
191
156
34
155
87
155
98
210
241
174
151
150
20
153
154
153
151
137
221
151
154
137
406
137
161
106
268
106
129
163
137
153
137
129
150
119
119
92
141
71
136
131
262
134
110
361
149
236
136
250
94
227
137
137
229
232
223
247
220
240
254
230
82
77
225
250
92
96
236
151
14
17
243
239
208
294
138
205
92
204
144
224
192
96
96
72
70
224
221
92
151
206
239
68
92
399
457
77
77
397
107
62
77
94
294
219
219
131
58
111
294
138
74
21
104
38
126
145
216
500
78
454
286
74
78
310
78
73
315
154
78
102
143
73
398
244
143
125
156
154
112
203
154
389
104
500
10
75
164
154
80
154
154
154
207
164
500
500
296
156
159
156
149
500
204
134
149
90
159
500
297
156
134
306
236
462
134
470
388
134
90
500
500
305
134
137
500
134
301
343
214
155
148
147
13
152
214
480
379
343
65
210
84
64
301
478
150
211
341
9
13
380
480
211
118
363
382
341
382
269
248
144
150
258
289
130
153
385
344
13
155
379
483
286
367
112
155
167
112
153
130
130
225
156
296
500
153
257
300
500
302
226
343
500
152
7
152
266
217
345
152
152
157
257
152
152
14
152
257
152
201
285
151
152
215
183
276
149
491
139
198
140
137
93
109
346
142
143
140
137
37
80
133
154
140
105
147
181
139
145
85
186
135
147
155
116
132
355
139
126
132
186
132
96
71
145
135
265
126
67
132
265
143
186
132
67
67
222
132
149
193
124
85
13
7
76
15
10
124
79
15
17
15
50
132
152
78
80
129
78
443
266
148
271
127
88
288
173
81
150
285
127
165
141
135
141
148
297
184
89
269
133
146
150
132
217
331
127
54
127
306
306
127
14
69
51
43
47
78
49
113
49
180
62
20
113
113
18
78
14
113
58
113
49
20
113
152
125
56
275
354
309
155
102
138
59
125
152
353
284
171
291
28
101
195
152
56
82
101
168
101
376
120
309
122
125
101
54
32
55
57
58
127
58
94
69
43
14
14
67
91
76
41
239
392
396
187
187
90
58
58
126
31
73
64
75
37
33
89
75
33
61
77
63
37
16
35
74
37
30
82
74
84
82
19
86
84
82
84
20
27
35
28
88
78
90
26
19
83
90
88
89
82
32
41
87
86
89
46
38
75
89
87
27
58
18
76
86
89
51
23
15
31
20
94
12
96
34
34
72
96
36
57
34
16
17
40
41
71
31
20
41
14
54
98
19
68
103
39
32
31
24
24
37
29
48
94
37
61
100
35
100
37
61
25
29
61
29
38
15
22
38
37
42
100
39
54
107
37
54
418
248
97
85
124
268
35
22
61
51
35
26
88
47
128
97
30
47
35
49
36
31
23
31
54
31
22
30
43
133
92
31
116
30
103
19
29
24
29
14
29
17
31
40
121
29
42
17
40
32
29
28
29
38
22
42
97
39
125
29
28
22
45
22
37
41
58
36
31
121
22
44
407
86
15
15
30
13
52
10
40
36
114
21
50
36
50
53
97
125
25
36
37
37
52
25
15
90
175
124
255
120
134
144
286
15
384
319
332
328
120
308
299
14
144
123
286
15
13
145
151
123
123
121
131
130
76
130
76
153
91
5
338
64
442
5
310
64
135
500
217
305
442
217
130
135
286