
148
73
89
76
152
115
146
130
193
115
149
249
78
204
148
87
144
146
87
79
174
241
192
137
137
77
210
137
77
137
150
119
119
92
136
71
136
137
262
405
250
92
96
236
151
205
212
243
239
208
242
191
77
302
137
141
234
500
77
210
74
127
104
99
126
145
216
500
78
454
156
154
112
203
154
389
104
500
69
75
156
149
500
204
134
149
90
159
500
297
157
153
224
408
152
500
500
157
500
482
64
301
478
150
211
341
84
145
380
480
258
289
130
153
385
344
354
155
379
483
257
300
500
302
226
343
500
152
145
152
237
297
303
211
316
140
141
133
142
142
132
181
139
145
85
186
135
132
155
116
124
144
68
124
152
226
128
124
206
124
127
144
288
173
81
150
285
127
165
141
133
128
61
147
98
299
159
113
146
180
152
125
56
275
354
309
155
102
138
59
302
103
63
91
386
127
187
94
392
174
126
101
244
191
402
152
60
89
398
60
122
101
251
200
409
406
49
86
405
299
118
100
255
202
412
193
69
83
408
302
112
106
260
228
418
46
82
75
414
307
109
95
264
69
422
46
53
72
418
61
107
97
56
68
274
223
45
68
424
67
99
99
57
76
269
223
56
61
425
68
80
96
64
82
264
230
112
54
432
75
165
93
324
217
259
84
131
47
276
214
162
92
323
97
252
84
324
43
281
190
161
92
322
42
251
85
326
40
248
406
161
95
322
124
113
113
97
39
251
406
156
105
317
125
124
124
97
31
252
401
158
133
393
133
131
409
283
25
388
70
175
124
255
120
134
144
286
15
384
319
131
130
76
130
76
153
91
5
338
64