
0.03909
0.003956
0.004036
0.004527
0.004023
0.003974
0.002849
0.00371
0.00391
0.003286
0.002695
0.003882
0.003845
0.002543
0.003874
0.003898
0.004785
0.004119
0.002956
0.002729
0.004477
0.004165
0.003046
0.007836
0.002826
0.007724
0.003428
0.003014
0.004484
0.004085
0.006526
0.003161
0.003991
0.006588
0.003028
0.003765
0.002772
0.006773
0.002802
0.002707
0.002664
0.003163
0.006901
0.008133
0.003824
0.003025
0.00415
0.003934
0.002791
0.002563
0.002955
0.004454
0.00325
0.004245
0.003033
0.004105
0.002932
0.00276
0.002814
0.003071
0.006834
0.004115
0.004212
0.003299
0.005833
0.006565
0.003695
0.006735
0.008295
0.009568
0.005285
0.005652
0.007813
0.006397
0.005154
0.004056
0.006992
0.005572
0.005223
0.00537
0.006012
0.004453
0.00551
0.005382
0.004493
0.004796
0.004887
0.005249
0.003188
0.003281
0.00282
0.003069
0.032372
0.003233
0.002101
0.001535
0.002171
0.001511
0.003038
0.002008
0.002587
0.003453
0.005981
0.002056
0.006665
0.003554
0.002949
0.004539
0.002283
0.002637
0.002697
0.002142
0.003194
0.002281
0.002637
0.002091
0.002579
0.002148
0.003278
0.002284
0.003745
0.002219
0.003773
0.002552
0.00232
0.002298
0.003272
0.010173
0.003352
0.003279
0.006012
0.00208
0.031787
0.003273
0.003581
0.002814
0.001098
0.0033
0.003256
0.003308
0.003893
0.003408
0.004134
0.002274
0.005945
0.003345
0.003212
0.005268
0.004915
0.003666
0.001604
0.00326
0.0032
0.004525
0.032381
0.003973
0.005762
0.006249
0.004612
0.003983
0.003672
0.004102
0.001573
0.004188
0.004303
0.004098
0.004143
0.003278
0.005469
0.003831
0.003845
0.004231
0.008424
0.003728
0.004058
0.003221
0.006988
0.004232
0.003631
0.004066
0.003568
0.00368
0.002887
0.003643
0.037149
0.002997
0.002969
0.003086
0.003201
0.007691
0.003676
0.006838
0.003427
0.006621
0.004087
0.006803
0.003557
0.003622
0.006421
0.006495
0.005989
0.006783
0.006231
0.016023
0.007027
0.006136
0.003402
0.015313
0.00776
0.048287
0.001208
0.001224
0.007811
0.004051
0.005645
0.004289
0.006268
0.004098
0.006267
0.005093
0.004188
0.003883
0.004267
0.002374
0.008117
0.002461
0.006536
0.0062
0.004606
0.003908
0.006595
0.006967
0.012564
0.004545
0.0025
0.050304
0.012908
0.014616
0.003971
0.003859
0.009399
0.004147
0.003298
0.003812
0.004006
0.00982
0.006091
0.00586
0.00343
0.011798
0.002328
0.003373
0.007843
0.003456
0.042829
0.001283
0.00154
0.002777
0.006865
0.003834
0.003095
0.007148
0.003202
0.003402
0.007348
0.004159
0.005857
0.003097
0.005124
0.004273
0.009182
0.006962
0.00584
0.004207
0.045856
0.001274
0.004407
0.004137
0.003061
0.004173
0.003417
0.005204
0.017108
0.004745
0.012452
0.012572
0.007253
0.005198
0.004131
0.051119
0.004367
0.003979
0.00299
0.007175
0.006979
0.010972
0.002836
0.010002
0.009289
0.002877
0.00386
0.01387
0.011475
0.007252
0.003019
0.003385
0.010907
0.002947
0.065071
0.008144
0.011335
0.005153
0.00438
0.003691
0.003994
0.003729
0.001283
0.007489
0.00497
0.010774
0.009758
0.008072
0.002867
0.00576
0.003323
0.059431
0.0012
0.001259
0.005996
0.004243
0.009684
0.008154
0.008846
0.008749
0.007032
0.006585
0.003755
0.003434
0.062327
0.001275
0.007256
0.008287
0.004317
0.004041
0.004357
0.004903
0.003468
0.004432
0.004511
0.005131
0.004427
0.007207
0.011064
0.005497
0.061158
0.001115
0.007789
0.007422
0.008724
0.00403
0.004596
0.004291
0.015331
0.003381
0.003912
0.008435
0.003704
0.001376
0.007278
0.003321
0.005971
0.007154
0.004014
0.003906
0.004927
0.045834
0.009815
0.007976
0.004227
0.010529
0.003575
0.005353
0.004069
0.003393
0.003493
0.01256
0.01001
0.004028
0.003452
0.009104
0.007746
0.007927
0.012041
0.008475
0.008474
0.006918
0.005894
0.008583
0.006733
0.006356
0.005654
0.044711
0.003479
0.00319
0.01227
0.007664
0.003545
0.003785
0.012466
0.009455
0.003884
0.008461
0.005551
0.002918
0.00405
0.003657
0.007945
0.003854
0.004445
0.002697
0.003737
0.008637
0.004555
0.018202
0.005613
0.005865
0.003968
0.004356
0.006406
0.002589
0.003352
0.004603
0.005457
0.033232
0.00338
0.002659
0.001657
0.000973
0.003268
0.001587
0.001613
0.003108
0.003539
0.001588
0.00392
0.001656
0.003052
0.001638
0.004429
0.003675
0.00324
0.004398
0.00314
0.002963
0.003659
0.008759
0.002886
0.018862
0.007423
0.0048
0.006955
0.042627
0.002507
0.003481
0.005158
0.01541
0.008462
0.005178
0.004838
0.017067
0.009365
0.006878
0.01617
0.008579
0.013211
0.016909
0.004242
0.005219
0.004154
0.013189
0.024013
0.005545
0.040999
0.001991
0.002336
0.003494
0.003075
0.003018
0.002024
0.00333
0.003047
0.003019
0.006571
0.002531
0.003411
0.00187
0.00863
0.009271
0.003045
0.003217
0.002768
0.001803
0.018254
0.01102
0.005176
0.004425
0.003095
0.002907
0.009645
0.003356
0.003569
0.003189
0.004336
0.003432
0.003683
0.003339
0.001848
0.003176
0.03887
0.002661
0.00355
0.011611
0.020494
0.007429
0.00512
0.01143
0.004786
0.002471
0.003875
0.008441
0.007869
0.004743
0.006836
0.003076
0.005471
0.002899
0.012531
0.003305
0.007879
0.004807
0.011323
0.004106
0.045795
0.002349
0.002299
0.003322
0.003304
0.003425
0.003341
0.002219
0.003361
0.003036
0.004001
0.002226
0.004072
0.002519
0.011476
0.004219
0.007365
0.004016
0.005297
0.007303
0.001699
0.009331
0.012386
0.006705
0.005555
0.002277
0.002923
0.002738
0.04886
0.001987
0.003368
0.003459
0.003799
0.003022
0.002588
0.00217
0.003402
0.002801
0.005834
0.006799
0.008582
0.00247
0.005627
0.003519
0.005426
0.00268
0.002837
0.001657
0.010806
0.017656
0.003651
0.006571
0.058764
0.002277
0.0019
0.003478
0.003348
0.003847
0.003886
0.001911
0.002206
0.003618
0.003614
0.009504
0.003685
0.003141
0.00181
0.006058
0.00185
0.054239
0.003209
0.001856
0.003628
0.003693
0.003922
0.002063
0.00185
0.002157
0.003573
0.003813
0.012318
0.008099
0.002153
0.00211
0.047503
0.002204
0.003105
0.003578
0.003738
0.003641
0.003185
0.001984
0.003772
0.00355
0.008968
0.002864
0.002778
0.002247
0.005204
0.003815
0.002154
0.006409
0.002266
0.003616
0.008414
0.003805
0.005343
0.00317
0.003565
0.001901
0.004274
0.00227
0.046804
0.002252
0.001816
0.003747
0.001973
0.003882
0.003194
0.002803
0.001873
0.003857
0.002962
0.007077
0.00248
0.005069
0.003606
0.003867
0.002312
0.002861
0.001712
0.005968
0.003201
0.006064
0.002073
0.003069
0.002077
0.039461
0.002333
0.001904
0.003099
0.001583
0.002203
0.003833
0.001813
0.001836
0.003774
0.00305
0.004673
0.00226
0.014658
0.005836
0.035823
0.001986
0.001901
0.00296
0.002611
0.001976
0.003837
0.002887
0.00175
0.003688
0.002911
0.021766
0.006534
0.011475
0.007974
0.010228
0.003065
0.005377
0.002515
0.016701
0.010741
0.006914
0.006188
0.004963
0.004783
0.004311
0.004533
0.03993
0.001948
0.001842
0.003161
0.002989
0.002329
0.003743
0.003056
0.001567
0.00398
0.002912
0.003001
0.003041
0.031811
0.009853
0.006538
0.007076
0.004275
0.003975
0.01936
0.041284
0.002283
0.001795
0.003838
0.003523
0.002015
0.001849
0.003914
0.001622
0.004134
0.00397
0.009109
0.002
0.001648
0.002109
0.008896
0.002172
0.001593
0.001773
0.006719
0.003605
0.043761
0.002246
0.002023
0.002022
0.003215
0.001893
0.001848
0.00201
0.001815
0.004443
0.003947
0.014516
0.009157
0.00298
0.0067
0.006337
0.002133
0.008893
0.005462
0.002629
0.002031
0.048426
0.002272
0.001988
0.00198
0.001652
0.001956
0.001825
0.002355
0.001601
0.00402
0.001873
0.00153
0.001644
0.004073
0.00189
0.001563
0.001492
0.009047
0.002362
0.045116
0.002194
0.002019
0.002136
0.00306
0.001936
0.00235
0.001524
0.005201
0.001957
0.007966
0.002005
0.043171
0.002266
0.003099
0.001685
0.002901
0.003105
0.003203
0.002838
0.001452
0.003972
0.002086
0.003978
0.003661
0.009866
0.009273
0.003804
0.00277
0.009136
0.001974
0.001606
0.002735
0.002661
0.009098
0.001745
0.005617
0.004336
0.002413
0.001516
0.003855
0.004305
0.003089
0.003114
0.014452
0.008364
0.051849
0.002035
0.003048
0.00281
0.003151
0.003227
0.004103
0.00432
0.001434
0.002829
0.003883
0.007945
0.004349
0.002897
0.003379
0.002168
0.002609
0.006691
0.001301
0.003577
0.004143
0.052089
0.001298
0.007319
0.007858
0.003654
0.00815
0.007405
0.001268
0.005641
0.004189
0.007606
0.001278
0.001331
0.012577
0.002578
0.006225
0.005523
0.004629
0.009406
0.010775
0.0349
0.001031
0.010048
0.001414
0.000974
0.007527
0.002733
0.004934
0.010318
0.005829
0.007138
0.010303
0.005718
0.003973
0.004665
0.008662