
0.014282
0.000753
0.00176
0.001429
0.001639
0.001159
0.001062
0.001575
0.001212
0.000934
0.001389
0.002464
0.001586
0.001195
0.002039
0.001274
0.001474
0.002584
0.000902
0.000837
0.001135
0.002952
0.002906
0.001866
0.001115
0.001323
0.00073
0.001596
0.001479
0.001473
0.001124
0.00255
0.000862
0.00279
0.002759
0.001159
0.001099
0.000902
0.002779
0.00126
0.000729
0.001728
0.000732
0.000885
0.001118
0.00089
0.000866
0.000975
0.001713
0.001314
0.001113
0.000912
0.001239
0.001401
0.000872
0.000956
0.001702
0.001529
0.001459
0.001512
0.001305
0.001165
0.000877
0.003466
0.003096
0.002655
0.001039
0.001418
0.001864
0.001362
0.001911
0.001952
5.7e-05
0.00496
0.001608
0.002725
0.004183
0.002987
0.002748
0.002879
0.002054
0.002098
0.002727
0.002251
0.004245
0.002722
0.001579
0.001399
0.001534
0.001685
0.00121
0.002372
0.00485
0.00376
0.005742
0.002043
0.001846
0.001035
0.001006
0.001875
0.002946
0.001626
0.001908
0.002622
0.002421
0.018343
0.00181
0.000972
0.000776
0.001058
0.000996
0.000803
0.001207
0.000445
0.000792
0.000765
0.008752
0.003948
0.005225
0.0035
0.002591
0.002011
0.000808
0.001848
0.001243
0.000759
0.000757
0.000611
0.001222
0.001261
0.000667
0.001187
0.001008
0.002293
0.004359
0.003339
0.002071
0.010575
0.000521
0.000585
0.000527
0.000662
0.000509
0.000559
0.000836
0.000289
0.000668
0.00068
0.0017
0.000689
0.001173
0.003337
0.002592
0.001917
0.000807
0.00084
0.00117
0.002226
0.000897
0.00273
0.001051
0.000764
0.000955
0.000341
0.001171
0.000965
0.000954
0.000601
0.000337
0.001202
0.001666
0.000707
0.000297
0.001178
0.004079
0.00272
0.001795
0.010194
0.000517
0.000548
0.000496
0.000409
0.000508
0.000533
0.000784
0.000474
0.000567
0.000652
0.00196
0.001028
0.001816
0.00105
0.001051
1.9e-05
0.001446
0.000493
0.001202
0.000809
0.000211
0.000789
0.000809
0.000777
0.000805
0.001675
0.001203
0.000405
0.001171
0.001418
0.000513
0.001289
0.000878
0.002918
0.001178
0.000473
1.6e-05
0.009725
0.001388
0.001398
0.000381
0.000172
0.001369
0.000735
0.001014
0.001244
0.001429
0.000604
0.000814
0.000192
0.001572
0.002441
0.003819
0.002586
0.003149
0.00139
0.002847
0.001727
0.000631
0.001385
0.000621
0.002382
0.000928
0.002749
0.002164
0.003201
0.002886
0.003209
0.003406
0.001547
0.004025
0.00213
0.004292
0.001211
0.002668
0.014254
0.001462
0.000614
0.000578
0.000139
0.001406
0.000441
0.001045
0.000599
0.001457
0.000631
0.002173
0.004433
3.2e-05
0.001069
0.00311
0.001089
0.000413
1.7e-05
0.003459
0.008683
0.002142
0.002602
2.5e-05
0.001094
0.001206
0.000787
5.6e-05
0.01365
0.000373
0.001335
0.001409
0.000362
0.001449
0.000404
0.000949
0.000571
0.001404
0.000347
0.002017
0.001352
0.00081
0.000529
2.3e-05
0.000855
0.000417
1.6e-05
0.002905
0.006777
0.000877
0.000932
3.7e-05
3.6e-05
0.004601
0.000677
1.8e-05
0.001058
0.000422
0.00205
0.000395
0.002679
0.000635
2.7e-05
0.001016
0.000553
2.3e-05
0.001057
0.001362
0.000552
0.00057
0.018884
0.001272
0.000509
0.000317
0.001227
0.000359
0.001284
0.000354
0.000506
0.000361
0.00037
0.001149
0.00065
1.6e-05
0.000763
0.000371
0.000772
0.000446
2e-05
0.004104
0.002628
0.000845
0.001448
0.002876
0.001638
5.8e-05
0.003471
0.000739
0.000762
0.000992
0.000393
0.000398
2.7e-05
0.000905
0.000437
0.000824
0.002878
0.000537
0.001668
1.7e-05
0.001368
0.000811
0.000539
0.000969
0.001072
0.0005
1.6e-05
0.002296
0.00056
0.000802
0.000763
0.000968
0.000451
1.7e-05
0.000667
0.000457
0.013595
0.000858
0.000592
0.000322
0.000553
0.001137
0.000494
0.000559
0.000646
0.000629
0.00068
0.000605
0.000552
1.6e-05
0.001107
0.000337
1.9e-05
0.011868
0.00071
0.001276
0.000289
0.000416
0.00046
0.000402
0.000415
0.000484
0.000486
0.001368
0.006572
0.003283
2.5e-05
0.001057
0.000716
0.000925
0.000724
2.1e-05
0.000855
0.001323
0.000818
0.000572
0.000939
0.000442
1.7e-05
0.000834
0.00095
0.000571
0.000449
1.7e-05
0.001306
0.00078
0.000933
0.001235
1.7e-05
0.0008
0.00041
0.011878
0.000774
0.001037
0.000258
0.00053
0.000824
0.000498
0.000561
0.000557
0.001348
0.004253
2.7e-05
0.001953
0.000946
0.000273
0.000534
1.8e-05
0.00245
0.001278
0.009817
0.000481
0.000958
0.000233
0.001308
0.00024
0.000485
0.000532
0.000579
0.00135
1.6e-05
0.000956
0.000484
0.001433
0.001494
0.00247
0.002158
5.8e-05
0.001761
0.000401
1.8e-05
0.013497
0.002127
1.6e-05
0.000744
0.000854
1.6e-05
0.004059
3.2e-05
0.002404
0.001518
2.7e-05
0.006263
3.3e-05
0.00125
0.001521
3e-05
0.003402
3.3e-05
0.001512
2.3e-05
0.015067
2.6e-05
0.000937
0.001403
0.001214
4.1e-05
0.004254
0.005604
0.002967
2.3e-05
0.004274
0.00104
0.002728
4e-05
0.027586
0.000925
0.000907
0.000808
0.001958
0.000866
0.000907
0.001902
0.000612
0.000779
0.004719
0.001842
2.3e-05
0.003928
0.000804
0.003182
0.000642
2.8e-05
0.014469
0.00398
2.7e-05
0.002287
0.000557
0.000592
0.000621
4.1e-05
0.002211
0.000906
2.1e-05
0.000603
0.000417
0.004213
0.000803
0.000923
0.00092
2.9e-05
0.022316
0.000493
0.000614
0.000549
0.001401
0.000489
0.001327
0.000577
0.000377
0.000433
0.000441
0.00278
0.003501
0.001362
0.001336
1.7e-05
0.003591
0.001366
0.001096
0.000392
4.2e-05
0.006923
0.001769
0.000571
1.6e-05
0.010185
2.9e-05
0.004747
1.8e-05
0.001499
0.015869
0.000486
0.000567
0.000578
0.000438
0.000499
0.000716
0.000573
0.000628
0.000476
0.000464
0.001136
0.000457
1.6e-05
0.000553
0.000595
0.001349
0.000469
1.6e-05
0.00084
0.002639
0.000625
0.000561
0.000565
0.001276
0.000576
0.000523
1.6e-05
1.4e-05
0.00333
0.000579
0.000775
0.000578
0.00057
0.000577
1.6e-05
0.001197
0.000864
0.000493
0.016438
0.000383
0.000707
0.000501
0.000483
0.000416
0.000623
0.00056
0.000563
0.000522
0.000431
0.000937
0.003299
0.000397
0.000714
1.7e-05
0.001199
0.002678
0.00054
0.001168
0.0014
0.000654
0.000425
1.6e-05
0.001215
0.001853
0.000383
0.001164
0.000672
1.6e-05
0.001241
0.001603
0.001567
0.002735
0.001299
1.7e-05
0.001247
0.00268
0.000517
0.000839
0.003253
0.000552
0.000719
1.5e-05
0.001225
0.000934
0.000372
0.000722
0.000203
1.7e-05
0.001265
0.001212
0.000445
0.002738
0.001191
6.8e-05
0.001926
0.020824
0.000495
0.00135
0.00146
0.001383
0.0004
0.000453
0.000568
0.001399
0.001366
0.001255
0.000456
1.6e-05
0.001159
0.002307
4.1e-05
0.00245
0.001145
2e-05
0.001987
0.003916
0.00341
3.2e-05
0.002572
0.002287
0.00168
2.8e-05
0.002261
0.003313
0.001302
2.8e-05
0.002228
0.00551
0.001474
2.7e-05
0.00225
0.020172
0.001357
0.000411
0.000426
0.0014
0.00136
0.000629
0.001467
0.000364
0.001323
0.001438
0.002868
0.000576
1.6e-05
1.3e-05
0.003593
0.000893
0.001766
0.000425
2.1e-05
1.8e-05
0.00289
0.001945
1.6e-05
1.5e-05
0.002304
0.001921
0.001761
0.002085
1.9e-05
1.7e-05
0.001839
3.8e-05
3.9e-05
0.002765
1.7e-05
1.5e-05
0.018514
0.000313
0.011364
2.2e-05
1.9e-05
0.002209
0.00298
0.002219
5.8e-05
5.7e-05
0.00245
0.00233
1.6e-05
1.5e-05
0.002352
2.5e-05
2.3e-05
0.003333
0.002285
0.003078
0.00229
2.6e-05
2.3e-05
0.003694
0.001865
0.00495
0.000784
3.3e-05
3e-05
0.001155
0.002455
0.001859
4.8e-05
4.4e-05
0.004586
0.00139
2.5e-05
2.2e-05
0.001351
0.005008
5.8e-05
4e-05
0.001688
0.001087
0.001209
0.000439
2.1e-05
1.8e-05
0.01969
0.001497
0.000263
0.001373
0.00152
0.000243
0.000253
0.000533
0.001321
0.000505
0.000654
0.00212
0.000297
1.6e-05
1.5e-05
0.002136
0.001381
2e-05
1.7e-05
0.002432
0.000773
0.00291
0.000433
1.8e-05
1.5e-05
0.003125
0.001366
0.000855
0.001317
2e-05
2.3e-05
0.001521
0.003128
0.00134
1.8e-05
1.5e-05
0.000943
0.00108
2.3e-05
2.2e-05
0.001561
0.004528
3.3e-05
3e-05
0.00949
3.2e-05
2.5e-05
0.011134
0.000527
0.000277
0.00053
0.001528
0.000264
0.000265
0.001335
0.001372
0.000619
0.000787
0.00212
0.0003
2.7e-05
1.5e-05
0.000534
0.00078
0.015418
0.001488
0.000221
0.001359
0.001546
0.000222
0.000235
0.001402
0.000282
0.000506
0.00063
0.000911
0.001418
1.6e-05
1.5e-05
0.002085
0.001316
1.7e-05
1.5e-05
0.000845
0.001349
0.00262
0.000954
3.2e-05
3.1e-05
0.004691
3.2e-05
2.9e-05
0.001947
3.3e-05
2.5e-05
0.006119
0.003971
3.1e-05
2.9e-05
0.01202
0.001389
0.000173
0.001337
0.001442
0.000203
0.000229
0.001405
0.000202
0.000393
0.000609
0.002314
0.003045
5.8e-05
4.1e-05
0.000946
0.001243
3e-05
2.7e-05
0.00198
0.000589
2.7e-05
2.7e-05
0.004107
0.003239
3.4e-05
3.2e-05
0.002172
0.000615
0.002637
0.000545
1.9e-05
1.7e-05
0.017177
0.001629
0.000736
0.001529
0.001745
0.000456
0.000502
0.001695
0.000499
0.000575
0.000536
0.003963
0.001521
2.6e-05
2.8e-05
0.000978
0.001508
0.001042
0.005352
0.00206
0.001381
2.4e-05
2.5e-05
0.004099
0.002268
0.001084
0.000844
3.4e-05
3.2e-05
0.000998
0.001333
1.6e-05
1.5e-05
0.00161
0.000466
0.002822
0.00151
2.6e-05
2.5e-05
0.026656
0.000456
0.002449
1.9e-05
1.6e-05
0.003531
1.9e-05
1.6e-05
0.003179
4.2e-05
3.7e-05
0.005312
2.8e-05
2.2e-05
0.007153
2.9e-05
2.3e-05
0.001132
0.002134
5.6e-05
5.6e-05
0.005701
0.007254
3.1e-05
2.5e-05
0.001784
0.003253
0.003207
3.6e-05
3.4e-05
0.005564
0.00448
0.000523
3.6e-05
3.5e-05
0.005082
0.00078
0.000825
0.005077
3.5e-05
3.5e-05
0.002554
0.0051
6.2e-05
5.9e-05
0.010462
0.015678
0.001309
0.000302
0.001416
0.001339
0.001371
0.001407
0.001596
0.000389
0.001438
0.001432
0.002837
0.001585
1.6e-05
1.7e-05
0.002622
0.003907
0.002595
0.002766
2.1e-05
1.8e-05
0.002615
0.000399
0.000308
0.00036
0.00418
1.8e-05
1.5e-05
0.001887
0.00255
1.8e-05
1.5e-05
0.003133
2.5e-05
2.4e-05
0.001594
0.01234
2.6e-05
2.3e-05
0.016802
0.001352
0.000555
0.001442
0.001528
0.001317
0.001639
0.001619
0.001369
0.001083
0.00137
1.7e-05
1.5e-05
0.000965
0.001577
0.001059
0.000368
0.001688
0.000315
2e-05
1.9e-05
0.000483
0.000358
2e-05
1.9e-05
0.01165
0.003148
2e-05
1.6e-05
0.00156
0.002105
2.3e-05
2.2e-05
0.007075
0.005329
2.7e-05
2.2e-05
0.000954
0.001546
2e-05
1.8e-05
0.011359
0.001448
0.000275
0.001383
0.001573
0.001407
0.000765
0.001746
0.000742
0.00134
0.001369
0.003054
0.003107
3.6e-05
3.6e-05
0.003996
0.005704
3.3e-05
2.5e-05
0.011445
0.001455
0.000253
0.001414
0.002111
0.001449
0.000788
0.001385
0.000768
0.001305
0.001428
0.00022
0.001012
0.000266
0.001313
1.7e-05
1.5e-05
0.003816
0.00606
3.3e-05
3e-05
0.000361
0.000364
0.002661
0.001878
1.9e-05
1.7e-05
0.000237
0.000291
0.02415
0.001462
0.000254
0.001471
0.001481
0.001456
0.000802
0.001403
0.000771
0.001687
0.001449
0.001831
0.001369
1.7e-05
1.5e-05
0.002131
0.003577
0.000776
0.001679
0.003524
0.001697
1.7e-05
1.4e-05
0.015288
0.00145
0.000246
0.001519
0.001583
0.000815
0.000777
0.001383
0.000837
0.001715
0.001491
0.001819
0.001836
0.00151
0.001474
1.7e-05
1.6e-05
0.002978
0.001956
0.002343
0.000821
1.7e-05
1.4e-05
0.001956
0.001614
0.019638
0.001525
0.000216
0.000811
0.001658
0.000805
0.000814
0.001985
0.000823
0.001694
0.001516
0.002012
0.001487
1.7e-05
1.4e-05
0.003139
0.001965
0.017856
0.00144
0.000191
0.000816
0.001595
0.001493
0.001905
0.001931
0.000809
0.001491
0.001457
0.001522
0.00056
1.7e-05
1.5e-05
0.002432
0.001512
1.7e-05
1.6e-05
0.016093
0.001555
0.000863
0.001587
0.001688
0.00055
0.001994
0.00086
0.001512
0.001518
0.000147
1.5e-05
1.5e-05
0.001272
0.0008
3.5e-05
2.6e-05
0.015737
0.001439
1.7e-05
1.5e-05
0.001224
2.7e-05
2.4e-05
0.001454
2e-05
1.8e-05
0.001896