
2.5391e-05
3.2739e-05
2.8773e-05
2.0474e-05
1.6349e-05
5.142e-05
3.5584e-05
3.3868e-05
2.9434e-05
4.1206e-05
3.6459e-05
2.0321e-05
1.8801e-05
2.9914e-05
1.431e-05
3.9733e-05
3.2446e-05
2.1916e-05
3.3035e-05
3.0314e-05
2.7061e-05
2.6722e-05
3.2447e-05
1.8716e-05
3.4934e-05
2.0766e-05
3.4992e-05
3.2044e-05
2.256e-05
4.8269e-05
1.5469e-05
3.4034e-05
2.2055e-05
1.9043e-05
2.5026e-05
2.2819e-05
1.3516e-05
2.6563e-05
1.8193e-05
2.1328e-05
2.8232e-05
3.5767e-05
3.3002e-05
2.8224e-05
1.7901e-05
3.1265e-05
4.3219e-05
4.2533e-05
4.2199e-05
2.0459e-05
2.288e-05
3.2429e-05
8.1957e-05
5.2981e-05
4.452e-05
6.2982e-05
3.6714e-05
9.9123e-05
2.9009e-05
4.982e-05
4.6975e-05
0.000101819
5.3501e-05
5.8823e-05
7.8059e-05
6.4054e-05
3.8404e-05
5.9277e-05
2.9463e-05
0.000178092
3.1067e-05
3.3487e-05
2.5361e-05
4.3672e-05
0.000103008
0.000132974
4.8661e-05
5.1341e-05
3.1552e-05
5.6695e-05
0.000103265
2.598e-05
0.00011901
1.5171e-05
3.9402e-05
3.125e-05
2.2176e-05
4.0784e-05
4.937e-05
0.000128602
3.3405e-05
2.1631e-05
3.2698e-05
2.5373e-05
1.6572e-05
1.6459e-05
1.6901e-05
3.3963e-05
5.8547e-05
3.1538e-05
2.9898e-05
0.000106438
6.1378e-05
3.1799e-05
2.7127e-05
4.9532e-05
5.6388e-05
0.000100827
6.474e-05
4.9834e-05
5.2603e-05
0.000129256
4.3434e-05
3.1429e-05
5.0771e-05
3.6762e-05
9.9661e-05
5.0209e-05
2.683e-05
3.0046e-05
3.5247e-05
4.7799e-05
5.6323e-05
2.3156e-05
2.2171e-05
4.2959e-05
5.4702e-05
2.0582e-05
2.3754e-05
4.2641e-05
2.7408e-05
4.1992e-05
3.7141e-05
2.5515e-05
2.3162e-05
4.079e-05
2.9449e-05
3.1285e-05
1.774e-05
7.8191e-05
1.9484e-05
2.9792e-05
2.2578e-05
4.7472e-05
1.4312e-05
3.0331e-05
2.5449e-05
3.3186e-05
3.6748e-05
0.000137761
5.1645e-05
4.6167e-05
3.3157e-05
2.7122e-05
3.4697e-05
2.7038e-05
3.8475e-05
1.4561e-05
3.2069e-05
0.000103033
5.9251e-05
4.4507e-05
3.2433e-05
5.5979e-05
8.4842e-05
2.5886e-05
0.000191811
5.228e-05
6.6066e-05
0.000110129
0.000218738
5.8356e-05
3.1009e-05
7.1938e-05
4.7625e-05
4.202e-05
0.000114401
2.547e-05
1.4785e-05
3.7451e-05
3.6498e-05
4.9142e-05
2.1198e-05
5.7735e-05
5.3268e-05
2.4125e-05
0.000111971
1.6654e-05
0.000105028
4.0307e-05
2.459e-05
2.3886e-05
1.4665e-05
2.7851e-05
4.578e-05
3.7177e-05
4.0525e-05
1.7571e-05
2.4579e-05
4.4937e-05
3.6167e-05
4.271e-05
3.1613e-05
1.9858e-05
3.1805e-05
2.5567e-05
2.5195e-05
4.4439e-05
1.7513e-05
2.7068e-05
3.1634e-05
5.6226e-05
2.5724e-05
0.000112267
2.4093e-05
4.5447e-05
3.0845e-05
3.6161e-05
2.7042e-05
4.0971e-05
4.4149e-05
4.8601e-05
4.4921e-05
4.2312e-05
5.42e-05
3.6368e-05
2.1477e-05
3.5937e-05
2.0582e-05
2.9416e-05
4.0186e-05
9.533e-05
4.8323e-05
3.2984e-05
5.0755e-05
4.413e-05
4.0992e-05
4.5339e-05
2.2625e-05
7.1747e-05
4.1829e-05
3.3094e-05
7.9368e-05
4.6915e-05
2.9895e-05
5.2102e-05
3.4296e-05
5.1088e-05
4.3903e-05
3.4432e-05
2.9688e-05
8.0993e-05
3.4626e-05
2.9625e-05
3.1103e-05
7.3174e-05
2.7048e-05
3.0714e-05
2.7515e-05
4.8494e-05
7.433e-05
0.000143067
2.241e-05
1.4365e-05
2.2297e-05
2.8074e-05
2.4705e-05
3.114e-05
4.5598e-05
5.3908e-05
0.000123086
7.9982e-05
2.8942e-05
2.2505e-05
5.1454e-05
2.5283e-05
2.8808e-05
8.4398e-05
2.6316e-05
6.8883e-05
8.508e-05
2.4725e-05
2.148e-05
4.8165e-05
3.5219e-05
3.4329e-05
6.4594e-05
6.4682e-05
8.3716e-05
3.8101e-05
2.9914e-05
0.000157389
4.9934e-05
4.5312e-05
3.3683e-05
5.9251e-05
6.2467e-05
9.9959e-05
5.7635e-05
8.6721e-05
6.221e-05
0.000112591
2.2801e-05
6.2067e-05
6.4429e-05
3.1646e-05
1.6183e-05
5.1949e-05
3.2091e-05
3.3955e-05
3.5913e-05
3.9381e-05
0.000123781
3.9831e-05
3.6521e-05
4.7125e-05
2.077e-05
9.4159e-05
4.3823e-05
0.000128563
3.8515e-05
6.6724e-05
9.4481e-05
4.1311e-05
0.000119073
2.4586e-05
2.8011e-05
1.5775e-05
2.2014e-05
5.3274e-05
2.9193e-05
4.2015e-05
2.2482e-05
4.4375e-05
1.7734e-05
3.9061e-05
3.2015e-05
2.8127e-05
2.8745e-05
1.4334e-05
4.5018e-05
1.7677e-05
3.2282e-05
2.7239e-05
3.0579e-05