
0.000889
0.000477
0.00053
0.00054
0.000567
0.000724
0.000627
0.000619
0.000546
0.000542
0.000572
0.000642
0.000542
0.000551
0.000588
0.000553
0.000771
0.000589
0.000614
0.000646
0.000631
0.000556
0.000604
0.000546
0.000802
0.00057
0.000565
0.000576
0.000677
0.000566
0.000529
0.000538
0.000552
0.000542
0.000535
0.000542
0.00055
0.000541
0.000532
0.000615
0.000547
0.000562
0.000556
0.000551
0.000573
0.000702
0.000542
0.000549
0.00055
0.000799
0.000545
0.000579
0.000532
0.000535
0.000531
0.000588
0.000545
0.000551
0.000544
0.000538
0.000552
0.000542
0.000563
0.000553
0.000545
0.000634
0.000558
0.0006
0.00055
0.000549
0.000546
0.000597
0.000539
0.000577
0.000551
0.000546
0.000593
0.000579
0.000545
0.000541
0.000543
0.000598
0.000568
0.000617
0.000543
0.000561
0.000581
0.00059
0.000544
0.000532
0.000538
0.000588
0.000543
0.000535
0.000567
0.000603
0.000551
0.000589
0.000571
0.000632
0.000538
0.000539
0.000533
0.00061
0.00055
0.000543
0.000563
0.000596
0.000637
0.000788
0.000547
0.000544
0.000544
0.00054
0.000546
0.000579
0.000544
0.000541
0.000548
0.000643
0.00054
0.000536
0.000537
0.000542
0.000539
0.000539
0.000796
0.000599
0.000556
0.000547
0.000542
0.000552
0.000544
0.000575
0.000549
0.00054
0.000624
0.000546
0.000528
0.000537
0.000542
0.000611
0.000546
0.000541
0.000541
0.000621
0.000537
0.00058
0.000638
0.000536
0.000546
0.000545
0.000539
0.000577
0.000539
0.000619
0.000565
0.000552
0.000551
0.000581
0.000582
0.000535
0.000552
0.00054
0.000543
0.000592
0.000551
0.000552
0.000549
0.000635
0.000541
0.000548
0.000565
0.000586
0.000548
0.000599
0.000751
0.000559
0.000546
0.000565
0.000545
0.000564
0.000547
0.000591
0.000542
0.00053
0.000549
0.000541
0.000612
0.000537
0.000593
0.000546
0.000545
0.000605
0.000604
0.000547
0.000555
0.000535
0.000603
0.000593
0.00054
0.000547
0.000552
0.000599
0.00054
0.000636
0.000534
0.000575
0.000539
0.00079
0.000531
0.000538
0.000549
0.000546
0.000549
0.000549
0.000542
0.000545
0.000589
0.00061
0.000538
0.000578
0.000537
0.00062
0.000579
0.000633
0.000539
0.000543
0.000563
0.000538
0.000539
0.000818
0.000547
0.000579
0.000542
0.000541
0.000547
0.000544
0.000547
0.000544
0.000538
0.000539
0.000541
0.000551
0.000612
0.00056
0.000547
0.000547
0.000593
0.000538
0.000614
0.000545
0.000532
0.000611
0.000568
0.000547
0.000596
0.00059
0.00055
0.000543
0.000574
0.000785
0.000537
0.000542
0.000572
0.00054
0.000739
0.000705
0.00069
0.00068
0.000691
0.000724
0.000701
0.000766
0.000689
0.000696
0.000688
0.000675
0.000748
0.000691
0.000681
0.000678
0.000795
0.000684
0.000754
0.000711
0.000672
0.000683
0.000734
0.000679
0.000745
0.000688
0.0008
0.000703
0.000682
0.000682
0.000688
0.000931
0.000714
0.000678
0.000754
0.000664
0.000718
0.000677
0.000932
0.000686
0.000674
0.000683
0.00068
0.00073
0.00069
0.000676
0.000761
0.000674
0.000758
0.000673
0.000698
0.000691
0.000682
0.000674
0.000675
0.000754
0.000674
0.000755
0.000693
0.000684
0.00069
0.000684
0.0009
0.000714
0.000679
0.00069
0.000676
0.000681
0.000696
0.000872
0.00069
0.000771
0.000776
0.000822
0.000683
0.00068
0.000674
0.000695
0.000906
0.000667
0.000692
0.000767
0.000715
0.000724
0.000703
0.000683
0.00068
0.000674
0.000696
0.000999
0.000668
0.000746
0.000726
0.000674
0.000737
0.000779
0.000964
0.00075
0.000679
0.000671
0.00069
0.000686
0.000688
0.00068
0.000724
0.000862
0.000726
0.000759
0.000695
0.000688
0.000687
0.000801
0.000689
0.000689
0.000965
0.000696
0.000696
0.000689
0.000686
0.000687
0.000681
0.000686
0.000686
0.000689
0.000691
0.000743
0.000742
0.000687
0.000678
0.000681
0.000966
0.000765
0.000683
0.000967
0.000756
0.000684
0.000958
0.00075
0.000677
0.000676
0.000679
0.00068
0.000739
0.000675
0.000701
0.000676
0.000702
0.000693
0.000669
0.000685
0.000682
0.000705
0.000963
0.000673
0.000762
0.0008
0.000676
0.00067
0.000697
0.000923
0.000675
0.000728
0.000679
0.000682
0.000696
0.000681
0.000679
0.000678
0.000696
0.000695
0.000762
0.000673
0.00068
0.000962
0.000673
0.000709
0.000959
0.000678
0.000808
0.000743
0.000799
0.000672
0.000685
0.000693
0.000681
0.000735
0.00071
0.000674
0.00068
0.000682
0.000682
0.000682
0.000685
0.000801
0.000672
0.000683
0.000691
0.000679
0.000702
0.000704
0.00075
0.000759
0.000798
0.000684
0.000682
0.00072
0.000669
0.000816
0.000681
0.00074
0.000698
0.000715
0.000774
0.000745
0.000685
0.000723
0.000708
0.000755
0.000685
0.000661
0.000696
0.000669
0.000679
0.000677
0.000717
0.000728
0.000881
0.000741
0.000743
0.000677
0.000687
0.000677
0.00068
0.000694
0.000689
0.000728
0.000685
0.000804
0.000695
0.000788
0.000747
0.000696
0.000693
0.000677
0.000821
0.000682
0.000728
0.000683
0.00072
0.000677
0.000677
0.000672
0.000686
0.000684
0.000672
0.000676
0.000726
0.000685
0.000744
0.000924
0.000673
0.000668
0.000688
0.000679
0.000735
0.000685
0.000685
0.000683
0.000723
0.000672
0.000713
0.000737
0.000671
0.000679
0.000711
0.000738
0.000708
0.000695
0.000686
0.000661
0.000692
0.000971
0.00068
0.00068
0.000949
0.00066
0.000753
0.000735
0.000732
0.000668
0.000666
0.000692
0.000686
0.000686
0.000676
0.000669
0.000674
0.000674
0.000713
0.0007
0.000679
0.000685
0.000687
0.000684
0.000682
0.000726
0.000706
0.000771
0.000681
0.000675
0.000687
0.000677
0.000725
0.000677
0.000681
0.000886
0.000695
0.000841
0.000954
0.000725
0.000674
0.000988
0.000684
0.000675
0.000681
0.000685
0.00068
0.000674
0.000738
0.000746
0.000691
0.000674
0.000678
0.000697
0.000672
0.000734
0.000755
0.000671
0.000703
0.00068
0.00068
0.000681
0.000734
0.00095
0.000688
0.00075
0.000677
0.000671
0.000706
0.000663
0.000689
0.000676
0.000673
0.000675
0.000678
0.000681
0.000772
0.000772
0.000685
0.000937
0.000756
0.00068
0.000751
0.000673
0.00067
0.000703
0.000687
0.000669
0.000716
0.000694
0.000752
0.000763
0.000696
0.000712
0.000828
0.000723
0.000723
0.000898
0.000676
0.000671
0.000676
0.000936
0.000691
0.000676
0.000798
0.000747
0.000696
0.000866
0.000732
0.000719
0.000712
0.0007
0.000673
0.000757
0.000675
0.000801
0.000673
0.000693
0.000684
0.000695
0.000802
0.000682
0.000669
0.000692
0.000693
0.000747
0.000711
0.00072
0.000905
0.000691
0.000679
0.000752
0.000693
0.000672
0.000902
0.00072
0.000671
0.000675
0.000685
0.000785
0.000676
0.00068
0.000682
0.00069
0.000786
0.000692
0.000676
0.000927
0.000942
0.000764
0.000666
0.00068
0.000677
0.000668
0.000677
0.000661
0.000692
0.000689
0.000681
0.000732
0.000684
0.000683
0.000765
0.00069
0.000776
0.00071
0.000716
0.000747
0.000674
0.000952
0.000669
0.000799
0.000739
0.000685
0.000687
0.000685
0.000749
0.000685
0.000676
0.000837
0.00067
0.000689
0.000689
0.00068
0.000851
0.000684
0.000671
0.000715
0.000955
0.000665
0.00077
0.000725
0.00068
0.000786
0.000671
0.0007
0.000696
0.000677
0.000775
0.00068
0.000766
0.000707
0.000698
0.000678
0.000773
0.000692
0.00077
0.000671
0.00068
0.000677
0.000758
0.000749
0.000664
0.000728
0.000675
0.000676
0.000676
0.000662
0.000667
0.000678
0.00068
0.000692
0.000694
0.000686
0.000684
0.000731
0.000688
0.002656
0.000723
0.001045
0.002002
0.001531
0.001571
0.00153
0.001551
0.001586
0.000905
0.00243
0.003807
0.000761
0.00118
0.001388
0.001357
0.000995
0.002667
0.001929
0.000777
0.001112
0.001044
0.000682
0.001287
0.002766
0.000671
0.000752
0.001002
0.002764
0.003185
0.00069
0.000908
0.001577
0.000681
0.000699
0.001114
0.001602
0.002713
0.000706
0.000923
0.001248
0.000919
0.000748
0.000727
0.001013
0.000687
0.001692
0.002785
0.000705
0.000803
0.001854
0.002097
0.0025
0.000835
0.001557
0.00154
0.001957
0.001908
0.001837
0.000999
0.001159
0.00121
0.002809
0.000722
0.00121
0.000673
0.00081
0.000992
0.001538
0.001774
0.000824
0.001089
0.002735
0.000916
0.001062
0.001025
0.00067
0.000677
0.000802
0.002958
0.00069
0.000659
0.001054
0.000662
0.000687
0.000738
0.000737
0.00069
0.000766
0.002139
0.00087
0.000886
0.000684
0.000678
0.001088
0.000743
0.000789
0.000796
0.002614
0.000775
0.00115
0.000666
0.000695
0.000872
0.001691
0.000655
0.00073
0.000683
0.001137
0.002104
0.001125
0.001805
0.001165
0.001308
0.002799
0.001002
0.002758
0.000959
0.00144
0.001834
0.000954
0.001836
0.000959
0.00099
0.000974
0.001248
0.002629
0.000676
0.000883
0.001808
0.001009
0.001324
0.000902
0.000672
0.000702
0.001888
0.002136
0.000683
0.002331
0.00079
0.000685
0.000827
0.000703
0.004197
0.000731
0.000772
0.000738
0.000826
0.000735
0.000759
0.000748
0.00074
0.000761
0.000788
0.00078
0.001259
0.001671
0.000843
0.001201
0.003053
0.002958
0.000947
0.00163
0.001588
0.001421
0.001429
0.000798
0.000795
0.000949
0.000738
0.000921
0.00092
0.001384
0.001935
0.000768
0.000757
0.002931
0.000749
0.002947
0.000751
0.000767
0.001257
0.001219
0.001559
0.001591
0.002473
0.001199
0.003084
0.000986
0.000983
0.000749
0.000919
0.002262
0.000781
0.001131
0.000827
0.000776
0.001185
0.003031
0.003047
0.000799
0.000808
0.001115
0.000766
0.00075
0.001218
0.001346
0.001285
0.001522
0.001524
0.003177
0.002088
0.002518
0.001206
0.000788
0.001494
0.00349
0.003074
0.001408
0.002089
0.00169
0.003134
0.001703
0.000879
0.000866
0.001039
0.002505
0.003236
0.000739
0.001578
0.000844
0.001701
0.000757
0.000846
0.001762
0.000862
0.001459
0.001229
0.002066
0.002195
0.000849
0.002958
0.004413
0.001302
0.001785
0.001779
0.001825
0.001806
0.003035
0.000768
0.000792
0.002523
0.000844
0.001297
0.000785
0.000978
0.00315
0.001202
0.002998
0.000968
0.000773
0.000854
0.000965
0.002915
0.000852
0.002035
0.001323
0.003015
0.000874
0.00076
0.001463
0.001834
0.001796
0.002247
0.003074
0.000755
0.000748
0.002995
0.000862
0.001517
0.002155
0.000847
0.000775
0.000773
0.000759
0.000759
0.000764
0.000767
0.000919
0.000943
0.000766
0.000773
0.000775
0.001413
0.000756
0.000754
0.000772
0.000786
0.002923
0.001012
0.001284
0.000772
0.002944
0.002956
0.003033
0.003386
0.00292
0.003019
0.002962
0.002976
0.002992
0.002951
0.003294
0.002992
0.003155
0.002993
0.003311
0.003316
0.00333
0.002953
0.003271
0.003317
0.00332
0.003289
0.003328
0.003412
0.004856
0.003171
0.003273
0.003505
0.0035
0.003432
0.003345
0.003362
0.003273
0.003295
0.00331
0.003748
0.003289
0.003284
0.00332
0.003336
0.003301
0.003377
0.003408
0.003288
0.003285
0.003464
0.003312
0.003315
0.003507
0.003402
0.003281
0.003295
0.003338
0.003376
0.003449
0.003349
0.003403
0.003354
0.003372
0.003285
0.003292
0.003444
0.003336
0.003303
0.003329
0.003307
0.00468
0.003325
0.003329
0.003298
0.003289
0.003306
0.003322
0.003315
0.0033
0.003466
0.003276
0.003232
0.003245
0.003287
0.003671
0.004838
0.004491
0.00331
0.005013
0.003282
0.004754
0.003337
0.003245
0.003546
0.003254
0.003277
0.003293
0.003274
0.003375
0.004569
0.00332
0.004346
0.003497
0.003311
0.003314
0.003267
0.003323
0.003245
0.003261
0.003349
0.003361
0.003272
0.00337
0.003438
0.003347
0.003579
0.00357
0.003331
0.003283
0.003507
0.00353
0.00348
0.003315
0.0036
0.003304
0.003309
0.002187
0.002945
0.002908
0.002937
0.002969
0.003184
0.002889
0.003317
0.003382
0.00336
0.003656
0.003294
0.003316
0.003354
0.00077
0.000792
0.000767
0.000765
0.000758
0.000775
0.000768
0.000752
0.000752
0.000759
0.000761
0.000764
0.00076
0.000758
0.000765
0.00076
0.000752
0.000742
0.00075
0.000739
0.000772
0.000821
0.000743
0.000757
0.000784
0.000763
0.000774
0.000755
0.000867
0.000914
0.000763
0.000791
0.000756
0.000764
0.000766
0.000767
0.000758
0.000757
0.00076
0.000754
0.000765
0.000749
0.000747
0.000752
0.000761
0.000748
0.000766
0.000765
0.00076
0.000778
0.000766
0.000759
0.001145
0.000748
0.000767
0.00073
0.000745
0.000762
0.000763
0.000757
0.000757
0.000789
0.000809
0.000752
0.00082
0.000795
0.000768
0.000761
0.000771
0.000815
0.000759
0.000755
0.000759
0.000767
0.000772
0.000755
0.000776
0.001087
0.000809
0.00077
0.00079
0.000748
0.000743
0.000771
0.000749
0.000756
0.000753
0.000761
0.000806
0.001089
0.00074
0.000775
0.000768
0.000843
0.000748
0.000755
0.000782
0.000763
0.000781
0.000779
0.000796
0.000779
0.000779
0.000759
0.000775
0.000738
0.000746
0.000758
0.000756
0.000747
0.000762
0.000763
0.000747
0.000736
0.000774
0.000763
0.000761
0.000779
0.00074
0.000761
0.000751
0.000755
0.000734
0.000756
0.000759
0.000742
0.000759
0.000756
0.000833
0.000744
0.000746
0.000754
0.000901
0.000812
0.000756
0.000761
0.000765
0.000776
0.000753
0.000759
0.000749
0.00075
0.000755
0.000748
0.000759
0.000776
0.000759
0.000753
0.000755
0.000758
0.000751
0.000751
0.000762
0.000756
0.000762
0.000824
0.000851
0.000752
0.000766
0.000768
0.000762
0.00075
0.000756
0.000778
0.000765
0.000772
0.000822
0.000761
0.000813
0.000815
0.000758
0.000757
0.00076
0.000743
0.000773
0.000778
0.000756
0.000761
0.000751
0.000769
0.000784
0.000777
0.000769
0.000756
0.000803
0.000826
0.000784
0.000738