
3.0187
2.96312
2.94969
2.94969
2.9033
3.00471
2.94969
2.96939
2.9033
2.94969
2.94969
2.93478
2.9033
2.89603
2.74351
2.73023
2.72102
2.61746
2.41306
2.37094
2.41363
2.34795
2.27771
2.24234
2.18955
1.99782
2.00193
1.99463
1.85282
1.81002
1.74965
1.71851
1.65186
1.65498
1.50715
1.34684
1.35012
1.23395
1.1876
1.17395
1.16178
1.14927
1.13794
1.1291
1.12329
0.602133
1.10432
1.09794
1.09437
1.08149
1.07778
1.07049
1.06725
1.06299
1.06054
1.05748
1.05826
1.05826
1.05628
1.05358
1.0547
1.06046
1.05928
1.06321
1.07292
1.07887
1.08839
1.09812
1.10941
1.10941
1.12719
1.13451
1.14673
1.15006
1.15681
1.16643
1.17348
1.17709
1.17791
1.18241
1.1851
1.1859
1.18691
1.18722
1.18755
1.18823
1.18977
1.18971
1.18666
1.18431
1.18277
1.18133
1.17872
1.1766
1.17581
1.17498
1.17469
1.17527
1.17627
1.17788
1.1793
1.18199
1.18681
1.19295
1.19295
1.19601
1.18156
1.09177
1.10548
1.06674
1.06674
1.04954
1.02984
0.991919
0.977505
0.950087
0.9435
0.913436
0.897706
0.892935
0.888515
0.8735
0.870452
0.859587
0.857414
0.856433
0.856413
0.858296
0.863243
0.864672
0.867878
0.87774
0.88762
0.88762
0.905976
0.905976
0.916753
0.932799
0.946088
0.960323
1.01493
1.01493
1.04617
1.07987
1.09402
1.15814
1.20238
1.20238
1.22767
1.24471
1.27973
1.27973
1.32161
1.32161
1.36508
1.37775
1.37235
1.38436
1.39373
1.4017
1.40291
1.40371
1.39585
1.38653
1.382
1.37976
1.36296
1.35923
1.35244
1.34805
1.34434
1.34229
1.33981
1.33981
1.33702
1.33791
1.33873
1.33873
1.34009
1.34388
1.3447
1.34975
1.35364
1.36321
1.38353
1.38353
1.39661
1.39661
1.40675
1.41888
1.41888