
0.002687
0.004718
0.004505
0.004431
0.003981
0.00689
0.003712
0.006573
0.005516
0.007257
0.005586
0.004147
0.004418
0.005672
0.003342
0.006135
0.006246
0.006413
0.004787
0.003689
0.004256
0.002868
0.004504
0.004008
0.007718
0.005548
0.003117
0.005945
0.00593
0.00647
0.003687
0.006089
0.004161
0.002903
0.004606
0.003208
0.003136
0.003642
0.003177
0.003205
0.003488
0.004507
0.003937
0.004072
0.003369
0.003861
0.006771
0.007409
0.007698
0.004408
0.003956
0.003512
0.011204
0.007467
0.007027
0.009645
0.005877
0.012778
0.005119
0.010059
0.008607
0.013689
0.009037
0.007365
0.010366
0.006099
0.004927
0.00895
0.005616
0.025516
0.005608
0.006427
0.005379
0.005935
0.0135
0.028451
0.006081
0.006364
0.003694
0.004558
0.013441
0.004967
0.01148
0.00306
0.006865
0.00376
0.003428
0.005967
0.007318
0.013099
0.006448
0.004017
0.00447
0.003558
0.003666
0.003123
0.003897
0.004233
0.004844
0.004556
0.002926
0.008446
0.009632
0.004789
0.004374
0.007515
0.00722
0.017896
0.011779
0.0069
0.009316
0.026957
0.006755
0.003232
0.009603
0.003204
0.020759
0.00965
0.003393
0.004747
0.005992
0.004061
0.007374
0.003726
0.002959
0.003108
0.013682
0.006265
0.007146
0.005798
0.003184
0.008601
0.006617
0.003605
0.005218
0.005285
0.002842
0.002808
0.003692
0.01352
0.003466
0.003203
0.003216
0.005213
0.003191
0.002794
0.003975
0.003314
0.003176
0.012246
0.008341
0.007337
0.004503
0.004196
0.005993
0.005393
0.005085
0.002862
0.003356
0.012847
0.011504
0.012621
0.005313
0.005554
0.011371
0.004998
0.02839
0.003883
0.008119
0.010826
0.019459
0.01223
0.006155
0.009971
0.008157
0.007246
0.025813
0.005328
0.002973
0.006314
0.002653
0.009652
0.004074
0.012673
0.007572
0.003825
0.014222
0.003028
0.021017
0.009558
0.004911
0.003334
0.00267
0.003951
0.00799
0.005977
0.009417
0.002733
0.003417
0.009865
0.005902
0.007251
0.004628
0.004009
0.004385
0.006012
0.006204
0.00908
0.003528
0.003696
0.003791
0.007438
0.004367
0.01021
0.004064
0.008089
0.007389
0.007232
0.005276
0.007901
0.005109
0.011266
0.005613
0.006291
0.010472
0.006502
0.005138
0.004904
0.005286
0.006308
0.006102
0.022617
0.010625
0.00534
0.010364
0.006793
0.007367
0.010995
0.005234
0.014166
0.010528
0.005221
0.011895
0.00978
0.004937
0.004468
0.010194
0.005956
0.007432
0.005007
0.004831
0.008286
0.006252
0.006462
0.003203
0.01066
0.004075
0.003432
0.003756
0.004624
0.013043
0.019904
0.00472
0.003616
0.003203
0.004982
0.003053
0.007678
0.01007
0.009059
0.0225
0.010586
0.004364
0.005257
0.008905
0.005732
0.006089
0.011424
0.003274
0.01471
0.014232
0.003233
0.003803
0.006035
0.005484
0.007591
0.008958
0.01097
0.014937
0.003888
0.005101
0.027697
0.00554
0.007344
0.006987
0.011989
0.00975
0.014319
0.010964
0.007494
0.011009
0.020332
0.006081
0.006845
0.008432
0.00555
0.002515
0.00847
0.004272
0.005505
0.007185
0.004548
0.024811
0.003363
0.003457
0.005506
0.003249
0.022647
0.005246
0.016128
0.003497
0.008366
0.011808
0.004444
0.012006
0.003259
0.006155
0.002684
0.004946
0.011432
0.007393
0.008167
0.006377
0.006013
0.004629
0.00528
0.006637
0.003808
0.005284
0.002091
0.003882
0.003454
0.004759
0.004595
0.004529