
0.0282843
0.0835189
0.0773698
0.0998789
0.078428
0.0809362
0.0629468
0.0590048
0.0601873
0.0395459
0.0736751
0.0520583
0.0520583
0.0638353
0.0649309
0.0119789
0.0449219
0.0125838
0.0345605
0.00400018
0.00400018
0.00477474
0.0352503
0.0138625
0.0247848
0.0452194
0.0532061
0.127946
0.129318
0.0108935
0.0207335
0.0207335
0.0401577
0.02824
0.0293685
0.0293685
0.0521674
0.0667555
0.0465129
0.027305
0.0486059
0.0388491
0.0604391
0.0604391
0.0622595
0.0622595
0.0237341
0.0237341
0.0127441
0.0138751
0.0468016
0.0145821
0.0367465
0.0260476
0.058986
0.0267688
0.0488373
0.038168
0.000595325
0.0227388
0.0227388
0.0333954
4.63533e-05
0.0109565
0.00581621
0.00607096
0.00607096
0.0232165
0.0232165
0.172013
0.172013
0.18702
0.0129669
0.0129669
0.0223455
0.0240591
0.0240591
0.0327709
0.0312133
0.0108859
0.0301021
0.0132115
0.0205096
0.0161045
0.0214868
0.0214868
0.0380752
0.0226956
0.0288304
0.0288304
0.0558103
0.0101929
0.0390461
0.205947
0.205947
0.212688
0.209741
0.00869807
0.0125815
0.00051224
0.0330439
0.0059854
0.0466523
0.0330476
0.0541273
0.0541273
0.0749991
0.0638664
0.0737713
0.0728185
0.018064
0.0111327
0.0417442
0.00992186
0.0237697
0.0137945
0.025707
0.0316813
0.0287579
0.0492059
0.0417488
0.0187325
0.0239223
0.0301805
0.0301805
0.0282884
0.0103277
0.00749247
0.014977
0.0201514
0.0200858
0.0153946
0.0203562
0.0048109
0.16306
0.16306
0.171268
0.185485
0.180701
0.180701
0.0488314
0.0249474
0.0117485
0.0147448
0.0168476
0.0340992
0.0212516
0.0381062
0.0208379
0.0113417
0.0264153
0.0187684
0.0452332
0.030366
0.0411892
0.00846788
0.0149097
0.0123845
0.0140534
0.0150863
0.0282869
0.0158619
0.00772164
0.00772164
0.0266046
0.0207152
0.0123037
0.0201456