
3e-06
1e-06
1e-06
1e-06
1e-06
1e-06
1e-06
1e-06
2e-06
1e-06
1e-06
1e-06
1e-06
0
1e-06
1e-06
2e-06
1e-06
1e-06
1e-06
1e-06
1e-06
1e-06
1e-06
2e-06
1e-06
1e-06
1e-06
1e-06
1e-06
1e-06
1e-06
2e-06
1e-06
1e-06
1e-06
0
1e-06
1e-06
1e-06
1e-06
1e-06
0
1e-06
1e-06
1e-06
1e-06
1e-06
1e-06
2e-06
0
1e-06
5e-06
2e-06
1e-06
2e-06
2e-06
5e-06
2e-06
3e-06
3e-06
2e-06
3e-06
2e-06
6e-06
4e-06
2e-06
1e-06
1e-06
5e-06
1e-06
2e-06
1e-06
2e-06
3e-06
0.071324
0.067627
0.019475
0.017019
0.058015
0.07181
0.029014
0.064906
0.015848
0.054398
0.030457
0.015833
0.015805
0.015746
0.072283
0.033798
0.020563
0.016551
0.015937
0.015876
0.015979
0.019127
0.01585
0.053745
0.036148
0.012983
0.059791
2e-06
1e-06
1e-06
2e-06
2e-06
5e-06
7e-06
4e-06
2e-06
7e-06
0.018482
0.015619
0.056676
0.019891
0.058921
0.026446
1e-06
2e-06
1e-06
0.075203
1e-06
0.018677
0.018962
0.01849
2e-06
1e-06
0.022251
0.019526
0.01955
0.017433
0.020014
0.020062
0.018313
0.017502
0.017061
0.016023
0.01402
0.078941
0.01647
0.016488
0.019298
0.016161
0.01637
0.016657
0.0171
0.014681
0.01642
0.060934
0.01972
0.061594
0.011447
0.011799
0.016977
0.031886
0.015514
0.016298
0.015957
0.067574
3e-06
4e-06
3e-06
3e-06
4e-06
1e-06
7e-06
2e-06
1e-06
2e-06
3e-06
1e-06
1e-06
4e-06
2e-06
1e-06
7e-06
2e-06
1e-06
1e-06
1e-06
4e-06
2e-06
1e-06
1e-06
2e-06
5e-06
0.02434
0.062333
2e-06
0.058436
2e-06
0.016123
0.038088
2e-06
0.016332
0.016208
0.018474
0.021916
0.021019
0.020923
0.021021
0.02142
0.020748
0.020615
0.020451
0.020676
0.020557
0.02067
0.020437
0.020924
0.060441
0.022244
0.06915
2e-06
2e-06
2e-06
2e-06
2e-06
3e-06
2e-06
2e-06
2e-06
2e-06
2e-06
1e-06
2e-06
0.021342
0.024568
0.063927
0.040185
0.064422
0.021845
0.020588
0.036902
0.060182
2e-06
1e-06
1e-06
2e-06
2e-06
2e-06
2e-06
3e-06
2e-06
2e-06
1e-06
5e-06
2e-06
2e-06
2e-06
7e-06
0.02376
1e-06
1e-06
0.02064
0.016033
0.012672
0.012304
0.017426
0.058045
0.057072
0.011528
0.012221
0.012126
0.013299
0.011888
0.051673
0.058104
0.065023
0.071324
0.065008
0.071704
0.067625
0.075991
0.024922
0.017945
0.08374
0.0146
0.056966
0.055507
0.015548
0.012131
0.013505
0.017235
0.032653
2e-06
3e-06
5e-06
2e-06
1e-06
7e-06
3e-06
2e-06
2e-06
4e-06
3e-06
4e-06
3e-06
4e-06
4e-06
7e-06
2e-06
2e-06
4e-06
2e-06
1e-06
0.027635
0.01735
0.016265
0.080039
0.021994
0.060807
0.014124
0.014028
0.014694
0.04261
0.064627
0.02272
0.066728
0.014834
0.061051
0.071274
0.011966
7e-06
2e-06
1e-06
2e-06
0.012959
0.013182
0.01551
0.019403
0.020553
0.022943
0.025554
0.039884
0.026744
0.037352
0.018307
0.01871
0.01885
0.017894
0.080451
0.026605
0.020001