
0.004559
0.007432
0.00715
0.007453
0.005703
0.011288
0.006209
0.011276
0.008347
0.011194
0.008715
0.006661
0.006839
0.008781
0.005093
0.01057
0.010022
0.008917
0.007668
0.006273
0.006857
0.004915
0.006941
0.006328
0.0123
0.008374
0.005388
0.009098
0.009018
0.011014
0.005568
0.009096
0.006568
0.004768
0.007441
0.005385
0.004572
0.006138
0.005429
0.005261
0.005786
0.007231
0.006674
0.006519
0.005466
0.006181
0.011133
0.012447
0.01304
0.006541
0.007088
0.005865
0.017873
0.011661
0.01198
0.017719
0.009022
0.017712
0.008651
0.016151
0.015229
0.023457
0.014269
0.012858
0.017103
0.011405
0.008925
0.016005
0.008998
0.040779
0.008712
0.010585
0.008854
0.010925
0.024388
0.142967
0.082289
0.036372
0.026147
0.071771
0.107531
0.039892
0.09301
0.023905
0.071018
0.040018
0.023832
0.030775
0.0329
0.106267
0.049138
0.030862
0.026825
0.023697
0.024421
0.024166
0.027275
0.025369
0.06779
0.047267
0.019689
0.083567
0.025864
0.010675
0.009867
0.018288
0.019761
0.04808
0.021263
0.022837
0.020528
0.048392
0.029335
0.02126
0.078841
0.027308
0.104151
0.045794
0.007658
0.010186
0.012147
0.084504
0.01766
0.027472
0.025714
0.02578
0.029481
0.013882
0.036392
0.032969
0.026942
0.039026
0.037374
0.028459
0.029372
0.031761
0.024096
0.023332
0.021715
0.109875
0.02509
0.024601
0.027228
0.030709
0.024053
0.022855
0.026639
0.02291
0.023722
0.081943
0.037667
0.079735
0.02055
0.022205
0.031616
0.042482
0.023505
0.020714
0.021801
0.089443
0.01926
0.020631
0.009058
0.009279
0.020223
0.007645
0.040216
0.007175
0.014554
0.018465
0.032963
0.02133
0.009987
0.02115
0.01684
0.014942
0.04827
0.009911
0.006953
0.014608
0.007118
0.018701
0.009328
0.028191
0.01624
0.007817
0.032058
0.028818
0.09845
0.014331
0.066988
0.006845
0.022399
0.045662
0.018729
0.030697
0.037325
0.024905
0.030031
0.041331
0.034221
0.038365
0.031427
0.029543
0.031514
0.033445
0.032686
0.041097
0.028154
0.027994
0.029722
0.080885
0.032433
0.089125
0.007492
0.013302
0.01115
0.012213
0.009229
0.013281
0.009563
0.018941
0.010541
0.012957
0.023592
0.014527
0.011663
0.02922
0.032412
0.073378
0.049485
0.09599
0.039095
0.028818
0.053456
0.071307
0.011084
0.016486
0.007758
0.022334
0.021288
0.009294
0.021271
0.015346
0.007576
0.008125
0.014677
0.009619
0.014444
0.009668
0.010709
0.017232
0.036347
0.013063
0.008071
0.039229
0.022673
0.018343
0.01828
0.025433
0.079641
0.088037
0.021115
0.020213
0.020635
0.023814
0.019987
0.068027
0.073816
0.080968
0.110272
0.091451
0.083405
0.078915
0.096519
0.03667
0.030057
0.108168
0.023362
0.09995
0.089122
0.023824
0.020145
0.026988
0.025973
0.044248
0.018078
0.017079
0.023991
0.006535
0.007893
0.043827
0.009488
0.011608
0.01137
0.018912
0.019143
0.027049
0.017376
0.013247
0.015459
0.028806
0.013562
0.020292
0.017324
0.01106
0.005595
0.040434
0.024128
0.024958
0.09119
0.029751
0.099074
0.022959
0.023628
0.029072
0.048912
0.099384
0.036483
0.103247
0.02363
0.080885
0.10426
0.023931
0.032554
0.00677
0.014209
0.005287
0.024776
0.039974
0.031595
0.039971
0.035134
0.036567
0.035888
0.052648
0.041766
0.04551
0.030027
0.021742
0.028512
0.023114
0.089092
0.033393
0.027181