0.006014
0.008956
0.008622
0.008968
0.007204
0.012618
0.007582
0.012594
0.009768
0.012688
0.010242
0.008162
0.008312
0.010224
0.006542
0.011936
0.011531
0.010455
0.009222
0.00789
0.008395
0.00631
0.008353
0.007817
0.013779
0.009888
0.006826
0.010573
0.010525
0.012492
0.007038
0.010591
0.008065
0.006255
0.008951
0.006831
0.006031
0.007673
0.006843
0.006665
0.007231
0.008747
0.00837
0.007956
0.006888
0.007619
0.012604
0.013911
0.014726
0.007982
0.013836
0.052922
0.060604
0.033683
0.059362
0.04168
0.070647
0.029005
0.063972
0.037893
0.06217
0.037765
0.062202
0.038311
0.062268
0.036269
0.055991
0.042958
0.076553
0.067819
0.014361
0.041032
0.062847
0.038892
0.203122
0.193688
0.117114
0.059235
0.032742
0.114296
0.284994
0.061738
0.136824
0.046087
0.119848
0.0466
0.045201
0.036983
0.096939
0.265779
0.082365
0.051863
0.050651
0.029719
0.042293
0.072483
0.048336
0.031204
0.158606
0.147337
0.040291
0.164451
0.070772
0.017918
0.052118
0.082792
0.103436
0.13418
0.207062
0.055416
0.092266
0.077735
0.035713
0.183503
0.10382
0.043381
0.144118
0.070962
0.01406
0.037181
0.120477
0.101211
0.167222
0.045719
0.038072
0.065211
0.037047
0.091952
0.043092
0.052328
0.033187
0.0592
0.043988
0.047541
0.035756
0.046243
0.150749
0.03555
0.190114
0.138113
0.03162
0.065929
0.034053
0.062186
0.037996
0.062423
0.0375
0.056636
0.140648
0.109414
0.049323
0.194442
0.025466
0.051046
0.131005
0.097519
0.038289
0.025224
0.087624
0.161132
0.084942
0.052153
0.029385
0.116461
0.09207
0.075899
0.068808
0.031954
0.077489
0.030405
0.055557
0.036413
0.202786
0.044294
0.034906
0.119224
0.083353
0.028617
0.088249
0.038405
0.028082
0.046739
0.188542
0.046153
0.038336
0.085909
0.047701
0.047353
0.12672
0.043724
0.175908
0.024239
0.04567
0.063009
0.029996
0.063665
0.044249
0.05166
0.150718
0.066405
0.040331
0.063643
0.037464
0.058633
0.037576
0.062463
0.038774
0.066114
0.034891
0.061152
0.036402
0.241096
0.055031
0.13955
0.034952
0.028731
0.088376
0.021426
0.073111
0.022532
0.076043
0.02838
0.191598
0.070834
0.045859
0.034462
0.017788
0.051237
0.066868
0.10495
0.144648
0.122866
0.044521
0.088946
0.072704
0.100058
0.016113
0.021554
0.070844
0.033343
0.072699
0.023303
0.085341
0.024386
0.059307
0.030029
0.072713
0.027412
0.171171
0.026585
0.09349
0.033768
0.053416
0.01786
0.056769
0.046281
0.047945
0.038699
0.065423
0.035414
0.10507
0.208303
0.03131
0.145558
0.03448
0.050706
0.039823
0.134046
0.136283
0.152493
0.260412
0.176939
0.150929
0.144839
0.115545
0.042553
0.198978
0.139474
0.030452
0.129284
0.120565
0.038681
0.038534
0.157344
0.084413
0.103892
0.058323
0.084872
0.051014
0.032063
0.093017
0.076037
0.015703
0.017972
0.071911
0.028383
0.074032
0.036342
0.062635
0.026132
0.070889
0.150372
0.069431
0.032411
0.034941
0.03139
0.050763
0.060495
0.038725
0.108054
0.115218
0.033865
0.227448
0.037673
0.03972
0.111484
0.068464
0.156133
0.058682
0.120384
0.182949
0.148282
0.229365
0.082562
0.056613
0.011394
0.03153
0.188983
0.039046
0.044304
0.17006
0.059387
0.040809
0.053223
0.223253
0.066429
0.226296
0.056215
0.170679
0.033557
0.115506
0.088556
0.115345
0.052478
