
0.004928
0.01276
0.007824
0.014105
0.011304
0.01141
0.011366
0.011763
0.006695
0.019175
0.009217
0.010386
0.009669
0.034482
0.02392
0.015793
0.029071
0.012153
0.015022
0.020834
0.015162
0.033929
0.01498
0.057181
0.009975
0.023498
0.012665
0.015672
0.020828
0.01476
0.075278
0.004495
0.01488
0.066595
0.025697
0.031457
0.071944
0.071277
0.013047
0.016207
0.060927
0.017842
0.018397
0.016006
0.010127
0.023849
0.013365
0.06663
0.007281
0.011724
0.014211
0.034909
0.012453
0.012758
0.012094
0.005223
0.005387
0.005381
0.015308
0.01451
0.011269
0.011843
0.005826
0.008517
0.005008
0.009108
0.072829
0.00479
0.009935
0.050011
0.056087
0.057098
0.01833
0.064615
0.054687
0.060523
0.016485
0.024143
0.012652
0.009809
0.014735
0.066284
0.017909
0.033953
0.013466
0.009273
0.011574
0.031966
0.012065
0.008948
0.005924
0.011207
0.011114
0.012881
0.008678
0.018432
0.018535
0.018376
0.018426
0.018346
0.018701
0.013785
0.016581
0.027849
0.020897
0.035201
0.030958
0.029484
0.013722
0.051763
0.01446
0.013423
0.016292
0.014201
0.005696
0.016274
0.044231
0.013535
0.020276
0.020627
0.025658
0.032444
0.019451
0.017041
0.006465
0.011614
0.053458
0.011714
0.015821
0.010817
0.014088
0.009354
0.009619
0.00504
0.009474
0.009852
0.055326
0.053874
0.056106
0.008762
0.068641
0.05917
0.058125
0.009454
0.005684
0.016181
0.015724
0.020219
0.010123
0.008614
0.053096
0.053997
0.023987
0.058376
0.015859
0.038135
0.017868
0.021967
0.023538
0.023307
0.016962
0.051042
0.011688
0.011343
0.052642
0.017008
0.008122
0.010348
0.060088
0.013969
0.050405
0.015302
0.0073
0.005474
0.058047
0.008744
0.053973
0.00985
0.005469
0.010155
0.0057
0.013672
0.007259
0.006936
0.005493
0.005794
0.005752
0.012771
0.059595
0.018552
0.013489