
39
75
90
75
75
96
146
45
48
46
44
147
84
78
51
106
51
120
42
97
85
71
42
90
140
39
112
71
98
45
142
28
45
51
98
51
74
41
99
37
91
79
22
37
84
134
34
45
66
46
135
57
26
134
134
22
80
39
21
61
64
16
14
61
82
132
41
62
60
18
61
60
49
41
60
58
45
60
45
69
48
47
9
69
16
133
50
68
56
69
133
15
133
74
87
166
91
11
61
60
11
67
17
126
42
61
49
57
17
18
52
12
19
19
13
44
18
18
18
34
37
43
34
11
34
10
37
11
11
63
12
22
74
36
107
74
13
13
18
39
106
38
123
24
39
123
22
21
75
25
41
23
124
24
23
36
36
29
23
47
70
43
34
17
18
15
17
31
31
48
62
68
72
43
120
19
120
20
85
41
15
72
120
31
42
22
89
20
34
34
46
42
30
20
20
19
118
27
45
44
25
19
33
33
47
20
85
101
36
214
116
80
127
182
114
235
115
80
80
127
461
42
123
80
161
178
62
335
116
159
23
99
45
47
47
52
99
47
18
14
40
45
23
56
45
99
36
18
23
99
20
93
42
55
30
53
93
12
19
18
53
55
55
12
55
87
500
500
143
23
93
38
15
28
67
93
53
23
22
15
93
15
48
38
93
28
78
93
93
21
13
72
33
33
21
61
85
46
40
21
14
73
47
62
22
15
62
87
41
33
41
73
14
20
24
24
80
66
42
58
39
53
17
44
46
39
66
48
104
382
303
121
120
128
93
340
90
44
45
15
64
64
48
64
11
41
64
42
64
11
64
64
173
173
92
280
140
92
171
308
242
37
345
84
282
305
308
211
376
225
240
244
149
383
242
383
242
171
92
50
84
127
61
339
92
61
383
98
92
43
70
31
50
72
32
32
42
42
33
63
37
50
32
18
40
43
95
179
127
100
100
100
110
237
27
29
25
79
32
32
52
52
32
66
37
66
46
21
43
75
25
25
49
30
24
60
50
38
35
24
211
71
149
103
51
13
41
64
17
22
55
22
15
58
59
59
15
53
15
28
56
57
43
71
11
17
62
17
24
22
11
66
57
17
22
10
43
23
43
95
46
132
45
45
154
248
251
130
251
206
323
125
264
243
121
153
108
132
82
147
144
162
21
191
46
191
96
191
272
36
38
56
56
47
55
102
14
62
61
95
32
56
14
38
340
152
276
143
185
347
46
35
62
67
36
99
106
48
54
48
47
84
82
34
34
61
43
35
83
55
32
47
77
50
66
117
66
50
51
36
55
61
28
54
83
56
68
61
68
41
58
29
42
61
29
98
29
63
26
63
85
59
68
44
68
99
61
60
72
98
98
67
23
67
88
74
74
47
74
102
65
74
66
152
74
87
67
19
75
91
75
75
155
75
104
67
67
154
65
17
76
94
65
157
157
76
65
65
25
65
68
6
78
97
68
26
161
78
73
68
6
69
65
74
139
169