
0.0177
0.001528
0.002829
0.002597
0.002743
0.00224
0.001944
0.002627
0.002142
0.001864
0.002464
0.003647
0.002623
0.002368
0.003393
0.002383
0.002585
0.003745
0.001844
0.001807
0.00215
0.004208
0.004222
0.003022
0.002126
0.00244
0.001629
0.00283
0.002512
0.002637
0.00252
0.003712
0.001757
0.003959
0.003975
0.002098
0.00211
0.002334
0.004003
0.002333
0.0016
0.002834
0.001698
0.001765
0.002165
0.001845
0.001712
0.00197
0.002782
0.002442
0.002237
0.001979
0.002333
0.002455
0.00186
0.001979
0.002976
0.002607
0.002553
0.002621
0.00236
0.002013
0.006509
0.004469
0.002008
0.002585
0.002822
0.003378
0.00346
0.007695
0.002956
0.006457
0.005256
0.004839
0.004084
0.006034
0.004252
0.006576
0.003481
0.00269
0.003002
0.002615
0.00362
0.007216
0.009706
0.003301
0.002052
0.001999
0.003131
0.003383
0.004164
0.004632
0.022912
0.003301
0.002276
0.001994
0.002358
0.002303
0.002168
0.002591
0.001477
0.001948
0.001905
0.012549
0.007269
0.008098
0.006996
0.003446
0.002199
0.002172
0.00199
0.00167
0.001372
0.002142
0.001599
0.002513
0.002333
0.007892
0.006645
0.013473
0.001759
0.001531
0.001419
0.001697
0.001456
0.001712
0.001801
0.001311
0.001586
0.00175
0.003043
0.001911
0.006602
0.005689
0.001729
0.001799
0.004063
0.002555
0.002169
0.001991
0.001944
0.001206
0.001923
0.001962
0.001517
0.001276
0.002221
0.002862
0.001626
0.001247
0.007629
0.006121
0.01303
0.001604
0.001485
0.001381
0.001494
0.001346
0.001506
0.001714
0.001432
0.00158
0.00166
0.003751
0.00261
0.002235
0.002212
0.002623
0.001489
0.001924
0.001078
0.001788
0.001734
0.001726
0.001754
0.002222
0.001242
0.002461
0.001349
0.002618
0.002479
0.00242
0.001503
0.012712
0.00252
0.002222
0.001163
0.00099
0.002226
0.001714
0.002016
0.002146
0.002289
0.001441
0.001712
0.001122
0.004681
0.005781
0.005639
0.003917
0.002961
0.001621
0.002536
0.001694
0.004349
0.002733
0.00431
0.005168
0.005663
0.006178
0.003739
0.006189
0.007288
0.003048
0.018186
0.002579
0.001386
0.001407
0.00082
0.002271
0.001238
0.002035
0.001487
0.003256
0.001551
0.004032
0.006445
0.00214
0.004452
0.002153
0.001222
0.006804
0.012688
0.004174
0.0041
0.00199
0.002382
0.00178
0.017219
0.001373
0.002154
0.002356
0.0012
0.00227
0.001361
0.002003
0.001689
0.002321
0.001165
0.003424
0.0029
0.001951
0.00164
0.001856
0.001242
0.005006
0.009341
0.002663
0.002514
0.00649
0.001876
0.001968
0.001171
0.003057
0.001358
0.003913
0.001643
0.002202
0.001497
0.002219
0.002664
0.001593
0.001694
0.023079
0.002353
0.001619
0.001223
0.002161
0.001238
0.002044
0.001187
0.001509
0.001196
0.001188
0.002244
0.001599
0.001697
0.001189
0.001809
0.001294
0.005656
0.003937
0.002014
0.002353
0.00415
0.002613
0.004787
0.001873
0.001717
0.002009
0.0012
0.00119
0.001786
0.001338
0.00173
0.004169
0.001393
0.003534
0.002464
0.001805
0.001405
0.00195
0.002082
0.00149
0.003421
0.001745
0.001785
0.00165
0.001959
0.001243
0.001579
0.001334
0.017058
0.002279
0.001493
0.001159
0.001433
0.002318
0.001513
0.001431
0.001491
0.001687
0.001572
0.001521
0.001472
0.002186
0.001317
0.014969
0.002114
0.002255
0.001273
0.001247
0.00139
0.001353
0.001167
0.001264
0.001271
0.00222
0.00905
0.00521
0.00208
0.001829
0.001918
0.001666
0.00179
0.00215
0.001935
0.001405
0.001914
0.001369
0.001804
0.001924
0.001498
0.001275
0.002308
0.001644
0.001884
0.002201
0.001651
0.001228
0.015137
0.002202
0.002031
0.001289
0.001453
0.001732
0.001334
0.001274
0.001454
0.002158
0.007299
0.003359
0.002293
0.001266
0.001459
0.004413
0.003247
0.01255
0.001674
0.001894
0.000994
0.002164
0.001002
0.00138
0.001527
0.0014
0.002219
0.003037
0.00143
0.002512
0.002465
0.003843
0.003708
0.003213
0.001427
0.016689
0.00324
0.001654
0.001887
0.007423
0.004381
0.00323
0.008715
0.002939
0.0031
0.006612
0.003027
0.020289
0.002185
0.002732
0.002434
0.006743
0.008283
0.005253
0.005941
0.002322
0.004064
0.032364
0.002351
0.002301
0.002006
0.003319
0.002112
0.002068
0.003279
0.001715
0.0019
0.006605
0.003309
0.005468
0.002133
0.004846
0.001849
0.01859
0.006143
0.003513
0.001397
0.001553
0.001534
0.003901
0.002557
0.001438
0.001211
0.006297
0.002352
0.002282
0.00218
0.026345
0.001711
0.0014
0.001597
0.00216
0.001285
0.002238
0.001441
0.001224
0.001354
0.001662
0.004009
0.004804
0.002436
0.002255
0.005044
0.002368
0.002161
0.001294
0.009651
0.003831
0.001693
0.013961
0.006425
0.002781
0.019174
0.001583
0.001488
0.00138
0.001344
0.001342
0.001606
0.001457
0.001694
0.001294
0.001307
0.001953
0.001324
0.001442
0.001563
0.00232
0.001334
0.001847
0.003744
0.001576
0.001503
0.001469
0.002241
0.001394
0.001417
0.004936
0.00148
0.001833
0.001485
0.00145
0.001418
0.001871
0.001431
0.020018
0.001723
0.001678
0.001519
0.001367
0.001307
0.001525
0.001494
0.001428
0.001297
0.001496
0.002108
0.004651
0.001192
0.001547
0.003905
0.001678
0.002218
0.002588
0.001691
0.001265
0.002957
0.001431
0.002076
0.001543
0.002641
0.002573
0.003912
0.002367
0.004061
0.001618
0.001775
0.004425
0.001528
0.001615
0.001922
0.00146
0.002178
0.001002
0.002233
0.00129
0.004599
0.003116
0.024793
0.001459
0.00233
0.002527
0.002484
0.00124
0.001359
0.001482
0.002329
0.002284
0.002485
0.001657
0.00525
0.002332
0.005477
0.004955
0.004304
0.003026
0.005102
0.002913
0.007796
0.003228
0.024172
0.0025
0.001288
0.001273
0.002373
0.002279
0.001434
0.002214
0.001177
0.002136
0.002379
0.004116
0.001459
0.00501
0.002192
0.002859
0.001399
0.004195
0.002935
0.003364
0.002831
0.003064
0.003383
0.003817
0.004089
0.022675
0.001217
0.015576
0.003357
0.004246
0.003372
0.003728
0.003583
0.004026
0.004795
0.003442
0.004452
0.003437
0.005878
0.003783
0.007118
0.002494
0.002902
0.004313
0.003611
0.006651
0.002836
0.002589
0.006899
0.003385
0.002425
0.00253
0.001334
0.024086
0.002683
0.001156
0.002293
0.00261
0.001199
0.001015
0.001407
0.002178
0.002807
0.001623
0.003218
0.00119
0.003238
0.002338
0.004835
0.002912
0.004168
0.00171
0.004409
0.002394
0.001875
0.002159
0.002903
0.00473
0.002504
0.001958
0.002206
0.002745
0.007971
0.013558
0.013829
0.001818
0.001111
0.001353
0.00276
0.000987
0.001006
0.002137
0.002278
0.001382
0.001882
0.003197
0.001193
0.00243
0.001754
0.018993
0.002587
0.001026
0.002114
0.002335
0.001044
0.001067
0.002351
0.001096
0.001329
0.001613
0.001787
0.002279
0.00327
0.002131
0.001788
0.002209
0.004697
0.002732
0.006747
0.004834
0.009102
0.006704
0.014623
0.002476
0.000955
0.002168
0.002351
0.001069
0.001018
0.00224
0.000973
0.001248
0.001435
0.006185
0.006403
0.002299
0.002705
0.003251
0.001728
0.006029
0.004879
0.0037
0.001852
0.003914
0.001526
0.020399
0.002893
0.001714
0.002437
0.002663
0.001344
0.001459
0.002668
0.001418
0.001493
0.00146
0.006935
0.00427
0.001962
0.002402
0.002672
0.007549
0.004509
0.003708
0.00611
0.003884
0.00276
0.002439
0.001864
0.002266
0.002543
0.001268
0.004068
0.002866
0.031166
0.001375
0.003655
0.005011
0.00532
0.007517
0.010151
0.002205
0.003381
0.009009
0.010654
0.003404
0.00489
0.004797
0.00794
0.006525
0.002317
0.007311
0.002488
0.002659
0.007421
0.004522
0.007357
0.01455
0.018746
0.002337
0.001167
0.002405
0.002272
0.002208
0.002277
0.002633
0.001224
0.002357
0.002327
0.004097
0.002546
0.004391
0.005742
0.004983
0.004476
0.003745
0.001243
0.001275
0.001483
0.005723
0.002876
0.003668
0.004754
0.002744
0.016958
0.020189
0.002514
0.001449
0.002349
0.002372
0.002186
0.002538
0.002544
0.00256
0.002015
0.002365
0.001906
0.002408
0.002152
0.001324
0.002627
0.001202
0.001558
0.00134
0.01588
0.005094
0.003063
0.003489
0.010619
0.008367
0.001954
0.00254
0.013932
0.002601
0.001111
0.002149
0.002393
0.002277
0.001634
0.002666
0.001576
0.002166
0.002267
0.005396
0.005058
0.007024
0.008645
0.01429
0.002513
0.001064
0.002393
0.003056
0.002331
0.001769
0.002242
0.001763
0.002133
0.002241
0.001012
0.001945
0.001148
0.002275
0.007108
0.009096
0.001584
0.001492
0.003985
0.003286
0.001682
0.001122
0.029687
0.00256
0.001086
0.002355
0.002326
0.002335
0.001824
0.002324
0.001749
0.002584
0.002394
0.002993
0.002377
0.003194
0.004999
0.001798
0.002792
0.004954
0.002821
0.018914
0.002645
0.001119
0.002314
0.002472
0.001673
0.001688
0.002242
0.00177
0.00279
0.002593
0.002735
0.003024
0.002593
0.002299
0.004351
0.003011
0.003899
0.001932
0.003068
0.002823
0.024285
0.002673
0.000965
0.001772
0.002654
0.001757
0.001807
0.003154
0.001801
0.002757
0.002478
0.003262
0.00257
0.004532
0.002956
0.021978
0.002542
0.000919
0.001776
0.002571
0.002483
0.002841
0.003012
0.00172
0.002392
0.002302
0.002421
0.001394
0.003493
0.002586
0.019924
0.002688
0.001683
0.0025
0.002577
0.001329
0.00284
0.001743
0.002327
0.002419
0.000897
0.00227
0.001819
0.019425
0.002247
0.002606
0.002727
0.002884