
187
145
172
145
145
149
146
84
72
158
67
128
167
141
67
143
140
78
141
141
62
122
161
147
62
137
134
72
112
136
81
148
132
140
81
135
132
147
125
130
85
138
76
136
85
85
133
138
166
126
321
144
81
151
275
79
126
130
162
111
344
223
150
175
121
333
73
125
72
349
469
49
149
76
124
71
76
126
125
133
464
61
142
70
36
60
70
120
119
145
466
120
139
42
41
163
73
123
122
100
122
118
135
45
53
139
72
122
121
102
126
116
147
354
192
147
106
123
122
182
111
99
230
191
47
145
99
172
105
63
109
93
227
198
118
419
93
40
222
235
113
93
222
38
115
137
93
264
227
240
89
421
218
287
110
131
85
256
89
110
80
410
131
303
128
123
83
299
118
128
134
98
78
306
240
116
343
75
156
303
140
92
171
308
242
101
345
84
282
305
390
84
350
251
53
53
236
104
103
63
81
83
175
244
53
53
107
111
102
66
93
76
187
245
46
46
108
204
95
60
101
68
87
216
34
141
115
192
89
58
106
57
118
219
33
140
122
191
108
229
95
46
132
45
45
154
248
251
130
251
61
38
282
107
159
93
131
133
142
265
68
35
288
148
72
191
137
48
355
48
71
32
89
152
71
100
142
100
71
131
78
28
92
159
77
102
78
102
64
293
79
26
92
161
78
102
65
102
252
295
83
23
97
164
193
255
69
306
474
299
314
19
397
166
195
257
365
308
474
301
148
17
398
170
148
401
368
309
143
148
149
6
400
172
149
69
370
311
144
149
139
34
397
161
139
65
360
307
131
136