
0.0249467
0.055347
0.0462085
0.0792005
0.0648071
0.0748051
0.0748051
0.0881109
0.0881109
0.110398
0.0801307
0.112728
0.112728
0.0306239
0.00850061
0.11448
0.142278
0.124579
0.124579
0.126031
0.0329982
0.0220111
0.0440199
0.0440199
0.0221265
0.0333163
0.0662736
0.0332082
0.0661339
0.0439836
0.0433329
0.0541782
0.0535021
0.0535021
0.0968628
0.0504204
0.0504204
0.0504204
0.0450383
0.111127
0.0808301
0.0794906
0.268585
0.246906
0.0327007
0.0143033
0.0241085
0.0270172
0.0270172
0.0299459
0.0381082
0.0381082
0.0405314
0.0653559
0.0487358
0.0487358
0.0502784
0.0584818
0.0596334
0.0846934
0.0237538
0.0948425
0.101324
0.105631
0.0713575
0.0764868
0.0480348
0.0611287
0.0495471
0.0136558
0.0213159
0.0273722
0.0332145
0.0332145
0.0418777
0.0418777
0.0656858
0.0473797
0.0693427
0.0668461
0.0619182
0.0619182
0.0773363
0.0714512
0.0764538
0.066
0.0225962
0.0388426
0.0163536
0.0235356
0.0139852
0.00999567
0.0327406
0.0270183
0.00694984
0.00655429
0.00648021
0.0156936
0.0271844
0.0510896
0.0184435
0.0425338
0.045876
0.045876
0.0146987
0.0375923
0.0188207
0.0414052
0.108075
0.0422131
0.0629409
0.0338481
0.0660423
0.0748612
0.0515824
0.0720448
0.078365
0.041755
0.026918
0.0147009
0.0220185
0.0298133
0.0415986
0.00729175
0.0381569
0.0348042
0.0143327
0.0143327
0.0150764
0.0217203
0.0660007
0.0173848
0.0158083
0.0165572
0.0165572
0.028324
0.0193794
0.00648667
0.0252265
0.0139528
0.0127521
0.0408689
0.013785
0.0226202
0.0584335
0.0282139
0.0517287
0.033979
0.0452163
0.0290875
0.0290875
0.0345374
0.0345374
0.0307802
0.137686
0.113487
0.121253
0.109128
0.117206
0.0939847
0.113399
0.113399
0.0979472
0.117146
0.00502309
0.0292957
0.00997082
0.0124379
0.0159644
0.0144794
0.036408
0.00686318
0.0319721
0.0531691
0.0115618
0.0053359
0.0660008
0.0156173
0.0052276
0.0192942
0.0124195
0.0160178
0.0160178
0.0231155
0.014223
0.020104
0.0181422
0.0197992
0.0197174
0.0204735
0.0230274
0.0402065
0.0160944
0.0361147
0.0169132
0.0169132
0.0109788