
2e-06
1e-06
1e-06
1e-06
2e-06
1e-06
1e-06
1e-06
2e-06
1e-06
1e-06
1e-06
1e-06
1e-06
1e-06
1e-06
2e-06
1e-06
1e-06
1e-06
1e-06
1e-06
1e-06
1e-06
1e-06
1e-06
1e-06
1e-06
1e-06
1e-06
1e-06
1e-06
2e-06
1e-06
1e-06
1e-06
1e-06
1e-06
1e-06
1e-06
1e-06
1e-06
1e-06
1e-06
1e-06
1e-06
2e-06
1e-06
1e-06
1e-06
1e-06
1e-06
2e-06
4e-05
7e-06
2e-06
2.6e-05
4e-06
3e-06
3e-06
3e-06
2e-06
2e-06
1e-06
4e-06
3e-06
2e-06
2e-06
2e-06
2e-06
3e-06
2e-06
3e-06
3e-06
6e-06
0.021527
0.02148
0.021306
0.021562
0.0217
0.021902
0.021589
0.015797
0.014429
0.023555
0.020325
0.020213
0.020217
0.028347
0.022535
1e-06
2e-06
2e-06
3e-06
3e-06
1e-06
2e-06
1e-06
1e-06
3e-06
1e-06
1e-06
1e-06
1e-06
1e-06
3e-06
0.024966
0.015902
0.016259
0.038295
0.016266
0.016483
0.015967
0.016489
0.016898
0.01772
0.022441
0.016129
0.015868
0.020591
0.024747
0.084902
0.022808
0.021895
0.055922
0.067002
0.026606
0.014886
0.015212
0.016646
0.017074
0.016964
1e-06
0.040348
1e-06
7e-06
3e-06
2e-06
3e-06
2e-06
1e-06
2e-06
0.018633
0.018804
0.018772
0.057652
0.066987
0.023698
0.056117
0.02716
0.018585
0.016402
0.021476
0.018306
0.017668
0.060671
0.023625
0.035166
0.023161
0.035596
0.067759
0.05
0.021957
0.022059
1e-06
1e-06
1e-06
3e-06
2e-06
1e-06
4e-06
1e-06
2e-06
2e-06
1e-06
3e-06
0.039147
0.013952
0.018574
0.057737
0.034742
0.044455
0.020961
0.041903
0.02092
0.021679
0.021664
0.018453
0.018045
0.018764
0.057677
0.019689
0.017713
0.01843
0.01873
0.022236
0.021969
0.022525
0.02258
0.022244
0.02195
0.020457
0.020713
0.020556
0.019983
2e-06
1e-06
2e-06
2e-06
2e-06
2e-06
1e-06
2e-06
7e-06
1e-06
3e-06
2e-06
1e-06
4e-06
1e-06
4e-06
2e-06
0.025406
0.027545
0.027223
0.067036
0.03392
0.020316
0.02029
0.020073
0.020523
0.020408
0.020758
0.019205
0.019292
0.019193
0.06417
0.020027
0.020197
0.019571
0.017751
0.01656
0.02109
0.018665
0.067196
0.043699
0.031058
0.031329
0.088471
0.05339
0.058808
0.013595
0.013685
0.029996
0.014006
0.01362
0.014377
0.08204
0.035113
0.069596
0.022785
0.024529
0.020886
0.016896
0.016348
0.016239
0.044443
0.016604
0.017344
0.025962
0.080978
0.058334
0.031836
0.01813
0.017297
0.016558
0.017528
0.017368
0.025603
0.016829
0.018467
0.017409
0.05911
0.016586
0.0185
0.019985
0.019826
0.019854
0.018764
0.017661
0.015523
0.025013
0.028327
0.075785
0.018554
0.017423
0.01823
0.065341
0.020312
0.039867
0.020231
0.020111
0.021071
0.021179
0.020616
0.020491
0.019514
0.019542
0.037303
0.019128
0.019307
0.030849
0.018763
0.060148
0.069022
0.025469
0.018555
0.017372
0.042485
0.052456
0.058541
0.02581
0.019284
0.016619
0.014479
0.037746