
0.007778
0.010601
0.033142
0.011492
0.012292
0.018607
0.014582
0.011706
0.016517
0.014656
0.028855
0.008459
0.029759
0.022627
0.022635
0.023543
0.023364
0.012682
0.025651
0.009515
0.033259
0.021745
0.02256
0.045177
0.033378
0.073206
0.05097
0.078405
0.012025
0.017626
0.021916
0.028075
0.012222
0.005839
0.011757
0.011581
0.016529
0.011691
0.014742
0.06054
0.017965
0.015442
0.023109
0.023814
0.010604
0.005456
0.013012
0.071882
0.012372
0.066507
0.023006
0.023021
0.006399
0.006622
0.012741
0.021139
0.020598
0.013292
0.012875
0.014774
0.013419
0.023835
0.054011
0.014513
0.055653
0.014237
0.06166
0.055007
0.014131
0.012744
0.027556
0.064799
0.01313
0.012694
0.022627
0.015465
0.012881
0.010641
0.041262
0.013165
0.05414
0.013765
0.013983
0.012593
0.013219
0.014562
0.012949
0.015251
0.015175
0.006302
0.01398
0.01292
0.012754
0.071306
0.021096
0.019578
0.051935
0.017722
0.057778
0.022204
0.078183
0.010297
0.037448
0.010353
0.008055
0.007916
0.007196
0.007178
0.012245
0.013386
0.014193
0.014012
0.013824
0.01532
0.013128
0.013214
0.013299
0.012383
0.015706
0.051703
0.070995
0.005762
0.058998
0.060971
0.015831
0.010321
0.010967
0.054043
0.010591
0.056027
0.069932
0.005407
0.053955
0.018646
0.016654
0.005652
0.056378
0.01283
0.007314
0.05493
0.010891
0.027355
0.012212
0.012555
0.019099
0.013144
0.006008
0.011419
0.01351
0.014085
0.013305
0.035158
0.05143
0.053085
0.021073
0.016395
0.011087
0.044354
0.01419
0.007017
0.006496
0.006432
0.012667
0.054872
0.012109
0.012
0.011919
0.05575
0.022423
0.012121
0.056558
0.004872
0.049403
0.020837
0.01341
0.052369
0.010472