
2.69479
2.68847
2.63354
2.64044
2.64044
2.64044
2.64265
2.63354
2.69419
2.69419
2.64044
2.64044
2.63354
2.63308
2.63308
2.64044
2.63386
2.62725
2.62725
2.62575
2.70331
2.70331
2.73915
2.54426
2.54213
2.5379
2.5172
2.5094
2.61557
2.60304
2.54859
2.4394
2.39977
2.39181
2.39181
2.29395
2.25414
2.19394
2.11316
2.11388
2.0863
2.08126
2.08291
2.04512
2.00925
2.00925
2.3344
2.28293
2.29559
2.28336
2.18273
2.17664
2.18211
2.06605
2.07735
1.97832
2.03688
2.0261
2.02947
1.99872
1.97678
2.00527
1.91848
1.87186
1.85476
1.83531
1.80288
1.87062
1.84875
1.75448
1.75448
1.81585
1.80564
1.81498
1.78357
1.78028
1.73367
1.71777
1.62983
1.59979
1.59979
1.53864
1.53864
1.49865
1.61651
1.46719
1.51276
1.4934
1.48767
1.45035
1.44301
2.91682
2.96999
2.90215
2.90215
2.67702
2.59356
2.59356
2.44915
2.46286
2.40116
2.39241
2.3015
2.285
2.23395
1.98535
1.96142
1.81021
1.8128
1.8128
1.77756
1.74984
1.73873
1.67069
1.65866
1.66462
1.68698
1.66493
1.58626
1.57571
1.5657
1.53491
1.45811
1.44015
1.43167
1.43167
1.39809
1.39809