
0.00089
0.000935
0.001096
0.001
0.001286
0.00092
0.000972
0.001303
0.00098
0.001095
0.000934
0.000943
0.000989
0.000943
0.001084
0.001063
0.001031
0.000916
0.001122
0.001083
0.000966
0.001036
0.000939
0.00107
0.001073
0.000982
0.001068
0.000844
0.00103
0.001192
0.00106
0.000865
0.000941
0.001044
0.001
0.000956
0.001067
0.000853
0.000914
0.001032
0.000965
0.000982
0.000893
0.000857
0.000805
0.00101
0.001137
0.001085
0.001334
0.001139
0.000903
0.001016
0.001148
0.001204
0.001343
0.001129
0.001204
0.001314
0.00143
0.001431
0.001638
0.00167
0.00166
0.001672
0.001252
0.001288
0.00155
0.001548
0.001668
0.001162
0.001728
0.001095
0.001582
0.001543
0.001375
0.001153
0.001198
0.001337
0.001225
0.001067
0.001263
0.001042
0.001054
0.001418
0.001147
0.001247
0.001018
0.001075
0.000941
0.00114
0.001669
0.00146
0.001366
0.001228
0.00131
0.000997
0.001081
0.001139
0.001068
0.000904
0.000953
0.00205
0.000859
0.00104
0.002379
0.00103
0.001013
0.001038
0.001403
0.001277
0.001169
0.001149
0.001095
0.001252
0.000977
0.001039
0.001301
0.000973
0.001213
0.001097
0.000996
0.001122
0.000968
0.00115
0.000988
0.00086
0.001362
0.001016
0.000863
0.000978
0.000939
0.001551
0.00122
0.001137
0.001079
0.000998
0.001212
0.001243
0.001278
0.001413
0.001125
0.000906
0.001254
0.000969
0.001014
0.000904
0.000816
0.001301
0.000874
0.000839
0.000986
0.001206
0.001084
0.000877
0.000925
0.003566
0.002609
0.000991
0.00128
0.001069
0.000999
0.00124
0.00104
0.002404
0.00086
0.00135
0.000841
0.001014
0.001512
0.001176
0.001447
0.001779
0.001563
0.000977
0.000989
0.00107
0.001124
0.002657
0.001195
0.001001
0.001545
0.001045
0.00097
0.001116
0.001227
0.001499
0.001212
0.004445
0.000944
0.000887
0.001314
0.002056
0.001846
0.001159
0.001219
0.000928
0.001175
0.001008
0.001259
0.001268
0.001302
0.001039
0.001181
0.000847
0.000972
0.001745
0.001131
0.002628
0.003207
0.001239
0.000978
0.001008
0.000902
0.000922
0.002028
0.001615
0.00108
0.00112
0.00108
0.001479
0.001827
0.001091
0.000985
0.001334
0.001033
0.001107
0.000922
0.000941
0.000892
0.001001
0.001168
0.001367
0.001068
0.001406
0.001017
0.001911
0.000924
0.001436
0.001145
0.001201
0.001527
0.000933
0.00101
0.001396
0.000955
0.000948
0.000891
0.00094
0.001274
0.00388
0.001036
0.000992
0.001564
0.002779
0.001029
0.00097
0.001309
0.001622
0.001136
0.001265
0.000935
0.00099
0.000998
0.001237
0.001011
0.001031
0.001276
0.001081
0.001562
0.00095
0.001235
0.001639
0.00127
0.000739
0.000988
0.000957
0.002995
0.000962
0.001063
0.000936
0.000995
0.003466
0.002122
0.001749
0.001701
0.001175
0.000967
0.001915