
0.005601
0.004964
0.005213
0.004813
0.004961
0.008097
0.005285
0.010919
0.004484
0.010759
0.004175
0.005629
0.004488
0.006684
0.009668
0.010059
0.005597
0.0053
0.0103
0.008209
0.005742
0.009063
0.008954
0.004628
0.010793
0.003974
0.007593
0.005157
0.004153
0.00629
0.006222
0.00345
0.006086
0.008522
0.004299
0.005881
0.007566
0.006669
0.009801
0.009579
0.005262
0.006244
0.004529
0.00573
0.004476
0.005232
0.006279
0.006517
0.00645
0.004718
0.006647
0.006176
0.011815
0.012511
0.006067
0.004113
0.005438
0.005467
0.010934
0.014495
0.00875
0.006358
0.011676
0.020177
0.005293
0.006463
0.005709
0.008725
0.010681
0.006228
0.009559
0.005672
0.006938
0.014392
0.01293
0.004782
0.004159
0.00539
0.005371
0.005686
0.010608
0.007683
0.006294
0.010719
0.011421
0.005563
0.00575
0.01316
0.004656
0.01783
0.017126
0.006921
0.01765
0.01223
0.022984
0.005019
0.00448
0.015467
0.012919
0.005313
0.004689
0.026884
0.005369
0.005431
0.038892
0.011441
0.004147
0.004291
0.005429
0.012622
0.018499
0.005034
0.009578
0.009251
0.004113
0.011293
0.005253
0.004153
0.005162
0.00539
0.008002
0.007475
0.00453
0.013683
0.008061
0.004207
0.007987
0.004947
0.009208
0.004906
0.004694
0.010426
0.004231
0.00973
0.017373
0.003657
0.003937
0.005753
0.005119
0.0052
0.009963
0.004766
0.005252
0.009191
0.005169
0.004951
0.007323
0.011428
0.00497
0.00489
0.004093
0.00839
0.014552
0.005012
0.009327
0.011662
0.030811
0.005028
0.012859
0.009797
0.014874
0.008442
0.01071
0.010283
0.008202
0.011303
0.003768
0.004707
0.013512
0.007644
0.007951
0.009858
0.019607
0.003659
0.004913
0.013514
0.005955
0.018288
0.010537
0.005164
0.007169
0.00535
0.004918
0.00767
0.013698
0.021569
0.006364
0.021639
0.004916
0.010953
0.008867
0.035276
0.026535
0.007672
0.004982
0.012467
0.00769
0.003762
0.005743
0.013255
0.007992
0.003514
0.013183
0.003337
0.004157
0.02612
0.008623
0.038472
0.012799
0.004489
0.005463
0.004918
0.005494
0.003617
0.009665
0.005998
0.004542
0.005312
0.014478
0.006416
0.026053
0.010771
0.00419
0.016932
0.011335
0.013555
0.01153
0.011263
0.004189
0.004539
0.015577
0.014464
0.010527
0.018286
0.013721
0.013029
0.005376
0.005949
0.004292
0.019352
0.007248
0.01354
0.01429
0.00956
0.012441
0.011696
0.012591
0.009338
0.007337
0.046775
0.004749
0.013238
0.004685
0.045032
0.013924
0.003242
0.017816
0.022678
0.006679
0.017694
0.002496
0.003829
0.007282
0.014517
0.00915
0.009394
0.013833
0.010928
0.015054
0.003754
0.010152
0.009191
0.020939
0.002039
0.004358
0.005102
0.00959
0.002339
0.008813
0.006674
0.005388
0.016617
0.013631
0.017113
0.010609
0.007238
0.003761
0.026377