
0.0282843
0.060498
0.0557217
0.0716633
0.0958355
0.0958355
0.0849955
0.0739076
0.0525574
0.0126075
0.0245173
0.0257804
0.0575245
0.107752
0.109486
0.119635
0.0353582
0.0132115
0.0126334
0.0126334
0.0346065
0.0248702
0.0311036
0.0507523
0.0587187
0.0726348
0.0678677
0.0689445
0.0689445
0.0752611
0.17315
0.19444
0.201816
0.178639
0.184964
0.173383
0.178983
0.178983
0.139363
0.00936837
0.00461821
0.0214085
0.189777
0.179678
0.187653
0.181923
0.181923
0.189605
0.210791
0.211769
0.19858
0.19858
0.243699
0.200232
0.213317
0.206844
0.213543
0.099
0.0311139
0.0167458
0.0474255
0.0147882
0.0203224
0.013839
0.0870634
0.0445513
0.00672114
0.0397907
0.0397907
0.047852
0.0429714
0.0509042
0.0509042
0.00176183
0.0137174
0.0437656
0.0233767
0.0486486
0.0156016
0.0180519
0.0205427
0.061888
0.00176728
0.00626541
0.0142403
0.0474142
0.0360555
0.0158251
0.0713327
0.0713327
0.0511
0.0245383
0.0137545
0.044834
0.0193939
0.0200126
0.0200126
0.0463035
0.0778815
0.0314008
0.0278964
0.00632453
0.0192185
0.0270791
0.0323908
0.0115289
0.0989857
0.0433029
0.0134704
0.0208155
0.0279507
0.0989969
0.0224061
0.0553071
0.0246596
0.0154652
0.0192613
0.0265816
0.0265816
0.0210988
0.0402946
0.0145841
0.00913432
0.00412023
0.00999859
0.0108216
0.0108216
0.0435896
0.00856391
0.0532474
0.0145806
0.0475728
0.035444
0.0305943
0.00127296
0.00127296
0.00662602
0.0395611