
2e-06
1e-06
1e-06
1e-06
4e-06
1e-06
1e-06
1e-06
2e-06
1e-06
1e-06
1e-06
1e-06
1e-06
1e-06
1e-06
2e-06
1e-06
2e-06
1e-06
1e-06
1e-06
1e-06
1e-06
1e-06
1e-06
1e-06
1e-06
1e-06
1e-06
1e-06
1e-06
2e-06
1e-06
1e-06
1e-06
1e-06
1e-06
1e-06
1e-06
1e-06
1e-06
1e-06
1e-06
1e-06
1e-06
1e-06
1e-06
1e-06
0
1e-06
1e-06
1e-06
1e-06
1e-06
1e-06
1e-06
1e-06
1e-06
2e-06
1e-06
2e-06
1e-06
1e-06
5.5e-05
1e-06
1e-06
1e-06
1e-06
2e-06
1e-06
1e-06
1e-06
2e-06
2e-06
0.022679
0.022064
0.021524
0.018259
0.018128
0.022044
0.020472
0.020586
0.025388
0.027627
0.028251
0.027111
0.031956
1e-06
2e-06
3e-06
3e-06
3e-06
2e-06
1e-06
1e-06
1e-06
1e-06
1e-06
2e-06
2e-06
5e-06
0.026928
0.038817
0.070779
0.024392
0.022419
0.022555
0.02249
0.024684
0.021843
2e-06
2e-06
2e-06
2e-06
2e-06
4e-06
2e-06
0.021156
0.019094
2e-06
2e-06
2e-06
2e-06
2e-06
2e-06
2e-06
2e-06
9.6e-05
2e-06
2e-06
0.022644
0.024312
0.02418
0.01793
0.016785
0.020603
0.022269
0.022233
0.022206
0.018507
0.020226
0.021401
0.017773
0.017938
2e-06
1e-06
2e-06
1e-06
1e-06
6e-06
2e-06
1e-06
1e-06
1e-06
2e-06
5e-06
1e-06
2e-06
1e-06
1e-06
1e-06
2e-06
4e-06
1e-06
0.017055
0.017378
0.017346
0.024321
2e-06
2e-06
4e-06
3e-06
2e-06
1e-06
2e-06
2e-06
3e-06
2e-06
2e-06
3e-06
1e-06
1e-06
2e-06
2e-06
2e-06
2e-06
3e-06
2e-06
1e-06
1e-06
4e-06
0.053226
0.017042
0.017827
0.012496
0.014405
0.014542
0.036014
0.02057
0.014401
0.014473
0.036432
0.017189
0.017885
0.058777
0.022224
0.082462
0.075545
0.022098
0.022347
0.017965
0.016627
0.016941
0.071855
0.022096
0.017627
0.012628
0.014572
0.057179
0.060139
0.020185
0.018142
0.040637
0.025604
0.025621
0.025597
0.027734
0.029677
0.025336
0.022876
0.036701
0.023286
0.062562
0.028621
0.068426
0.024474
0.064989
0.032585
0.022554
0.063953
0.019038
0.01972
0.029743
0.023611
0.019737
0.019555
0.019768
0.085573
0.074734
0.023891
0.034572
0.061897
0.074703
0.023836
0.024794
0.023244
0.066175
0.02327
0.036886
0.025358
0.026268
0.023941
0.02413
0.024378
0.025048
0.023834
0.036202
0.026844
0.023731
0.012592
0.052012
0.018214
0.016294
0.021251
0.016995
0.013323
0.01312
0.014713
0.012627
0.012767
0.076009
0.067713
0.057842
0.022913
0.013745
0.013434
0.077614