
0.008166
0.00754
0.007347
0.007062
0.00729
0.012886
0.007663
0.015897
0.006761
0.016015
0.006307
0.007979
0.006685
0.009237
0.013675
0.014183
0.008033
0.00745
0.013656
0.011411
0.008389
0.012015
0.011981
0.006118
0.015804
0.005999
0.012118
0.007581
0.006426
0.009092
0.008217
0.005425
0.008737
0.013117
0.006514
0.008502
0.011608
0.009394
0.013015
0.014114
0.007573
0.008916
0.005953
0.008211
0.006403
0.007634
0.009136
0.009253
0.008889
0.006847
0.008891
0.008807
0.017317
0.018162
0.009546
0.007052
0.008778
0.009015
0.018357
0.0202
0.01237
0.010818
0.019831
0.029208
0.009254
0.010395
0.008986
0.013078
0.019462
0.010318
0.014852
0.008869
0.011855
0.020301
0.017353
0.033828
0.031582
0.03261
0.0289
0.029731
0.045372
0.034542
0.03347
0.040267
0.043807
0.037018
0.036619
0.051882
0.007092
0.024456
0.024902
0.011504
0.023729
0.018616
0.069311
0.00845
0.006976
0.022022
0.023147
0.011651
0.010472
0.046175
0.035556
0.04728
0.117215
0.048973
0.031653
0.03133
0.033725
0.04696
0.05559
0.011201
0.022722
0.019208
0.008867
0.02036
0.009186
0.009124
0.029557
0.026876
0.011617
0.016412
0.007065
0.017598
0.013831
0.00668
0.017653
0.012208
0.018554
0.009973
0.010716
0.037846
0.031155
0.038376
0.042671
0.022716
0.027502
0.031237
0.030554
0.030728
0.032068
0.030328
0.028843
0.037051
0.026179
0.007441
0.010949
0.015238
0.007178
0.01151
0.007136
0.018039
0.019583
0.010269
0.013006
0.015011
0.037088
0.01191
0.017605
0.016011
0.027785
0.01187
0.019162
0.020244
0.01105
0.032226
0.025782
0.024429
0.040873
0.011064
0.010624
0.014626
0.026622
0.005386
0.007476
0.02012
0.009143
0.023865
0.014336
0.007538
0.010688
0.008046
0.007506
0.015048
0.018854
0.029419
0.010054
0.027219
0.009452
0.018282
0.016566
0.064002
0.092037
0.02826
0.025471
0.028915
0.025582
0.020249
0.044584
0.037908
0.026872
0.019562
0.053938
0.022038
0.024184
0.094132
0.034474
0.136712
0.108656
0.030538
0.033984
0.029017
0.026245
0.025105
0.095132
0.036913
0.024557
0.023417
0.039206
0.067724
0.105531
0.039368
0.024694
0.07197
0.045008
0.049441
0.044723
0.046876
0.038468
0.035904
0.052321
0.060938
0.04083
0.0935
0.051218
0.097695
0.034435
0.077938
0.041354
0.056683
0.080228
0.040989
0.044927
0.048844
0.042914
0.040632
0.039789
0.035125
0.102661
0.136537
0.033902
0.055878
0.073089
0.138646
0.046083
0.031893
0.052222
0.102951
0.03273
0.068151
0.030843
0.034376
0.038706
0.047056
0.04182
0.040488
0.046175
0.054826
0.051197
0.03175
0.031915
0.072468
0.056467
0.020838
0.031718
0.029058
0.028333
0.018004
0.032701
0.023455
0.020603
0.098069
0.088542
0.080853
0.037561
0.023593
0.018848
0.110677