
1.51639e+09
0.009664
0.008991
0.00875
0.008522
0.008639
0.014241
0.009052
0.017287
0.008126
0.01738
0.007631
0.009354
0.008077
0.010594
0.015027
0.015551
0.009379
0.008824
0.015151
0.012903
0.009893
0.01346
0.013546
0.00766
0.017369
0.007488
0.01348
0.00898
0.007772
0.010442
0.009566
0.006604
0.010022
0.014241
0.007556
0.009594
0.012619
0.010478
0.014282
0.015402
0.008832
0.010221
0.007256
0.009449
0.007636
0.008837
0.010358
0.010534
0.010163
0.008147
0.011341
0.056018
0.056162
0.051624
0.048819
0.049323
0.049311
0.055326
0.049989
0.050527
0.049802
0.050262
0.049295
0.04896
0.0489
0.049688
0.047929
0.054112
0.049332
0.050627
0.045339
0.055672
0.049604
0.047968
0.200393
0.065307
0.062869
0.05657
0.053218
0.060146
0.062801
0.053321
0.149102
0.072541
0.076173
0.069004
0.108377
0.071834
0.05289
0.107222
0.107238
0.053887
0.070911
0.095437
0.112235
0.022384
0.049105
0.234639
0.051149
0.051128
0.085008
0.08438
0.100544
0.078206
0.311335
0.108008
0.056741
0.056694
0.09567
0.072596
0.120076
0.028601
0.0497
0.229312
0.033398
0.050111
0.051992
0.0511
0.053793
0.051685
0.041169
0.050189
0.068273
0.046744
0.027805
0.051555
0.192721
0.042588
0.050469
0.049537
0.051242
0.070546
0.062415
0.057729
0.059951
0.038134
0.127849
0.062248
0.061436
0.053176
0.054589
0.057597
0.04854
0.056841
0.04607
0.011925
0.055002
0.047549
0.052349
0.048742
0.04982
0.047985
0.05064
0.048444
0.052522
0.098768
0.052439
0.05134
0.221018
0.02226
0.098169
0.070388
0.095148
0.041359
0.041898
0.1312
0.041715
0.090479
0.060447
0.016469
0.077189
0.04009
0.042655
0.020387
0.052224
0.050539
0.053218
0.050835
0.046763
0.068011
0.030216
0.049608
0.05063
0.050264
0.050708
0.049957
0.041709
0.200476
0.013352
0.063393
0.089922
0.203663
0.14983
0.042357
0.036137
0.032096
0.04518
0.11325
0.06067
0.04903
0.038831
0.116825
0.067072
0.050397
0.049661
0.105131
0.266914
0.197585
0.13733
0.045691
0.048131
0.047955
0.044215
0.249543
0.120662
0.055408
0.034915
0.049885
0.053177
0.085176
0.120582
0.045896
0.256847
0.08926
0.061764
0.066604
0.063489
0.065233
0.046537
0.043538
0.272981
0.077224
0.056892
0.117514
0.059943
0.302912
0.049352
0.100945
0.056476
0.071674
0.227897
0.054612
0.097829
0.067693
0.056504
0.054135
0.05351
0.101466
0.112193
0.300006
0.097897
0.070123
0.107701
0.157372
0.06204
0.195377
0.104671
0.118369
0.091852
0.076169
0.285529
0.050582
0.054994
0.062551
0.057784
0.055254
0.103419
0.075187
0.058176
0.160566
0.042043
0.086264
0.067536
0.070505
0.043244
0.038594
0.042024
0.050412
0.153617
0.02563
0.101812
0.165345
0.149385
0.096327
0.048188
0.046278
0.094164