
0.00093
0.004461
0.010554
0.012155
0.010855
0.010317
0.009078
0.013977
0.013957
0.01442
0.014121
0.014518
0.013793
0.012354
0.012158
0.011954
0.009499
0.013498
0.012941
0.013537
0.008057
0.01434
0.013845
0.012202
0.024592
0.02445
0.02424
0.017507
0.017987
0.023772
0.010904
0.011162
0.025302
0.026067
0.025981
0.025797
0.065499
0.013575
0.01571
0.07311
0.071448
0.032221
0.039057
0.068527
0.035941
0.006973
0.006801
0.021277
0.020743
0.021617
0.055827
0.024123
0.056099
0.021342
0.010548
0.052434
0.018651
0.018489
0.055181
0.018336
0.057192
0.009454
0.009095
0.018853
0.018825
0.01877
0.020431
0.02146
0.018112
0.018989
0.018342
0.01805
0.035541
0.023583
0.008337
0.012311
0.024619
0.024283
0.025197
0.024113
0.024952
0.025813
0.024675
0.01295
0.012211
0.010586
0.023007
0.026236
0.025592
0.017479
0.017404
0.022452
0.015297
0.015476
0.01561
0.01923
0.018773
0.020808
0.019489
0.019295
0.017555
0.018287
0.016652
0.018695
0.062971
0.008727
0.009544
0.011712
0.046727
0.051129
0.05909
0.013462
0.005062
0.010676
0.011122
0.051226
0.013527
0.054787
0.017354
0.011122
0.008799
0.010606
0.011088
0.013629
0.014646
0.011839
0.02471
0.010547
0.010072
0.010021
0.01028
0.01095
0.011051
0.002699
0.008109
0.011715
0.050425
0.004411
0.048733
0.009283
0.006977
0.007607
0.064722
0.010843
0.007518
0.058601
0.009238
0.008922
0.008693
0.003329
0.055567
0.053187
0.014032
0.010186
0.009325
0.008504
0.002613
0.052082
0.015486
0.012014
0.006827
0.008269
0.009363
0.011218
0.004455
0.002255
0.05345
0.011782
0.011692
0.012
0.012475
0.01271
0.002931
0.00282
0.021294
0.010991
0.010769
0.016007
0.00323
0.011439
0.010317
0.015886
0.01037
0.010387
0.004412
0.009527
0.048624
0.012644
0.0094
0.00932
0.00947
0.059722
0.003375
0.01106
0.058302
0.010041
0.023534
0.01291
0.011334
0.010627
0.047957
0.010839
0.051672
0.003016
0.020006
0.010961
0.011927
0.011111
0.011499
0.010557
0.052408
0.01474
0.002604
0.007189
0.009597
0.007764
0.023086
0.008142
0.006649
0.002143
0.002238
0.006464
0.050521
0.058159
0.054764
0.011188
0.007495
0.006514
0.049807
0.049956