
28
11
16
148
16
94
58
16
33
11
95
25
20
21
25
14
35
18
33
308
395
89
167
158
224
115
111
403
294
115
430
224
167
500
186
129
108
115
290
49
50
46
45
49
59
49
46
49
42
49
82
35
99
120
143
376
53
78
26
42
33
93
53
43
53
31
43
44
24
24
31
54
94
24
77
32
22
52
53
17
58
19
17
39
87
45
70
39
14
12
87
19
17
109
114
247
131
80
119
403
80
119
67
86
14
57
14
82
71
16
14
73
15
73
68
76
13
24
369
57
360
359
264
29
29
142
100
128
256
45
104
119
133
104
128
194
312
128
133
66
133
37
430
43
273
210
338
117
303
58
52
58
49
112
14
97
49
53
53
20
20
49
191
49
48
220
319
98
69
244
138
138
84
84
206
98
95
123
132
128
341
192
69
128
60
84
49
378
378
123
94
315
84
49
64
40
45
95
54
79
43
49
51
64
45
40
64
79
53
53
29
68
84
71
68
29
109
84
258
85
139
84
406
112
83
85
84
112
258
85
112
83
430
83
75
398
142
52
52
35
28
80
41
64
53
52
64
67
65
28
50
34
35
14
44
44
31
20
53
63
56
45
44
7
22
44
57
46
58
54
58
59
37
40
413
29
13
56
405
52
52
40
41
56
67
51
73
23
49
22
40
51
63
33
18
60
60
55
45
45
45
33
55
92
45
45
55
77
28
40
56
56
53
40
40
40
28
53
14
25
23
70
38
24
20
15
46
15
8
31
31
31
20
31
21
47
21
30
31
48
20
32
64
32
11
14
24
39
50
24
15
24
24
58
24
14
33
40
23
36
23
24
58
19
33
74
19
137
19
18
19
18
21
36
34
19
137
34
19
34
15
15
26
74
15
40
15
39
15
13
14
78
23
55
17
18
18
18
13
15
14
21
46
46
72
46
46
15
53
89
46
46
80
21
45
70
15
22
126
73
74
9
154
197
231
81
251
77
95
77
11
95
74
113
308
125
194
24
470