
0.037482
0.004092
0.0035
0.003624
0.003314
0.003218
0.003057
0.003134
0.00378
0.003968
0.004301
0.00304
0.003036
0.005469
0.002882
0.004084
0.003025
0.005091
0.004282
0.003053
0.004461
0.003232
0.003976
0.003936
0.008123
0.003074
0.003031
0.004168
0.007071
0.00707
0.00309
0.003831
0.004488
0.002653
0.002645
0.00297
0.0037
0.002756
0.004397
0.004452
0.002327
0.004476
0.003708
0.002725
0.002891
0.00424
0.003059
0.002511
0.005025
0.007836
0.004471
0.002879
0.003746
0.004581
0.00315
0.004202
0.003194
0.003665
0.004447
0.004722
0.004428
0.003091
0.005186
0.004453
0.005006
0.004109
0.004936
0.00474
0.004092
0.002624
0.003667
0.003624
0.003527
0.004665
0.011647
0.006212
0.004106
0.003668
0.004987
0.010767
0.005227
0.003547
0.00455
0.003652
0.006211
0.004138
0.003685
0.004506
0.006758
0.003962
0.004653
0.011387
0.010381
0.044021
0.003119
0.001694
0.001152
0.002963
0.001567
0.002325
0.002417
0.001809
0.002872
0.001618
0.00316
0.002311
0.002623
0.001854
0.003597
0.001813
0.00368
0.00173
0.004065
0.002164
0.003211
0.005088
0.001818
0.003095
0.005953
0.001912
0.004642
0.002748
0.049112
0.008355
0.009109
0.003914
0.004101
0.004139
0.006484
0.003239
0.004293
0.010378
0.013713
0.00472
0.014605
0.005625
0.00391
0.012915
0.005964
0.003536
0.002952
0.003393
0.009319
0.053449
0.003444
0.004258
0.001997
0.001654
0.003346
0.001964
0.003319
0.00215
0.003272
0.002983
0.010518
0.00435
0.003835
0.002246
0.003357
0.002749
0.022291
0.007157
0.004033
0.003721
0.033705
0.050204
0.003416
0.001955
0.001827
0.002171
0.002608
0.002492
0.003241
0.002196
0.003614
0.002765
0.005502
0.003667
0.003368
0.002197
0.002732
0.001945
0.002865
0.00179
0.003629
0.002788
0.010058
0.00356
0.011635
0.003434
0.002295
0.001987
0.003406
0.002274
0.004248
0.003275
0.003173
0.002154
0.003648
0.003454
0.0026
0.040215
0.001882
0.00306
0.001384
0.001496
0.003038
0.002529
0.001814
0.002485
0.00297
0.001691
0.002813
0.001641
0.009059
0.002855
0.003534
0.001454
0.002839
0.001785
0.003459
0.003794
0.006231
0.002571
0.002925
0.003033
0.003109
0.011192
0.003106
0.003065
0.003004
0.005798
0.003742
0.042265
0.001757
0.003218
0.0013
0.002379
0.002404
0.00172
0.001719
0.001686
0.003458
0.002328
0.007443
0.002728
0.003471
0.001518
0.00328
0.001991
0.007765
0.002723
0.007514
0.00808
0.005669
0.002403
0.002457
0.040302
0.003987
0.003426
0.003291
0.008037
0.003432
0.002051
0.003557
0.003956
0.00321
0.003275
0.003716
0.003427
0.005687
0.009155
0.003606
0.003555
0.003452
0.002715
0.003704
0.002627
0.003499
0.011987
0.003681
0.002087
0.007535
0.007339
0.026305
0.003552
0.00331
0.010347
0.048898
0.00347
0.003388
0.003222
0.003365
0.002956
0.00164
0.002971
0.003082
0.003137
0.001812
0.007822
0.001846
0.003239
0.009146
0.002024
0.00317
0.006524
0.008621
0.003516
0.007093
0.005714
0.006634
0.008994
0.046794
0.002607
0.002338
0.003343
0.010872
0.00576
0.005615
0.007272
0.005437
0.010831
0.002364
0.003498
0.005608
0.005233
0.00425
0.014112
0.00843
0.003772
0.004888
0.003964
0.003558
0.005716
0.002704
0.010979
0.011142
0.006227
0.004573
0.010712
0.004417
0.047893
0.003461
0.00187
0.00148
0.003096
0.002193
0.003195
0.002047
0.00205
0.003755
0.003204
0.003459
0.001992
0.009091
0.003267
0.006627
0.0023
0.007885
0.021304
0.004335
0.00473
0.041599
0.001988
0.001705
0.001513
0.001897
0.002342
0.001971
0.001295
0.015734
0.005815
0.005709
0.003325
0.010352
0.003433
0.002195
0.002438
0.003932
0.003869
0.006734
0.002406
0.003372
0.002192
0.010732
0.002215
0.002837
0.02149
0.006478
0.042744
0.002092
0.001899
0.001598
0.001427
0.002076
0.002435
0.001974
0.002137
0.001738
0.001827
0.032411
0.004774
0.008395
0.00737
0.002879
0.0016
0.00393
0.002503
0.003478
0.002875
0.004035
0.001619
0.002413
0.001559
0.03327
0.00218
0.001968
0.001858
0.001195
0.002095
0.003039
0.002119
0.001986
0.001961
0.001243
0.00674
0.005094
0.003894
0.003775
0.003155
0.003696
0.002124
0.011789
0.002826
0.004482
0.021409
0.005795
0.008494
0.002991
0.002934
0.05997
0.00226
0.001834
0.001289
0.002287
0.002323
0.002084
0.002254
0.002156
0.011378
0.0022
0.002275
0.002716
0.009081
0.002733
0.010978
0.003519
0.009445
0.002081
0.009196
0.00211
0.002945
0.001775
0.003088
0.002325
0.008762
0.003732
0.002126
0.00323
0.050057
0.002139
0.001883
0.002256
0.002879
0.002509
0.002098
0.002244
0.002022
0.001946
0.002268
0.011654
0.003856
0.00834
0.002211
0.015062
0.003234
0.011255
0.002429
0.009704
0.008281
0.061713
0.001555
0.001507
0.001803
0.001781
0.002126
0.001798
0.001634
0.001779
0.001499
0.002205
0.003903
0.001239
0.004051
0.002695
0.002754
0.001974
0.003863
0.012205
0.003438
0.001496
0.005139
0.00336
0.046493
0.001683
0.001642
0.001547
0.00174
0.001209
0.001856
0.001544
0.00149
0.001252
0.001316
0.011261
0.002449
0.001883
0.00988
0.001996
0.001681
0.007182
0.00454
0.010037
0.00187
0.009604
0.003269
0.010372
0.002015
0.007512
0.00145
0.005345
0.005165
0.034186
0.005111
0.001907
0.001517
0.05794
0.001915
0.001848
0.001573
0.001722
0.001661
0.001777
0.002039
0.001836
0.003292
0.001802
0.010915
0.003095
0.00284
0.003186
0.032247
0.006424
0.001808
0.004007
0.011116
0.00168
0.002062
0.00144
0.05836
0.001802
0.001652
0.003445
0.001781
0.001797
0.001771
0.001754
0.001252
0.012933
0.001628
0.00186
0.001517
0.00204
0.016834
0.002141
0.002264
0.004997
0.001634
0.012914
0.001787
0.001935
0.00143
0.001501
0.063362
0.00196
0.001677
0.001563
0.00333
0.001554
0.002949
0.001597
0.003269
0.001731
0.001657
0.002581
0.001715
0.005562
0.003554
0.011794
0.002028
0.007075
0.003404
0.007618
0.001819
0.011056
0.001915
0.008964
0.002393
0.01193
0.002078
0.002557
0.001653
0.033115
0.001966
0.001558
0.001396
0.003031
0.003127
0.003344
0.003122
0.002945
0.001622
0.007964
0.003827
0.006505
0.005079
0.004547
0.012912
0.003498
0.003421
0.001205
0.001212
0.003018
0.003012
0.003717
0.003542
0.00597
0.001865
0.00128
0.001323
0.006906
0.004584
0.035605
0.001208
0.004149
0.001155
0.001077
0.003961
0.011747
0.009873
0.013724
0.007949
0.005451
0.002651
0.021852