
67
74
73
148
73
282
306
211
325
74
333
141
63
111
188
179
64
237
403
339
333
256
110
102
337
160
500
110
473
123
339
83
129
98
128
375
450
106
479
82
123
114
123
87
324
369
91
93
392
84
240
111
117
402
122
221
119
73
214
73
104
154
128
256
119
286
162
325
100
64
277
262
306
108
112
69
115
210
196
164
84
244
121
95
98
315
101
216
176
330
107
124
119
319
95
67
97
452
107
82
113
113
108
384
84
71
86
108
109
84
110
110
104
80
80
389
427
73
110
500
102
102
96
72
72
115
420
65
102
42
98
413
92
67
358
405
416
389
98
101
91
72
60
60
358
383
409
382
91
489
86
417
56
56
356
378
404
377
86
490
77
38
46
38
84
369
395
368
77
504
70
296
39
50
382
441
389
362
58
504
58
507
33
150
378
137
507
489
229
33
164
495
26
152
495
143
495
500
227
27
51
231
21
153
152
226
78
152
53
53
73
74
9
154
197
231
81
251
77
95